500
2.790085708801654 3.893063954972444 5.951204355643411
7.837997782832943 9.042304169571098 1.685813470914916
9.41552316764498 5.2623650833760305 0.20868391156165877
6.973830632638147 5.535765936338754 5.0934954844749285
8.737322237479344 5.570645490083994 4.082124459122336
2.5264914233415596 1.0228908487998156 7.3009144703510485
4.504208053358413 2.3612819180384466 6.096089303527513
6.050502095627715 7.122161348436997 3.8452382766397757
0.29070025282928214 9.481169839140765 1.3708517372889562
2.6363334535589282 8.876797668921482 5.985474742421758
8.745105734373235 3.6458946644551804 3.6152736483060925
2.8438701929510266 8.677541232720841 5.799693327641509
3.1642814443945606 3.1385221651030055 5.91700707268133
1.4960639537884997 8.610040271342742 6.384359359772494
4.287124741575011 7.283169508383882 3.72753165650124
9.679894250591726 0.26713380911786366 1.1838183790291232
8.167312039532073 7.652176696295426 1.3475002047367157
4.577745345404312 0.4933206608852645 9.391461466611704
3.3609747752805648 3.087576370252663 5.329617056129411
1.8472448377630775 6.639740047112513 6.923362786689159
9.060230788125246 2.0346053410751286 2.4841920500700807
2.5996393139589666 9.479008524755251 4.505851558073389
9.427870366484363 2.0343643116961148 5.94509218970665
5.999515153805147 1.7160865322607766 5.992253965987417
1.4929904632836086 0.9271933317364169 8.84059654385564
8.705810795411423 6.460753643003002 0.13166023939420857
3.5901565254759404 8.663064524208444 4.8086329327567086
5.380996070902561 9.04931295963454 2.4369459514242933
6.455074662413699 2.328992915521141 5.1238805837868435
2.09180738887326 3.967596989455073 7.460664315733748
7.488049657628418 9.387296130330604 1.8434927552923308
4.313158092755629 0.280122387625771 9.692798356908094
1.1116129571482563 4.013418560606292 8.205548320444196
6.470810579839351 0.28898412143787855 8.34175105895655
0.2629850782251415 5.664186010070654 9.58832488517238
6.68276441938541 6.347954442980223 2.881346051262539
5.495070444430474 4.472487303643135 5.1953234831908075
0.2641556128892475 4.302371131966908 9.305343386962857
6.006003054686823 0.4529595633277106 9.425570029224168
6.391578351832362 6.597637981536714 4.3721761094225045
2.7454854289292085 3.711186901727036 7.2345142982398425
6.345879889674457 0.3022769169305155 6.2135714950653655
1.3200847223564245 9.245075994612435 6.117533403883579
5.1309057118559505 8.434731029529296 3.4280193397258447
0.883142313578432 8.754124571663358 9.264230425356477
3.2135203579122944 2.1251893251378062 7.159819418846122
6.116938615652486 9.38131228965505 2.196990690251577
4.217580469177938 1.2472057058003738 7.098619444004404
2.0701494238386275 3.9685052424246687 7.196874087151809
4.229739204696319 5.947827805275523 4.5331227506005956
5.283858329135426 7.3239083600868256 3.0595191532302457
2.1862447773190783 6.3766837010920705 6.310410462007953
8.651271079574077 5.862247754962241 4.217721177024702
7.964695455509865 9.794533218849574 0.518081609198842
8.78530793514459 5.998908363317351 3.098980752296974
4.072782296203725 8.958398186277691 4.547863310528421
9.4343243973526 4.418071176243962 2.140358407350806
6.491935153245445 6.5880643620011545 3.9090086798553836
2.927455976227637 0.7565648778356993 8.84075254553248
5.1872400520456114 9.473057940956917 1.4786424234808981
0.7674289716215403 9.016447249489476 7.570470728729961
1.2352808794438093 2.494287563777595 9.817957975079295
1.1261336939120974 4.5187674246190035 7.6066838168671085
1.1678119279252854 5.765326851353824 7.561605044107792
5.151373860705964 8.216177188899875 3.196376271742949
8.959737174354899 2.1876426748786217 5.720438024045536
1.3976395687199283 7.324685738439365 6.839539749661819
3.5059283506255428 7.00132447889804 4.859755389208383
8.07154053813348 6.5779193847970845 2.275220585760013
4.818494242259416 9.625655473995874 0.711915007690413
0.2546135583437543 9.645551917118848 7.780530286238187
9.46582030586801 4.131338881766735 2.3295793941429763
1.2798168215038754 7.714140350735779 6.58986295790874
8.07672345925279 0.13401002401579376 8.693360089497492
7.199892091134073 4.26354113465956 4.899634358857208
4.471798728621052 0.9351439566549713 8.426177952176932
0.9785129068718552 5.591157183130541 9.004555772211067
8.823858540568933 6.119084000021472 2.0465623870483975
6.754842447234513 6.332370693977543 4.134103243282088
5.525462255970449 7.644843262130125 2.7117833641035904
6.485398203771421 8.316726849313529 2.0410600357900974
4.614062722018934 9.360179946015165 3.3278193006473167
7.912068464202356 9.817223691443733 0.18201935508568212
9.271511212787942 2.3105579586374936 2.4425268417439714
6.122280797751686 2.341608861645592 5.34420446799933
1.0071215315854918 8.35303116566572 8.730272311968793
2.415641938863704 3.639957009532944 7.40209912782351
7.482268428507323 8.672187548555012 1.8865740247621603
8.556324043545482 2.1944904913298062 5.68054027998134
7.805762388244216 0.27913322603076995 8.666011166972112
1.832426425670838 3.119642859643707 7.996432898204409
0.2041992373425039 6.393153567924898 9.875002734997544
7.604587430379956 0.5494037143419037 6.164019752995581
1.5257899800724788 9.057650436625735 6.34340157003454
0.3209350392620385 9.337676791145391 6.858044746985669
0.12167942134469723 9.061128193654849 8.201533764961999
4.26274971871468 8.22778235231009 3.466392854814509
2.7971728373894402 2.8419783012224307 6.509442764650901
9.531453679683956 3.721870768040388 1.6293845325660388
2.0579802857497658 6.79979400575389 6.3211128998946196
1.9406004372496621 1.485553911592707 7.789667507223708
9.930997798796977 1.0684042729014536 0.2621143810013571
5.039711813998807 9.3831311190578 2.3065433293945485
7.909602213664819 2.9670911205040964 5.008287704656433
8.388836389137161 0.15152650284616342 6.76642742325003
1.2796935949543706 3.5169668125144593 7.76171055641298
3.9121918548974652 5.888501076828339 4.657401024645055
1.569398952373163 3.0299534712871425 8.733224963928393
8.386254306565098 6.3094631872976805 4.294818185815778
4.5946706410601434 0.6139889133544605 7.677331446327114
5.213215282061886 8.5603437392298 3.126302523952048
1.4439624386592675 4.710240887166057 7.076125513838168
2.5412010475507003 5.2619309714091775 6.662199911338323
8.705339591008457 6.3451833415765275 2.174668947636305
8.012626756928542 7.540248230376804 1.5928208595939957
9.857637071541426 2.029530011531787 0.24692368688921462
8.754809633829819 2.5838416910576263 3.590524400291155
5.554667517543925 7.169935585563056 4.414812576227079
8.686170221407938 7.4042462778404 0.31298073322115894
5.400606527470659 1.5261125657884662 6.68457402869467
2.5442321302355806 8.91831631464146 5.403348442668409
2.8773219691187424 8.641556821342455 5.3617469958988355
1.0559656499200414 4.951766812010148 8.053243712080466
3.8038666107351577 1.7055660690543157 6.9927547154814835
5.482858423686786 1.4986616298436792 6.360448923593026
5.674514909699679 9.061098336687103 2.199540163657986
4.883552169295389 3.085022399745654 5.622343130542976
5.255600964628533 7.493450481827242 3.187349883196258
3.1678436643951207 0.5352896735969201 9.882580600756356
2.6295059950741715 3.7304443093902533 6.964577351420786
6.23762125377255 7.59482570480202 2.747679850365426
4.235399196503078 7.915523525971343 4.154357213970357
2.0433384338378295 0.7818596926126293 8.48538739872989
2.937223669511085 4.791181096001803 5.7547230454172755
9.654776639096621 4.044984606372887 0.8075091859459658
7.486145390229334 0.28068208879108525 9.563277224221565
2.532115283906952 9.295786054722448 5.536272444479696
1.304763831304098 9.913612895310767 0.8687190308977657
0.9969462364090012 2.976469174941645 9.436200684072961
9.371365300128556 4.635511466997096 1.9827138642856648
9.379369413114471 5.537666847623807 0.46604123481457105
2.7319615018279197 9.279916554277278 3.666454140636244
8.46911655914018 7.292523777285247 0.5204671631731248
1.203203226824571 2.3484404968327004 9.818825804854004
8.83232580190113 4.987612795209888 3.5574502030870523
0.6538821049974954 0.8142455038065659 9.905046999723428
3.044026102287235 6.8736124507206515 4.911229864219489
8.052386808116545 0.2213543830139919 8.946002830890007
5.490841242866786 0.48108595410154287 7.029896806408627
9.022926707070537 5.737887276869241 0.9230978791539313
5.88889511135381 6.957507197025118 4.509839490535631
4.629475311511074 0.9334815253930815 6.72411337619976
7.202761637780993 5.400773489533638 4.39131049107325
8.10431989288291 3.1107742107614813 4.745384628860137
8.386437998487716 7.227932993201057 1.6605710101338498
7.578642827209235 2.2317102223592133 5.738900150239677
2.295517985393646 9.073531937022585 6.171893330202879
4.065983708136711 9.13527342870023 3.5268253191087453
9.310166968768502 6.288006623680239 0.5960090026599367
4.219553767416988 0.5416948425797026 9.318346466372802
2.2825083827675567 5.400198141869669 6.787187637001552
5.475481521390723 5.745306264282043 4.817090340113987
2.8345985268672456 2.4457262971661344 6.772726853895636
7.932991935844298 6.984985786335306 1.6994640521354651
4.848191066202286 9.446083723031004 3.0756132758980645
1.2157156474342834 7.975555467099314 6.924205766006886
7.725802379072598 7.098025755269459 1.7451457083679607
5.2389925082654205 4.473339606780405 5.173641589708542
1.6121269309106574 9.550857622293023 1.17389972515495
0.9339513583071408 1.8783123254143423 9.883904806718675
4.023398627218184 2.704327420251054 6.079654477659998
9.60906760149148 5.203228178213636 0.13039342851387126
8.413048617416772 2.756212309283719 4.268955878894532
1.1850808887358473 3.48405867149915 8.650785477995125
3.618962895839699 1.9849185085005399 7.004660403228984
5.136513469528061 9.032696205187285 3.2547704453591186
0.516584146154714 9.465171997299226 6.2672556991729085
5.949629950919102 1.8461060432708134 6.185173574843251
5.473897732916264 8.550375748635357 2.470977487070713
9.628590937396183 5.147893966920184 1.5955239328428923
7.685712668051876 0.2827062197105734 9.394823967862134
6.465294917071073 6.403793267685407 4.273237337643103
7.886345138665369 9.770301976432162 0.6183081860114603
7.023385963629322 5.38480587807363 4.796068907283728
1.8954347881594282 2.081652442443103 7.752588295029147
9.031479387958878 4.162809969790469 2.6165558320857945
1.0703797724378243 6.997302360634157 7.489909876030849
7.492216990059758 7.682067377313987 1.8456861486881238
2.2384370550486343 3.593251929838036 7.6938532983520656
4.89724481719249 7.898117123532137 3.5661464846264908
5.9355003558764 2.338308904899356 5.9535807632849505
1.6151256118819872 1.559699430155963 8.789477625614841
4.451495481143122 7.050333076785396 4.423514846217239
9.467840018057693 2.212804042632413 2.0170150116009204
4.1797629395569125 8.583804004344579 3.5322695353725617
7.154504521308584 6.7171131677383356 2.6485931975065244
0.9429027252581204 2.5096169765013308 9.628070161160565
0.8992410946984863 3.0244948739825035 9.670700551923527
3.8008002611926752 2.039994893709662 6.651728897798278
9.450437100813826 1.815184786302313 3.068370841750496
6.615674828613567 6.632756918874279 2.861658141299071
6.747330940793578 7.1815522510399 2.100204185640952
6.736607033919219 7.663625786573073 2.3602803070122094
8.375935606664498 2.6691596648234777 4.538603042785218
2.916131105964568 5.92867521163511 5.161742480497747
0.26320699204532527 9.523837748769168 2.2445168423220783
9.533860863997567 1.5685404533330676 4.071962205768088
2.9219993312777945 7.254576461018198 4.9874787604057875
6.987652894304519 0.7711850510028153 6.00812745873307
5.175763764797189 9.203677470575478 2.7097716849203617
5.514138886277596 0.601033206784872 6.344502942472348
4.523818993981419 2.0703548867070007 6.35590630108628
5.3303897760297145 8.55573700710799 2.8449071284604504
2.5338292278311747 4.382489295707198 6.7726238792814835
9.68396081892633 1.1056534851797974 0.7449921046139183
5.234039545497866 0.24405820399850064 9.722352045814588
7.511318520517396 6.595643029908101 1.76390548223022
4.679880698241731 3.1714940192693595 5.32499953880324
5.330919744698544 0.8855134242762608 6.804126730527292
0.553853054857778 9.29494754484504 7.846893239136993
2.088180713504129 6.25643918798455 6.747807785588737
7.038010622371922 4.37229000062735 4.401892493793715
8.868765616747263 5.193058191505973 3.097521658671908
4.611597584807686 1.6065248320709271 6.650512707536228
2.9740057457527156 8.581581565349266 4.89198988944804
1.3182358561941037 6.372971825144014 7.3545427407614286
3.493178798431339 9.024466236791216 4.686597515604598
7.975539223599606 8.536856284059319 1.2930711438513987
1.1064785590759656 7.584270852951862 7.210349657167762
6.2384889198905995 9.171641317597041 2.1736806435099987
2.62347668089752 9.378869642556847 3.231151343388751
2.4631064661343363 7.670100426655286 6.213808333911889
6.301278005505743 3.0899262586002996 5.24797724042972
8.999887558200836 5.219989425356031 2.231003781100968
1.755547230063366 3.6165095649581653 7.682603984450131
0.37364018699704626 8.94631693181496 7.956185341488148
9.7038003579373 3.118040670167664 0.3434093467643038
9.05002138782293 5.015431124220004 2.450427048886294
3.3964398280127064 9.265466614001307 3.462336730540808
1.6227571639401734 9.339993300449567 4.518191039694518
7.233045484331214 3.5478260251688365 4.357724221401783
2.1576464214845665 5.807076656342734 6.777677755972295
1.673436617949846 5.198554741020444 7.042571088064594
5.942576429572091 4.227964253718491 5.277893813775828
8.881542619464813 3.5356806818362507 2.915376936892368
1.0375147653248886 6.777197928476892 8.244512647598636
8.422262936824062 7.392770967921887 0.902128862555168
3.6513486678482376 1.967222668886469 7.070133236777068
9.36446266561152 0.9511282933645706 6.007455127210695
6.3691620548533185 1.2428922648525074 6.150871192035468
5.454614239303538 0.5152190168074373 7.795594326231068
5.821533532434034 7.069785978090899 4.198253309202439
4.688238351102508 2.957947044379065 5.8739731506965995
3.543721200361317 6.133963297001078 4.827642877720678
6.25547936703206 0.4498351732967034 9.274091209313854
2.8135058642047235 1.1777972108050703 7.1627298035921365
1.308500262666144 9.356967550191788 5.50186859684807
1.2152652066818588 3.6737417739871283 8.375270185602194
8.724879124312402 4.214446978914655 4.259966889352064
2.403573421960131 5.669598340946156 6.619299519357574
3.354240992945675 9.460913079374217 1.7777521702292725
1.995029373663717 0.815661857688255 9.516601605030383
6.372124512382346 9.396767353812876 1.57917029450861
9.53912309175104 5.1600291566248115 0.3269221530707833
9.09980719579612 5.238871727345714 1.1639756498658036
6.009137245677211 0.7417909135091554 6.242394505392852
2.127922612633072 6.412149415365921 6.651424424955953
7.859184211541243 0.2546085771882458 7.869658901593569
0.5424953841121152 3.610526166847098 9.361793529221739
3.432868016320948 9.870888565625272 0.453470642330001
1.3835984819646918 5.348196503403177 6.941986979076636
7.178277513554384 1.2288608292301322 6.00299992271536
3.0968370321548626 4.7278491036216375 5.26013985069239
6.12509434616079 1.799872278619993 5.978541227506599
9.650583223020794 3.9911831872167953 1.0440272538908815
8.68408347452853 1.6353611884837411 5.997873071289591
0.9211181130192978 9.478538827837571 4.543825497360394
3.6853218333877904 4.758399602190684 5.22844177549203
8.904599129770556 3.5110087904057017 2.979923508323245
3.6478846003529344 9.257288893570028 4.063687814961581
1.2160621039723187 6.825278669170867 6.892866751212363
2.324668889905947 5.689776868219435 6.232787225600981
3.5977114700823347 0.9778621503682485 7.549497848912026
8.496098229206655 7.797700794890453 0.37610410254590754
3.317612147742792 0.6845757155526835 8.556109517325208
3.3608104593844175 1.6347826299222143 7.116645554282387
8.900675419869525 2.930902825198346 3.504567589297557
9.884515524966297 4.802155540476589 0.18263228615574345
5.206291148591855 9.07174539638724 2.7602987353946773
8.742266116149786 0.13214453171988527 9.719441416736096
7.985827215978835 9.593128092876434 0.6179585070507496
1.037249701467167 7.494008912924679 7.307774194552977
1.6354966961977757 2.8561850615325812 8.613074938338965
7.345447056297084 3.248580498713669 4.752635478648039
4.648893755022178 8.14567021657612 3.617854716667871
4.316096077851507 9.843816437221555 0.7320676749064736
5.159320124520296 8.193828108707404 3.5288265334858617
1.624970820796436 7.9756278494432635 6.481597570593375
2.557801235794974 9.138420232778513 4.910031577073976
3.248093375819291 6.157518374642245 5.071927940897161
9.57222391428012 1.3919924135883317 5.251069274847644
4.066870840177143 1.979009544204224 6.510204279832589
3.8726197783655065 1.689188937921819 6.538295140976155
5.458855982499396 7.2542225523395985 2.810431200442936
9.81148413945024 0.10930138129258982 6.018562087479178
9.663392876394418 0.3163099061386445 5.771253163256043
3.749011074425422 5.986107911597031 4.662466269711141
6.539957945651831 7.007589829773081 3.0703982319730327
5.778638561868258 9.49892856440249 0.7404653660232352
0.8307787334268859 9.271516758674178 6.3971114060019865
3.123320801037671 3.221762556762379 5.7412526709240055
9.05796917986776 2.7828268306173443 2.5117377870161404
2.066593150798369 4.594886086984744 7.06704899103312
4.125455855898432 2.376462995593078 5.938824688244803
1.8765219238648472 2.3995040576321776 8.443432119347488
5.188518088389774 2.8361370124123373 5.329660390568818
9.835613983889488 0.22359846617877377 3.71066029147726
3.7387108308469665 0.6444479716463123 9.776425167295717
5.184990766443077 2.3864746779055506 5.881988325489682
0.9914323047132765 6.297600246208627 8.887067854995156
0.9766622796716771 8.700507480616334 6.396370329462544
6.714184771539687 6.290685489573676 4.473052841127629
9.456945677755154 4.507092836209827 1.9397673557022972
3.424726256559306 9.812871669014653 1.0921447597076517
2.5480475063431185 4.1494858121498215 6.818392891289758
2.1714696005502407 1.2048048377397476 8.386061362278662
2.0647601501119226 4.041812790485986 7.331945483312463
3.070736964377746 3.5900369616085746 6.272074101591034
6.0799708259827385 6.854736782588236 3.6064731612700207
4.372307949844354 1.0210980154506624 7.196231986010966
0.6839946721759604 4.07586561071823 9.356299607433915
9.601916388643886 2.3858815400711912 1.6436002617221321
2.7794005240149326 8.839050435598253 4.780477673870156
4.398312236985264 1.213376624966826 7.128423423873825
5.234060288403197 9.930968840788344 0.18051766001864245
3.249374049110192 2.652650160808733 6.4811853817038205
8.972790194401236 0.10795955342658736 6.899273685843049
8.600006294844208 6.455795039843254 2.3146776116603696
2.0113005013813496 6.931808055793356 6.610005381600932
8.46826083995827 5.9084683971150005 3.5130618493685173
8.153842112213336 9.524460815026998 0.12953341046337297
2.889426831630856 5.524508628615762 5.926594858890538
0.5132609455527879 3.1826338261209037 9.807852718037985
1.5893087508015582 2.9379016736959804 8.737003104688368
6.523528861597536 5.778247671394666 4.7290961835019045
6.578020460071978 5.572109338972277 5.050225074007228
0.9188608013253798 7.94366537884196 9.0224881095282
8.36910026730483 9.496224292541442 0.37609891393829553
9.66167530666843 1.1235391158083305 1.6055716933811945
1.901035354158616 7.01772265489393 6.816867599698451
1.0051327989099388 3.4243270749166435 8.989524963740148
4.244480264814216 8.764413433036397 3.5181588691817964
2.1839386313999856 6.224281811521919 6.57686854077663
8.558042698937477 2.5238237621667383 4.497321245131856
9.657471891401212 6.233291931213646 0.12728351172462116
2.394212048976731 2.001273520628752 7.575235684571144
4.383239769826932 5.8617309641120325 4.800085984461495
9.01757667406173 2.2644323318531807 2.7732668383799646
4.020782607787005 8.941579901331938 4.586287845004417
9.495162119331109 1.6153473366902547 2.3117710947435746
1.37904491290195 2.15375483669428 8.866072752446884
8.826777642913344 2.459714073340807 4.356715388737319
2.922887927008068 4.793932634672134 5.3202280182554915
8.443758812615126 6.325617639342234 3.706687309396613
9.405001639517724 4.075045953626987 2.335967406836796
9.58616067106746 2.0297187330154043 2.297442244260442
7.409340393324229 6.5633325376578915 2.451230211230281
9.253297989932657 4.936726841071324 2.4333890813829813
8.074967826675849 9.493537206934658 0.7909389883607947
9.989217330012288 0.5923226433206166 0.8791640967897054
1.2326065383112534 3.593788071359458 8.450317858043201
0.8335115760526408 2.7718783614509452 9.673777663620136
4.714262111080871 0.20495111061142524 9.907676535811666
9.902397776430565 0.10293448030784091 3.0231811581815546
1.9782585537592547 7.476844623225472 6.245159772782391
9.070176784186664 5.6765783574028355 1.893203463299014
3.3121822456741192 4.482030920994475 5.733343213722888
3.694739421281204 4.715830478948967 5.309529475858326
7.986840119314575 8.274922249309002 1.1310036366528369
2.2248105866775867 1.2496227740542079 8.22069134667299
6.806155070419459 8.68342356477711 1.8714933471105741
4.924284746724712 0.7742706774557631 7.135588319340159
1.5103075091867488 9.53446041440695 1.2184570209515408
0.8969804499407719 6.157973803465248 9.179183741316475
8.356506384864101 2.886633399160726 4.72649644675583
1.9864529671697997 6.010744328717874 6.854518174171568
3.893375255293998 5.538620481893565 5.206379018387845
8.511544824708613 6.944624130962096 1.6425115553877574
2.262771806845621 5.804078254279233 6.793917401680703
0.9926814037940188 5.336885034545996 9.107163657144914
6.3299975479440755 9.094850510415819 2.1489973675690117
4.911203197404091 9.214396343278791 3.282830509085401
6.954568983731924 6.560570372829812 2.6877052121185008
9.651850633207207 1.262662858309378 3.9418071063681985
0.12366519898028638 9.873667681595233 8.057822272206614
1.0466610427472416 4.226464955875758 8.708586061992353
6.5731822044875425 7.234228964006581 3.003494783363653
2.913494753922218 7.001666675752882 5.581755751145947
4.914348683009005 0.5627756458969726 8.313042672831342
9.939835304508414 1.1912318459109472 0.22875229790312002
1.7744754504236564 7.731139098266405 6.241684993843474
7.3219935863912085 7.055291578524115 2.2930443864415966
4.519210498516729 0.7854158504017192 6.958587748186799
0.1660175255537073 9.70219151385878 8.188555849492214
2.044701682286034 1.0579071434465948 8.419887061642923
8.200632569973969 7.726582638704354 0.9766229029574012
5.395137799588297 8.565036803697012 2.7403943606862784
3.8152743488934995 5.919876255134557 4.788646568366943
9.886027770125313 0.5408945684300024 1.0463384800814879
6.50405299534417 2.256483560173419 5.2056509052998505
0.950967762316802 6.0922538253111425 8.970766376964926
9.495708285399179 0.41031370124786903 5.261372065476927
5.2446411616622095 9.12574486084649 2.2795560996116966
5.340291838345651 9.169573508789664 2.2072741786151364
9.758593838407798 1.7084676693562573 0.2733349858371854
2.789033806775471 4.55953019093944 6.6940254266709145
7.531242785272478 9.329556802329504 1.4626245878666229
8.57716929421927 6.933081505141007 0.3595555790955096
1.1698778350883807 5.8540371879479 7.5000649699825015
5.342304430318135 0.6191504277217081 7.5322805321501285
1.4331745581662219 4.098680035944255 7.520302757101669
1.0242977290354425 5.373855935997296 8.418916381725325
2.0295923969893694 9.315091542868199 4.897668701770638
5.637379938989733 5.079171559826744 5.153937304859035
4.105958875630972 1.4175043085514343 6.985085255008909
5.782089045860825 2.4972886696335133 5.329457122082696
4.256241238584332 4.277871709300175 5.3066963716309274
9.046268798247041 2.0474530964851034 5.381394014747672
1.1247703901433312 9.265828025530983 6.151540692989141
1.123047883057279 9.294289324675754 5.728609836701911
3.666000117877498 9.24213963916808 3.5435830902758942
3.202066351019792 0.9507840242937169 7.841505781768706
9.694139878205988 4.337496991289662 0.36709454297486044
6.260280295067997 5.266814612903822 5.112005216316787
4.865456827640407 0.7239936574767327 7.347533909207566
5.8950783826515725 3.300316310359704 5.293536343179535
8.130861278129942 8.29073247377312 0.7248287443944319
5.266763676497332 0.5099507752479866 8.753830565932168
6.752766437153976 5.699844161525798 4.673103689803533
1.0520128206587422 3.949523024586849 8.548562933038585
9.640272500806086 0.8577930057439467 4.636252780953947
3.342662016905998 6.312147456165903 4.99227820861672
5.131081474498166 7.021305756101223 4.527861656918624
1.0919057264788785 9.390143500347655 4.519892564152808
6.483746011423354 9.842009734546767 0.17720734219234568
1.4655856162811594 3.3458262976714934 8.732974027558923
7.55016507480763 3.476320108730886 4.496194685703654
6.422518701309459 9.457586075483725 0.8800944203580947
9.044968811165301 4.069658217350873 2.542380631736568
5.805602123671118 5.660986863521623 4.819594858649558
1.3668449773958051 5.8449657684646 7.077855991695042
4.651558281365213 9.33236617634128 3.3205654589390763
9.612582031442454 2.657861417580363 1.6361002458227096
9.67597536971466 1.1759678059550853 0.8800370275811371
2.5539421841045704 8.668870338708832 6.125854005798663
9.315926161866152 5.379495675868703 0.8310433293648627
9.691914546406341 4.051699764118926 0.49121647419901926
2.0815557213573608 4.048280185879738 7.045901466509305
1.2033752461088292 2.7510207443267616 9.409447040748653
8.967230715443666 0.19385678648107074 6.730911662308712
8.924651816597827 6.412402871125937 1.9979832703359381
2.619736151203917 4.906248471293656 6.64206600931754
8.590770916743384 6.928006470640657 0.9330389078899834
2.346470188208965 5.0038556910012515 6.807473045903601
8.081166458649367 9.281163866964906 0.8373643096739807
6.550922001386276 7.265035343220233 2.4610790113711443
4.276506204234088 7.294082867434268 3.7667930181875806
9.870208837282892 1.0583676341009247 0.8380183208705896
5.893729008139048 0.5220107151595892 6.564005019006786
0.12066546230825193 9.936380480156835 8.335870494853209
6.573624473932112 8.223905277641933 2.010498982519027
5.44386566176402 7.045537604739781 4.452865190571841
1.0111811249193687 7.903349438997299 8.793503060807359
7.695286870758348 7.575250586547249 1.7254996875942448
1.5334847635318254 9.625197986786999 1.2071581052516485
7.356140241819932 7.126122475782438 1.9987957518894213
9.210645155157113 5.525187877513279 0.8378589930450211
6.357085170714903 9.209878218560451 1.918241178073976
0.43911414770155943 1.7730643012847431 9.96070720125239
0.8002245468204432 5.905967900845215 9.274290976469473
2.644303615855589 4.629775637616351 6.190990741583749
7.887231699060004 8.080450396223565 1.5389261284817302
0.737553895611212 9.190662978994816 7.6289830370990055
5.250424209446745 2.376196827629161 5.56183452441167
0.9731163031708245 5.363532925702988 9.272279580804119
6.2236683618216 9.791665638387592 0.5835026119913671
0.7440486746826318 8.672134973276904 9.293835135955325
3.1172381762804546 2.996535389951089 5.9402680846607
1.0929089510214762 4.088042369214362 8.450107254972707
8.273476213641343 3.191898120739939 4.308240880900584
7.790466202432398 0.1638750662593802 9.682545532270462
3.0038344792681357 0.9842392118960239 7.899367163062414
4.432008831990419 3.623474796994932 5.287276067965961
5.269826499354053 9.457993354673496 1.9936798354945329
9.334936839827556 5.168230740963069 2.091445806771853
6.5888401798528715 2.0660787272071643 5.829811466061466
7.851308458391882 9.340248150748724 0.8998635386000062
3.2681466942229647 5.2858511532274655 5.252641821723115
8.942958734043167 2.3867187914058374 3.043507935338073
5.980036964088221 2.4751264069753525 5.326489215478415
0 0 0
10 10 10 2.5 2.5 2.5
