#
9.951603857195378 4.33902016456449 8.358611620335981 1.8505897240248945
1.3073102436394684 8.052676980593866 6.761180143573131 0.6669431050347496
5.1823965179576525 8.246195482927419 1.1640304564065365 4.482381240751683
2.7963590604128217 7.9676259608049005 7.274903779855208 5.757274056274275
9.166639303932115 8.431885254588417 3.0387613367030304 1.7249527746986018
7.359318661598795 7.706954106142966 5.415554133817915 7.828083538468481
5.8838403864143975 5.450328951911146 6.514183990276461 4.169588089249932
4.219589986249243 0.8686543957373711 9.145839540589563 6.757560420154491
7.390789622846244 4.458542944888711 3.5164481430702024 5.431621061819983
5.089841217976026 6.575873268564668 8.447370864915982 6.992873673127702
6.512276917663933 1.834703878658987 5.720880429486483 6.230960697420165
9.229381221853984 1.1829085378984239 0.10017948179742753 7.737217700757835
1.8683153353208475 7.076791146962622 6.7161951714349435 9.222353277046317
7.698577671951749 4.511234539086287 1.5996428136829381 9.776625759649702
8.093068656591482 5.404232515942825 1.2835151738798043 8.33875039566512
8.618414704773672 2.334508509138717 0.9862887188178222 2.7168791461193185
3.459257479782509 9.021453015732451 3.7866946061227225 5.996093913644108
0.6379064167355892 2.042390656632462 8.953877505288432 3.2022062382782357
1.1784795507389303 5.7165785390107375 7.934973416916321 7.707699020546325
3.4551154472877075 5.9742410496632194 1.6550761478964877 8.556682589931107
8.461859577990104 0.9004789268249827 4.1319850143934564 4.369703503935528
3.3550941858219665 4.354629261909199 2.5695917968451023 9.188233618051335
6.268518833540966 4.095614656816612 8.57649371261394 7.741080265303859
4.509265253892928 1.2339280911916695 9.702288808895343 1.9581857440779413
7.225558920548195 8.278723859816958 1.677855509106967 4.020164345197883
7.99645659384468 2.569977003131056 2.5633698218998893 5.7020446820538595
2.3676477932877944 7.9204832931678935 8.438722467932088 2.928176865372382
6.18852888442076 8.575710995827269 0.8451951586630182 0.15687468722622633
8.44259802358984 0.20137172740683162 4.442175826777745 9.87289335509364
9.020669858686317 4.8314183746188455 3.3133427119961336 2.2874492718226853
2.9479622178939078 8.665235593452872 6.148898603743617 7.141384125429062
6.566493388548608 0.2577205500583437 9.229330082605436 4.155065591448235
8.688016446013473 0.9532019753715026 3.8300427650287845 6.083087860684164
5.103310693510181 6.996659667102308 0.4594628410203061 9.85422097849758
9.089371439893583 3.82603519607243 3.058869740555265 2.472275842195906
7.342558373346123 6.789851481057669 1.4206514929585738 8.160913665758192
6.3385410963298146 2.238691151605148 7.16967259622637 4.979752513377404
5.074947514600341 6.940823347957531 7.114524091445963 2.235979268556921
8.047662033442794 6.024132814950806 3.176652343484259 5.174047140130784
8.317282359946352 7.849024127213989 6.775647230917971 1.744974482011742
1.6668076911281808 9.981316242351038 4.542633198665603 2.493992536921052
5.954327533232124 8.46655248802075 0.400636334915327 2.047307289926639
2.968017956572123 6.3709994143389626 7.694950577068363 8.830408036285174
9.242146452817169 0.3869446620431125 8.836063016971123 5.955174251297763
9.180249872251938 5.360333829864471 0.7553815733421079 2.069172561848343
3.5968193960717922 9.685072333466977 1.4333870444408117 9.553697120655258
8.243518834466467 2.8763409488662934 8.692747921390168 2.4638039178014273
7.345703799020431 5.3337201383392605 9.29460907982304 1.3130209828408015
6.0798525068279945 6.784582384334547 8.06387030086803 3.865548291666328
3.7635537112163266 0.8662446666779564 4.772577192430053 9.909420878384129
#
6.48412644861595 0.8145624929258046 5.962113537991446 2.0639302771570924
6.357358696313425 1.5932397376613778 1.1162749913908248 5.162416045207627
3.424736539268572 3.637240018552923 7.9294392863007825 5.555893488020145
8.180366108364044 5.067639691549735 4.370643112138064 3.1860455626705764
4.807144823497428 0.6226973976876344 8.429107609223367 1.2870203676021235
0.8781705464302023 9.029482986470564 9.776689396734977 1.0290871895801006
1.2649120517109775 4.219792597803704 6.262243856888321 4.282090088779127
5.415020419486105 0.7635521044054885 5.461799704798451 5.873730118252274
2.3506096920931263 7.846873962226527 4.390806015962922 4.504230020231155
1.8430616721261899 3.3429793817440463 4.361236364769571 6.256918561390349
5.672027805615689 8.901830828970258 1.8911821906085082 5.729446449545083
9.05838749550944 4.314922475201293 6.192953893109912 0.5119545389809534
1.3142816116484535 1.9460769422808837 3.8172216257236946 8.647526626730693
2.0662190362848847 1.7294172684381288 8.153869645717524 7.751478818129161
7.807878123097559 3.4900363900326274 0.32677338225226205 4.930228178035521
1.6733063864343114 6.398334375337775 9.40566756768517 2.669422587314486
5.535085528014481 3.0966674976858 4.584184253014201 2.177247874631371
9.098884838388507 3.044926695664163 0.7252236755739947 9.965523764261865
6.694212689074737 2.6604901584355365 5.362724113746714 4.718072402306849
1.7076346684847103 6.582990196494616 0.24549507028318285 8.33459211275554
2.571575986319588 0.4564202470487029 6.497203754388542 9.27757466205572
3.7456300984126583 9.556806133875344 0.3918739084251861 5.547227724990162
2.791146118669106 0.2876696311490763 1.4490057744781963 6.7613622358095276
7.454225309007853 8.465434305047484 0.5295421715778161 1.7998995286063053
1.9849327696801469 5.746349930459715 9.62669528156442 3.416875305461435
4.7271967520418565 4.3116290739415275 6.484352967872832 4.015141231349004
1.073724840796488 5.319408766848363 4.616491181698276 4.132062778966981
5.454663753510607 8.412366754622749 2.8184271951365343 6.410611909455762
2.797358981856927 6.589765789648464 4.854360952229323 3.50755729911792
9.238316379880606 8.008330640536345 3.9995496176065757 1.8955476490188263
4.61202260806738 1.3447126731264198 8.282611537592627 5.393900670493929
2.272324333112296 9.917584833215827 4.5048767844342805 6.005208052125575
2.127096019726501 6.8541610822556915 1.6484505241733158 6.682819159080465
8.107389861312088 4.313225404048158 4.660816048158057 1.0150824069429838
6.62027001948335 1.0609233402905338 4.190280987098879 6.009654808710248
3.5892013583656404 7.470637677032649 6.777437925205435 2.400373729120561
1.808324614925851 0.9714943527294073 6.453718402796359 8.84811661806845
6.157688554517852 4.603357739386465 0.34842765694447486 9.191782830805002
4.729712793389268 3.5752034769685013 6.074363596160981 4.079427000910376
2.2045733712042153 5.45586784931502 8.216176312990994 2.0889871835566556
0.5310246496649977 8.449680645856933 9.462424453234398 9.404866247054857
8.032245947230198 1.3108707049071948 0.7332749032376507 9.01589515490129
1.9699861567979644 2.9301411578851146 4.434705481139176 7.16922988191229
5.639945761926925 5.65249616932182 0.592966565429923 6.502236053755562
4.667667465055749 4.073965469310983 9.635493057893004 1.380838202645731
4.142139921638216 1.4697399714309114 6.280417089893114 4.758489267599883
3.3379242995260103 6.294136192543464 4.068508646874341 2.4642806266002077
5.941262287341818 7.430373793835839 2.8555394521461657 5.2251751078933415
4.636533304603429 6.011392835518669 0.9083386393166935 7.10973864625202
0.695822454743511 4.473725721245567 4.670018349173483 9.453098070505796
#
0.7163513248242319 3.914611783685305 1.1860050048762938 7.535526286271756
5.874163227533959 6.609321778514264 2.7517716126054923 4.148098105098609
8.273887312254843 8.265070090749084 1.0227329938841825 5.52117439386695
2.5472778590389704 3.9047882650407932 9.870248942384555 6.862980336792064
9.682892399102657 5.942408206661327 9.363844209400435 7.463351592657471
6.561273946638981 2.3429575976666426 4.045928428158147 9.121753201161454
4.214690170405593 8.236207918074497 6.731758228242807 4.271604392240198
2.4065814567163075 5.964015371285848 2.759883165035835 4.542593040548403
6.467878101444309 7.0932617490979055 1.6117331637678975 6.545122309027967
6.430536642130589 7.617000064222841 9.054971430125873 0.49739055075854743
6.374240853456836 8.749814943224148 6.075026331871055 3.8787705880191106
0.8878595669609162 5.1404915226601275 9.997866635175392 4.712301227697707
7.007200073370989 0.3707845027606895 2.5762539044782176 7.71188553999222
4.364206064682036 6.283459697694857 1.9920412773597147 7.249277389771137
7.903910281149184 7.072858620347189 9.212682971000365 1.6098074227710732
8.845136045360736 2.675743922597203 2.433160501435203 7.876862701244388
7.785120452157017 7.443206213925315 5.4402046046662615 3.1882757603745615
9.732889831271695 5.382268144151258 2.8242618984948518 6.695300814543222
3.0230192902202293 2.948776697902655 5.61534280452536 9.560579786754815
3.16338462203587 9.629729983135995 9.615599373883008 0.8275729507155649
9.91568070181312 1.0275731718581103 0.10750028443464466 8.393155518882711
2.9797023044502597 8.967767059807146 0.5911114641793791 8.914808435566911
4.925954537926231 8.629302766192541 6.477902182477504 3.984360696057407
0.2551330668165184 9.841118478819523 9.403981613659761 4.375628123950592
6.072787866048232 1.7306190638292156 7.879410441273221 8.748520361422216
1.975658314518085 5.028732853983234 0.6399041436123429 7.601933444908805
6.424784838937871 6.928453306336527 2.4730231676537127 6.406470448606757
4.318834503243871 9.463399293719185 6.398137116047586 3.901624170982191
7.425987652450797 7.57876273913513 2.1836870957244385 3.097679926186725
0.769805333162612 8.354874695698934 8.596547019492498 1.9675384686136472
0.16076046796766086 7.630670706061803 1.1608760273109362 6.993823126085061
1.6556740087237376 9.295668334873781 0.36765566172954944 5.787601352515072
4.681873930322908 3.4228680227819988 8.767372967795788 8.467255485574075
0.6581454093819818 9.825481357000648 0.6192818394092097 9.558662452178229
4.780288673478712 1.7871647931023413 9.472706498653327 4.023747195157629
9.867303034923342 8.2611384169923 1.039676552240195 4.4594779430445
8.76436281241811 6.680681086245617 2.555396342674595 3.374887380033006
9.891415471826079 2.336336477959141 3.864099171877396 4.867657497994988
0.7732764148440383 6.409953428818834 4.331087719365276 6.475909381435697
6.674823164386867 9.108332377755627 3.2274451700685183 1.4681325449417648
8.649729493772547 7.122098172356397 1.6205741685048145 1.8095652223004874
8.026468240184819 6.07074981048255 2.913596200305874 3.770143975880962
0.29562272013761604 7.856509556925509 3.102159151330627 6.32960810963521
0.3125798804365516 7.7516025172084575 9.403626066109545 4.806834350679264
6.008961764247847 9.352723483532369 0.9377803824580688 4.978661640321058
9.805512787391319 0.20919886300321622 8.194733563378623 6.942967879467869
0.9655648460647939 3.761809417049356 8.576228987594654 9.973494650335866
2.4552293484111383 7.772700811043079 1.0301256417949043 7.309193157721123
1.6454337649036739 7.64487456665255 1.5312306719555586 4.2754353088153145
5.155648215372499 7.682373986912978 0.20743409100860166 8.478755722015341
#
9.247950395638577 8.134394247383902 5.112136777830807 4.114123521969682
9.857524941374438 0.2034840508255833 5.269776846845582 8.205426216441072
6.167815554844638 4.822347946295595 9.314155576602591 5.815688963575682
1.3203787211725433 1.6089733869440321 9.579809730064547 6.932616323764114
7.807691017435326 2.361374496997188 8.632540049353274 0.2923231759905631
9.979453013588081 7.387221011015871 0.8426802006765914 3.501083574129986
2.400847432168863 0.3159415795388494 1.2639891572329187 9.866447573904052
9.143005827835996 6.450423281989159 4.721520272402913 8.507441366779954
6.926487457933018 2.6379217460490576 3.11579511639797 9.734747587909165
5.173969776631326 7.492870828379614 5.160345426576758 5.644156928987744
2.0976465501467803 8.860720995280595 1.1010192172487772 7.76678111455794
2.7720427234475595 2.100365705543748 7.913594276728945 9.619314548319512
7.475706706947113 3.0265010441598714 9.114545074981764 0.37965130301417105
7.411007683575388 9.241382750168299 4.7778614608170145 6.079225065635803
0.516235370763166 9.380477878109197 6.208816844983682 3.8128310609988008
9.44869930220272 6.212103769127769 3.145421616382762 2.2408999402520475
7.890650977646152 2.265555913191185 6.636552497136069 1.179029234272667
7.183883666930227 1.2406692933967958 6.022190420160114 8.783291523748378
5.140404962117413 8.32318265965981 4.686237729116398 7.240592034042486
8.684222110159281 1.021090544869911 7.374819623382022 0.24811239896763837
3.2765432858435766 8.866703830965958 7.876499773009331 4.468975275526516
4.903708616749781 9.866776131935598 0.8521396247442201 2.9870056373153355
7.271797915297048 8.197318640176048 2.374707162479103 7.244385738320273
1.1974971852608713 9.823208152170574 9.604987186881477 1.5711584896596977
5.7767639324596995 6.619508174683318 4.947907675033879 4.881831423247194
9.840402568525263 6.041628691482271 5.458706794471644 2.6034175676650873
7.852987084747987 3.244983606551537 4.672412120556089 8.731685408852456
9.832215397498155 1.0092265849605262 9.920600327027636 6.60840950097386
8.016233890309518 2.4965135571189485 4.7272268118516605 6.1094721355381125
5.8613271747276485 6.2713050466778935 9.852794809826369 4.380162824092005
7.855234436435913 0.7395365776004121 0.24986879681233898 8.548470040596666
0.5333418089857647 0.5004509072402605 1.3859422965757409 9.835972230622072
9.592874192246907 3.4386244249503646 0.9557255334001322 7.423822603927418
5.996528044051148 8.931690906193502 7.5972316789783605 1.7384147058912585
3.597326475858531 9.77764715699657 4.6667149049268835 5.802075756004098
2.019150608840666 5.551930634212198 9.874176771362354 3.1520143197621247
3.9504721410107964 5.800323352764901 5.216492886996477 6.375115171872339
6.9825006046408085 9.589578382237717 1.104363877618304 5.960665054388965
3.3660427471893004 8.359198018282 9.794583198671365 2.5810229056354195
7.828128947428923 6.701461660268591 1.59290111820281 4.1301197687350495
6.478776026058192 4.730554113090167 5.983406168346621 7.19066449248713
9.533234817344518 4.907995206480379 6.508495224862941 1.5375641754566605
2.255863034051345 7.409544433993181 0.38530027219916185 9.905231756566845
9.4434351958552 6.176759282948161 3.5409859743413943 5.5052634905919575
7.375991568720432 5.380228705571552 9.725260143977419 3.5038655621590706
2.069897235841466 6.272009740728421 6.679504355678685 5.561585683308445
3.9032658846940063 5.614704704905093 5.434062314379044 5.777594881860445
5.888786883591392 8.691995902904774 1.9770295268220428 6.802871640690805
7.00211899740438 9.062601447038492 6.406485219196529 3.0052552910650276
0.46725275279424405 7.9984609499686545 4.661513956219776 9.22578078226088
#
4.604091688793639 5.02453432075552 9.346574137568608 0.10942707652212658
5.516388865692166 6.028048295918397 2.2780244669010914 4.019581948772441
1.1046010622183324 2.8791187993784244 8.518915014776614 9.322977733163391
9.41390547919178 5.097558908757651 8.880804290513229 5.841563212823021
6.361104735012889 2.651631847583137 9.673292287933474 1.4118122953599808
9.050684881885696 1.270206376914914 1.283537115397289 9.38806625477459
4.903106097470295 8.388223633248877 9.062599891147716 2.0495797225738825
3.5204609674798464 8.135587332091664 5.154437778448788 3.2956127119356795
5.439344630411208 6.3176857127732795 8.25764881214305 2.5726985303970746
3.0911394523319644 7.329153099627968 6.275253881333688 9.905989802688358
7.51269484997324 0.5164710179126049 9.303869402886804 4.038095677524828
7.105431025488169 2.3991867619448306 1.5784204358301168 8.527197655261773
6.139089353193782 9.953522932064608 0.29872086517250107 6.950430662324752
9.330094898510747 3.740496145209878 4.268589347907945 5.894881187902037
0.9430885539374048 7.6109755675450375 8.271057545701288 2.8305612231093833
9.31847433523938 7.709371285037923 6.037297753101982 2.709395996075914
8.131817053766413 0.5512554387332065 9.42937032356378 1.7635975541578595
6.48245700547296 3.028884733370245 2.40755820806547 6.295771295448246
3.9970569054007195 4.367625585295638 5.478852659563732 6.7881831581560395
5.893053398873437 3.050294652534717 9.745542895187517 0.21844321225500707
6.591513679651896 0.441097624923823 3.8548189679870424 7.2709710872780935
4.932574887755926 8.683501783440239 1.6836659820595905 9.499990020750554
7.373940116358908 0.41510616523798216 1.7965419647159382 7.977449995774648
5.529506147485112 5.916654079097009 5.031483578980314 9.670197134818928
4.789805517983577 0.7003327354673132 9.298898221214511 9.361315126230782
0.20546798444247472 9.775357505824733 4.623391665628504 1.112826222335646
0.1750097352138269 8.68144198919913 2.0468862958478007 6.832692557871969
1.3360923559372524 1.6523499414330227 9.979427183496167 8.363647393373224
8.262694911685003 5.1039915443989425 6.490059758569128 3.572476000437158
4.848427418688877 8.47897788477805 4.072008852526082 7.8506967651193715
2.5399898453592296 9.705916779687609 6.5257806066600095 4.030687383115452
5.565510453520228 9.11867798649908 2.462743583999747 1.729464445351498
5.31125445853948 8.566412473916172 2.1323298611171375 7.414195088335358
0.1606787641091918 7.7821545670582335 5.831360939652976 6.425001870718552
1.587735653025502 9.350245193857756 6.665857423310134 1.4862141325222824
7.872692160220512 3.4718905845009465 0.6672695631900032 8.347218251693345
8.228430547932728 2.926413948921583 7.867233943244729 7.231929560280854
6.178472516925185 2.6932740840463136 5.214267098802204 8.398665672645128
2.8357774333762413 4.976421920565521 8.281396797190279 9.421751474489401
5.3919121360503866 0.6788347574949345 7.0836140415011 9.252161163930353
8.937193121455422 8.774160719947927 4.387563223796329 3.671544646453472
9.172555953176357 2.3246221509470186 4.970987482210851 6.035436442118472
4.01735959275797 0.8042852834459122 5.850486854952873 7.743517682304027
9.445835015619135 8.967508984780292 3.647416837349864 2.1176457419916157
6.4726155767968425 7.348622011625818 8.537044251800292 2.316599088363954
1.9310112380611266 9.669072997970291 2.5619694879306407 5.824795725982356
3.1580572128314657 9.348735820757863 4.067970126568798 5.027766456799061
8.565907489395679 9.531910334779393 6.799763097695486 0.6925012917822455
0.9722117405436492 3.61929386262067 9.360076883810125 9.808422051895974
3.808298546019545 6.928446792340476 4.623739085666308 3.4427639426646666
#
1.0799483070918234 5.66694701086193 4.687980988327875 5.5213379491053844
4.603365336743501 2.8351703132701034 4.357917760384249 9.056510886085803
9.07857728743194 2.0840060119130657 1.804589043337523 0.11893214005253494
8.37119772562785 3.8401774802687987 9.26101226236462 5.766411095162949
3.968579312045727 2.4023229075950385 6.812960080281589 8.724242025072277
2.437094987320503 8.750538847339465 2.5082718432318116 5.1910461158587236
4.239307052453353 0.3917541371057167 1.174447269626997 9.679478454340593
4.09713473444505 9.217520530467741 6.341854055712897 0.5768960969119554
0.7773371676046716 9.584823114409769 1.188335199104234 9.185580801227033
5.852110771579228 1.126020213001412 6.192392294910362 5.980943762588069
8.395022947398253 8.5672841715201 4.9649075220606536 3.7054815839406756
7.931948977308801 7.0569604085308875 6.562590709680829 4.768118281457135
2.6916326423272565 9.430785469613221 8.389796880851453 4.719804747232656
7.95142344441298 9.082496491012279 7.299709618498969 0.10133299847397303
7.4068836210428 5.654899029411585 9.722041374764416 0.1651808389497873
9.926664974907567 1.9832106590581149 5.991538378396429 3.0766897287281902
7.118276535805379 5.675674292660708 9.451596799563056 0.2160837695854907
3.0457126556187197 4.224200155160902 7.6496450015342905 1.876378046610946
7.320611097912912 0.5961818701927966 8.145246940524142 9.338857836716077
0.8067219167381339 4.12601616097987 3.083723795677936 5.909408964207258
9.110525872572449 6.598938171460512 0.5067024395001818 0.25715639328285
7.776252075267548 8.830908885593738 6.694933465273337 2.519874819174845
4.834910768546376 6.071810720540073 1.7864919498647773 5.117940623841235
5.470880291359704 9.835453185459006 0.46590133372598785 3.003802898142906
4.503341998451702 9.576313924702422 3.936480946486462 1.0096059664524173
0.9811100389415186 3.425477878580679 6.177230491961174 9.165807354151227
4.460180949817919 3.0921363357552645 9.291005247235532 6.243895278450543
1.1297890967875222 8.74045500627031 9.65444887860316 1.5148211967350962
5.876505105925376 8.037866573847799 5.007631310065657 3.529275282351131
8.031513406192305 2.727448284504341 5.916828569366324 7.966341442735014
0.4441283318898934 8.438240524425227 4.362050817118038 5.828560686618686
3.8397022628201407 6.892074060589557 8.826720549789425 0.1463982061707405
3.501837883808612 9.163068020579654 5.20364714617693 3.780683485495551
4.332915051999249 5.0134779142596475 6.991480565406727 2.6920599683052995
6.156822112367214 7.288261703783242 5.256974892250024 4.701026104449068
7.8538101624939145 1.9801243203529442 9.80883355158354 5.906783768478032
2.849424607772246 1.5276045659272008 5.6323386454215125 9.509277531564999
0.46664431190971367 3.755291702995377 4.2637693319734575 7.111478510164069
1.486788505161364 8.03898526623123 3.9482392925299328 5.538312904184757
4.960150546210388 9.963943228175385 3.742645081619882 0.555237894459915
6.380882125983685 5.289032622552251 6.811723638084187 5.650510977162167
0.29727709764784116 9.598967941046919 5.7507728093072705 2.8912429434110507
9.281950359379861 5.22136948894974 0.381926314982568 7.539218398949416
7.756971817907638 9.549005754990272 6.2893064079199235 3.1977396515774865
8.980791684270555 4.410341206602832 3.87313689422401 4.122115964622264
4.556872365299349 4.103390690044823 4.2257604208718424 6.763459869314325
3.3454313203914627 0.16262795871883284 8.229930230714364 8.172464359161086
0.2538946561291562 8.74881130838739 8.480446410558756 3.9424311176856115
8.138174803808372 3.2860611238135164 1.4959890866293541 7.360953833654279
8.259470384523615 6.466239490293953 6.007138304053139 4.901346467982825
#
0.1261954531018139 6.617665287751627 4.396075762702635 7.558700149927452
6.020728339224758 4.032468112786875 3.1445889197743 3.5302233730396773
3.380440391094992 5.130679109618225 3.928090725950452 0.4404894906074013
6.686174143649678 2.705555177120388 5.764335723573886 7.379905602133345
4.257591207792887 9.59432149567742 0.8401621262985657 8.550734670739793
3.5449823086138306 9.364487237160674 3.0038766542807864 9.560194490572949
8.908203988093465 2.6400792041304704 1.8541798186731007 4.655178539549275
7.447543703182029 2.1183663821938366 2.0549819182616145 6.949383729928961
0.6137205832786199 9.75767219555743 5.26354398527498 5.186458158152284
3.6201517462195247 1.4485180730229512 5.917085892955559 7.027265341015827
0.10992439453488245 1.2423640203411601 9.105728690199491 3.424421677685906
0.9123936341289411 6.331843659603466 7.0444304858787055 5.775636589323551
8.384056369968238 4.921668093412106 3.6211942783256976 1.2727113633702296
5.294312352348191 4.528728294996249 2.6542103135735284 1.9340346818985492
6.804250459571893 6.072039212896963 2.6434339466722294 4.74552495407302
9.169110162211375 1.1989471532984042 4.348535702121103 8.383816601437008
0.281611133071503 2.8156347653515716 8.356797624567243 1.830363740930418
5.34111110358292 3.6497165222884425 2.8405969537307034 8.031092262286947
0.18829857989640342 0.12151927523583073 4.783554262326461 9.404090606689941
5.179440350837409 8.924804994621036 1.7259006095295537 4.832264970518245
2.1337419230453065 4.266145202544552 7.156128140586924 3.010261847931021
4.510509514729611 9.834978719447967 9.738314597748293 0.42319158331332485
9.946937157585504 4.530046793720696 1.8535589306623574 6.924000897834543
4.218943374177661 0.4043665542393837 5.359829048186035 7.472146490011864
5.343965195048127 2.899436448642387 0.711526198652928 8.29287849663358
3.4324242370860705 1.4161435610535884 7.8907721273695985 5.478056822584024
8.222307603706678 0.7042627426922001 5.723156481020422 6.987919832146242
3.791619138731998 1.9995558886671332 4.579986404378429 7.862101428376534
6.164169570294714 1.1234441649805387 7.874629278812704 0.8891678129414018
3.3091951520552847 7.704446819274325 5.774082093086113 2.1160271453592054
5.247385257412071 7.716150810561643 1.3884968709988739 3.790468441099037
1.161026259514276 2.662812888997796 3.806504520973308 9.770807184539922
5.371225938904384 7.24023133476503 1.1770623877940376 6.5916472926367184
7.901448979496827 8.48878189831478 0.8421966897538384 4.199301822844264
9.955633976195388 0.34994208726564846 1.444909794045358 8.643797905671828
4.956068416662996 1.0187480233769737 6.4736671653398465 7.220417641981136
9.359168833682585 7.078588966077331 1.6692528138214842 0.5217736942162201
2.6650946085842078 3.396342874119603 6.123224038671056 1.1893240794863837
9.703003997717286 8.281206540561097 0.7872281404531618 1.1017539757191557
4.574748669803316 7.800126306444902 1.4980604105973754 7.402080945799145
9.69840731549738 6.4386380501530684 0.6163558427398916 7.708215659264991
1.649575138161791 6.784784090014822 6.587437898138873 0.4496492086210395
9.54574082768423 2.0905213264377136 5.281178799395258 7.331413656794796
2.647658704150854 3.1227993909206235 4.6195453422771635 4.376377155125694
0.5263027862357674 9.897801382338582 8.031470707939349 3.3292133234625707
8.4016398212527 8.34222193143615 0.13643613257129505 7.966738381589934
8.435096988870086 8.031890690112927 1.2498668621992377 2.1245471110508185
6.409647960206412 2.0859878433486414 0.7135589549698764 7.866776767214009
8.090594340777162 5.4154094428907635 1.7447945219219645 0.6248590186412581
9.582406834473929 2.9916457945810735 2.964032345268417 2.58738423076863
#
7.874699946219264 8.575352682249004 8.57077805449273 8.074175848305266
8.418542529984503 7.334442402185975 2.166632817875741 5.597278935659508
9.709085679719944 7.669899562308542 7.849502064590226 2.9250209080462857
3.8898480831738205 7.178317537980228 8.579531756469406 8.886662677986703
9.32064207833508 1.074979112349678 7.786143476850387 3.236464316231772
2.4547025330142818 6.7630160186237225 1.882078643709439 8.933494132893042
6.755093070120806 9.46394971255538 0.36275665033905646 5.695659592129676
2.8092160866268014 5.572979630511948 8.69194635181733 1.9943337567952302
8.730746321585203 9.366356456679375 1.4648415293811912 6.574944185098853
2.708856795788476 9.987127925440932 0.751586257852983 3.8692286003192953
5.637536201134216 8.309255012324838 6.057555132919819 8.39254627815507
7.408870322992762 8.773841981315949 6.926358637091787 4.906145464409176
5.648298866976588 8.814897877458693 2.4665925811781992 0.5037496423241095
1.6491176486478922 9.434676224595094 1.6070833761145087 3.6533111440025525
4.538649979976157 6.15221686007041 7.602053534321499 9.720234296370819
9.896591931964874 0.46546031129906407 3.0604676011974146 6.009658093368555
7.1705786916940895 8.367571052563743 0.23289392471380843 9.039429653293787
1.166531685673755 1.1037703594550883 9.327378015866824 2.8312165596944316
9.192823908441426 2.461619329594918 6.888169187339527 3.4490341778842346
7.433430001275481 0.5648960253724118 8.891268972154071 3.935372746569424
1.8870677907338984 6.421766625198481 9.794295902863213 1.7684995597737139
1.683528950725106 0.7824157818063195 9.961610207988791 2.6127122839825954
9.765302237825306 0.2838824800527373 3.1684397319141864 0.707300728922081
1.0261389747904932 9.181717953163133 3.3816445814053626 8.980780412706263
6.257882012754651 5.364205787380739 4.288222363739791 9.865197273906134
9.016282977388773 4.88050847813266 2.2329102083069525 8.235057683751233
1.939010033358123 8.286770016429195 9.127344604692734 7.87234530952348
9.05983966253927 1.507809857315805 0.9514360116798048 7.580750045001215
3.837554259944603 1.0538321617766822 8.761556116843494 0.7488140246828117
8.567941988310297 5.743337834252356 3.2232194375650067 6.80971025087864
3.3898989945742994 0.4060710613979186 9.831464483118957 7.8811748675143285
3.401014677051225 0.25440285154720765 7.828216010466734 9.65552827955818
4.01492992524638 8.510422204565355 6.423080119717186 8.198690331924867
3.433045892669597 3.5177997373202343 8.987530788904412 1.4029523041455425
8.627052498650052 2.3617525162202657 3.0635138924265077 8.629434984638223
0.32899471022630866 3.681752850448655 9.52542508006455 6.382217753336816
0.2621300321100577 9.901531182148386 0.8910327013211861 3.603359178419541
8.63783222166538 8.182081785665844 0.9066515373896458 9.716247961289774
9.689276069132443 3.8548493896855156 1.639452436703595 5.766546595961914
9.045728072034132 4.162547153330535 3.765919446599651 5.3925451692292805
1.9854494383641166 0.8317753978729652 8.786645643933827 2.3934458960880165
8.687585971373503 0.5752251508937274 2.8418342326515895 5.6152445298538645
5.541981056144456 0.829285142822024 9.886064226374977 3.2966208069926637
8.394295078642735 1.940753718998924 6.308301142034656 9.546813820674274
8.069628890049557 3.483231610672835 6.158878283111583 3.0202984083607554
0.4881906031719847 8.356339192298785 9.210364087522116 4.800977491436288
6.698169305489438 7.269783931090446 4.210990847614824 8.451776089589526
4.423512928437794 8.867130606043416 2.4201127621974123 3.8384134919821316
7.8943555535851875 3.172332725073754 4.91625827501208 5.2386185666286895
8.50239996257061 2.0111752233610427 6.143373548005096 4.041211416803117
#
1.0814927810876376 4.9997616375679526 4.421014668040679 5.970087807839756
8.343806960013184 0.24520042145047327 1.5029584700132155 1.763591989831438
0.3736351735712109 3.136462359336778 5.2075767361925855 4.409671677988877
6.887862377203503 9.842853624348727 2.4268806496581248 5.206046378159906
1.9982215359919286 7.555361040054207 9.98922151362971 4.12489550702155
7.576907582564026 3.624220453615817 7.0192597643400685 0.4337462899470106
2.3600809363206103 0.7046197308820243 4.836497099461615 4.705096720404712
5.9648793839418515 9.372456240030576 2.206597787946601 6.446220021158508
0.21309603517015763 7.106190353202678 9.171831129356715 8.682213510487278
7.558899119544984 2.0233392051126198 1.3207456947236191 0.5911349661976875
0.8869359164351911 6.528344341246026 3.9079828937440135 9.175658770493618
3.0187634241461665 4.4431787470572575 6.807658065519682 0.9763893833445358
6.52702358820872 0.3871628509455265 6.4404447620479495 4.718910965199794
2.992324386546929 6.2172374249825335 2.5827875831240754 7.806373136457143
3.886252055395453 8.060626642012648 8.762082305273992 0.1793231070109922
4.887988110710398 6.035111217150723 3.067089002117768 5.9798028589994185
6.238574138909712 3.4562274297480995 7.530292839040117 0.7776542466198215
5.271832037955018 0.927295658639002 7.545949767924833 0.995413474236944
6.363236395272714 0.8188359716834581 7.172892872924659 2.612096603019651
8.740132316828271 0.85027089158545 9.152893419215198 1.5593323159984616
6.2651815815165595 4.820154734996649 4.642485204570108 3.3142336427150836
7.143269885795487 8.056333983155511 3.2270382458523468 3.5306971360185875
5.599413719226003 5.395503509986565 1.3471570582122436 9.753144426621297
0.24813817143396832 3.2184477994610665 9.975365875224902 4.397621792589226
2.6217971440571817 7.63062957522474 4.253056710493531 3.00115448621827
8.11503734799685 9.503088417032988 0.507208463586216 2.955263734400566
3.079714534834426 8.310555264484266 2.6929266501783684 0.6003818002646746
8.198197937442036 1.7882183754905632 5.698918726911982 3.66058881504242
6.044737990525257 1.5853396964807382 4.610214992603337 7.893208389553057
8.993613787075414 3.666963050611541 0.7420068019982438 4.485735607574632
8.724587601091384 0.22231101842418077 7.177891696437237 5.488075254004932
5.525192692707105 2.3284752695072615 1.832556811622939 9.725447530852502
4.190047029531572 5.594352867534466 3.8663101180261723 4.505805978541217
7.514129452724971 6.449854729534093 5.943713285539698 2.7927678708785137
5.159808646563861 7.091333620096867 3.61043514838918 0.1337210224903469
2.6235660789240067 4.23718995763622 4.509196907644904 3.5852294942213287
1.7014173128063361 7.653368227417434 1.6417738073020645 7.961922908856516
5.9130021752470645 6.536852025773109 1.744163000838403 8.563541919974039
6.844450761003991 4.785951511989336 3.865891917635661 6.108844307101994
0.6578476787330221 6.77742160102991 1.434770164495513 7.980231783266699
4.486824694237864 1.76956004801196 1.4296555988443207 9.96869237155623
8.621610287756567 8.233786546342024 1.0663203358455373 4.4078676883266
6.154224867351406 9.93685905832957 0.8982066924097492 4.735694490393087
6.432189551340926 3.0313348879295714 5.077355215239188 3.5161285446645056
3.0445899594096906 6.8341152482629095 5.238874216770957 1.8707153925021909
3.406431696344267 5.311387675060282 1.1366017939026003 9.98743814931657
9.300877118355334 8.610118877249798 2.7629582667520634 0.1737051104250602
5.285852607697214 4.684070078221631 2.398886357468759 8.053243004438292
5.718169878741766 6.996664793474289 8.06675724813639 0.16615841780234053
3.7749299443152102 1.0514662880919556 4.03998822388006 9.227434516669586
#
5.195237286841785 0.9407446448203975 3.699299204686959 4.748490560263975
6.9724715977726675 0.72572875690547 5.561907049667068 1.5368273816506437
2.838065452591531 4.02254742127204 8.189387135426372 5.521427227270656
3.0422720117709297 3.7874882625503203 9.802431775595162 6.0559304856010545
2.4441210489240754 9.69928719362926 8.072830500668573 6.155866431236701
3.8088536071728107 9.101993496634996 7.716309953985342 3.877919919143412
7.346540188276334 9.028058200813378 0.8546453856873892 4.460600498647103
9.733105911077724 3.7121505282731144 0.8635855087343565 6.058204504104379
5.7991204209972915 9.30899611601117 1.6834919113045301 1.6250237326079566
0.813796432238024 2.589745720298901 3.7255701507617647 9.726003786007876
9.449844467779585 1.68141888622926 1.9883866005666517 0.621390504755869
3.6270220320385462 1.660470186106504 5.344362933746158 8.528553624446168
9.687591959125733 0.41446795497659306 4.836198631205177 9.732879133658223
7.6826472036383695 3.930583864585632 1.1160577221927364 9.133481210792317
9.650895549077749 1.7666315204269787 1.9732122997807364 5.988917956370608
1.0017841969504442 6.26655118260918 2.0684794367101222 9.083616674745832
0.1316043541025378 1.526594652206775 4.15918836777778 9.790752231385735
5.338566242528279 4.258276567307365 0.8381900842972536 9.556697594934771
5.711246323832601 6.580671529688563 5.489234436428927 2.6054608602438725
7.147164250443961 3.9500033315271144 4.139552251689497 0.8854474683374738
8.30729096183956 0.3019322467855945 6.400352351844859 4.763660193377561
2.452070385334564 4.399912985821699 9.820115055136874 7.3350374301395
7.458097773629263 5.9988413655079995 1.88024508751236 8.130041362876081
2.6738143045510663 3.1089636656127317 8.34127084421722 7.416421337534306
2.0825753484462792 6.619809853837316 3.565012562953637 8.43422732199175
4.779385134281913 1.5834894127290435 2.201892181847219 7.275979110138952
2.5183445717832873 8.59651639034192 6.764509798240501 5.393801794211334
3.6306421035157146 3.4624992531287715 9.295753839715793 2.2199786122818423
0.4226296601054784 9.10167277107287 1.8205938163843451 9.600874176935962
2.144801851616893 2.9255916156982047 8.448949271160865 9.12064995243462
7.469564561876367 0.6446080370793599 4.840972590467653 2.2459743616161805
4.001721373747969 2.871144501869833 8.110311974017023 1.5584324095184985
4.208002161224838 8.557206099924446 2.03577597485524 2.56683842568119
5.171681579929237 4.440580958055933 5.799135348328654 6.106976362261217
4.998928367008671 9.970883941678537 7.85959105047155 2.3430402765499982
7.536722097822167 6.885802767364263 2.3527648658963765 2.522080055780727
0.33860484133209123 5.960616102607599 4.61136558881527 6.4851616023423055
2.209479166278494 7.3591153562323 8.578270005115371 2.54957698385687
8.291890863269076 6.708326513147523 1.7051941558381523 3.9787820923209143
0.5730279104139253 8.607343426266997 8.447830846160144 3.144673507217009
7.945371591717789 8.840045053183577 0.54099788188259 7.526215243473699
7.080006666092669 2.6821969208149694 4.228455645516155 4.411413208432824
4.719578036658833 2.558140212532165 3.9902264872659523 9.049117933911997
7.199492757359867 2.5623357584495876 4.953010618757226 1.967782310121176
5.113720310447672 8.53259038882856 1.4771945368794706 9.138636780504285
2.428415984236266 2.8735502847292342 3.588591449181221 9.759723350570939
8.034126115609922 4.562553531050811 0.668766392352703 8.438914776032073
7.8093214019572645 0.9666380142366133 3.294123344133636 9.514991762876742
8.975126056681649 6.98931193718205 2.1392807259432223 0.3113520866868438
1.2713569777368927 5.683389673808913 6.946810212823751 9.242906939958434
#
