#
6.293380361549412 3.2676683534676365 8.47085756634382 2.6384788448429846 9.963988899908493
6.378670073423691 9.553222467937326 8.964022316530817 2.0108825038328955 6.093283534572293
4.366941440528477 5.260441227888325 4.579937904381644 3.9525967271538907 0.39978284699604405
6.917931093617327 9.62752053986246 2.954680374475354 2.2078919018287886 4.828625861853041
3.661004097273341 7.75873584307468 9.174544798798054 6.3536024117850705 2.352338780020908
8.908421508539101 7.983945659975043 5.485957601372142 2.3680247614202146 3.934766527727424
6.385576605735248 3.9275089956767646 3.3175797114538907 5.180335891603105 4.302241393726375
9.80671481789479 8.492954765107239 5.165985420000736 2.0966015562756453 3.870312136486245
0.8524240646284129 9.927084263269112 3.636625183533557 5.049313965113674 6.695764444639385
9.673985664319243 7.9471984587370414 9.318204887227203 0.3937011557732939 0.3738847154015401
9.776167491037903 6.441892731630219 7.988699650820042 1.99487558941936 3.347050424129015
7.121731798111399 4.145703895761562 6.655669021770747 2.9823284175787883 9.615397177232754
2.6883823634447483 3.933366136132592 5.238497078066807 5.636257491723228 4.391773706265207
9.744131213588204 3.353435661574694 8.96405273131422 9.901085482829037 5.294048738350171
5.619327424669016 7.382093910647578 2.1795507612474143 5.276467250945621 8.721625865034671
7.9238272182349645 6.867802415722469 6.460778855348653 1.6426570392429491 7.751286752056631
9.705613002962343 4.994140697467174 8.619460537673314 2.9042645897842627 2.844782103992715
9.913835742665416 0.20104069608520714 1.2181204437436812 8.83674170574796 7.6035766499707425
0.7096289431349438 6.869979272880586 5.385420985085755 7.138548969730863 4.772600821224646
6.404065460980419 4.0566083459664615 0.9834848722520944 3.568100328468275 8.081403772330704
7.407668688953311 8.39226875564602 2.13129622409616 7.007983636101239 6.1572341514302495
8.857204202680663 4.974248327320499 5.117825022309046 4.915193126016574 5.205773666234634
8.416212294266142 1.5225297895894685 9.365655353855262 8.162219025849415 8.71579791769986
2.7389037689168245 8.855029696646387 1.3197793851303348 7.0023260530439035 7.826791351585833
1.1853420179186713 9.267534639480882 6.669826134182472 3.699088184407234 8.06920402122643
1.1139807440023821 9.259187774129488 2.768078309138789 5.5577734673879515 5.08772993642784
6.691194459200183 9.71305336485688 4.920088659126797 1.0254844357435315 6.167001731767552
7.070264438707444 1.6931341675210585 5.644199747101916 4.843614382365163 6.517830073942391
1.0537042813849875 7.727435409761368 8.285041580823027 2.293926124727336 9.058619012056994
1.6505399103044853 9.256235481753535 3.1606288513426266 3.7405787710776965 4.8064196400941395
0.8649599019705683 7.787198195615131 4.549060168559444 4.23202535223263 7.980693271996149
5.459051471531636 6.698872056405263 5.455037994800377 2.780801194517594 8.908098388057692
2.2722329158853345 7.823050305566995 5.574539382202676 8.555145929964526 3.5352201151161498
1.6462024694532622 6.54484370315793 6.569486922402747 9.890729291723279 9.14435913932844
2.850822224118938 9.400115434837089 4.337570835018431 6.064680405034377 2.984324129865114
9.812113459236482 8.073945571860285 0.5628329579981113 3.7837602675738182 0.4683541114019114
9.746445217331974 5.944575454177003 0.6787201148524691 0.44098133879969303 5.542906907967502
1.9528470840544547 6.295457279809159 1.9239874791759033 7.463811949620445 7.157656933508734
4.211363996323516 8.821270836044864 8.379674128682742 3.8137738109481925 8.342425755432906
9.704472922267037 7.311084816642358 7.291790353423401 1.220630840088853 1.2208236184136063
6.932760565211708 0.31085416936801114 0.4814953700479805 6.899706825090038 9.748389437701178
4.173203606000916 4.500454207544786 3.6281502349484125 6.736955848496164 2.7599805453582618
7.99270529508188 3.8862395967441232 2.933583147866554 9.876140061189918 6.901708380610614
9.38945487692008 7.472347732382442 6.868553433827719 0.6973385884769581 7.018101609956497
6.81468661193845 9.627289193886632 7.387766273514779 2.688963614273575 8.288743930109485
8.973398923413688 4.7980404421798974 6.046537614473267 3.9422093882672975 6.546397671545017
0.5751143368950844 9.716938331925064 2.8850074725539905 7.851812304230829 8.743947231931134
8.445447912997437 9.056387532760013 4.127261343825902 0.5219868443375422 0.11340183577579399
5.18456206436608 4.275118167564533 8.497396881679864 8.817055678988588 2.381372967369708
8.366562127698344 0.26351360855938655 4.607103430027399 0.3632538992011112 9.172892938373352
#
2.985185311952416 8.868860586015241 8.19999131016666 2.6594130532837967 4.01086095968747
1.8350353433250062 5.9012051048109315 3.3823254230740303 1.1687626924409438 7.1680356677430765
8.654739927687855 3.380801431515906 7.414765929678634 3.1328985350399505 8.837105030447036
9.72127305515373 8.869337310949186 8.421996400056406 8.763577454074653 2.452816590551011
1.974977062555257 2.611308278111114 0.9398937385272914 7.783843183385637 2.7517480575716466
8.9977117544384 4.416592012780391 1.5178314051283128 3.1096672071515736 2.5299237990705117
1.4433024182667258 1.594406017252338 8.762514773759179 9.743174428351498 1.609663358810279
3.713169682832241 7.200452366250207 3.860021122221374 2.146198541344189 5.81561899228618
7.292845454822025 7.870289318570935 1.039968262168105 5.91732670105233 4.781002822735115
0.9305518245512037 0.2236624467125301 7.697144608955631 2.2260024013174697 6.148881539655589
1.0896803716289996 8.298963813658098 9.430209379731727 6.621298099092976 3.500200494320644
3.454428534187476 8.422598225523856 9.507461583441465 0.22623210059856724 1.3295017132487845
2.6973298671765553 7.160663578335816 2.393152810061153 0.16835880233402278 6.547800287487404
2.5715627462653354 8.139390788923341 1.3250754852022681 5.3639370654509255 4.236128353766661
7.306554408454465 3.013396997811132 3.6746253286312855 6.544215699540036 4.672318787854705
2.218439555090954 0.4109606590729573 4.812682904923028 3.9585860468700025 4.24813403342807
5.023751592443732 4.436616559882326 9.088962081572731 6.616545228489336 1.17728340496013
0.4026326856931277 7.217629665501329 0.3179225604207998 3.2016334169198837 7.640076817243843
9.693740475281082 0.5742095114952432 2.6278191121243446 4.630367122748952 7.821098718343093
7.283196659254189 0.1529086202156975 4.773192700516244 1.4046031088695399 9.523607470019163
0.5911137922529859 1.9964528938630717 4.293879453522125 4.670918317889077 5.733624129226343
9.413446980077644 3.5750049499154564 8.794254431581184 6.031008496829544 2.4926821495738536
2.0813807793034655 6.822129961143278 3.968364193434446 9.103270654765254 1.7086724706829224
0.29694017468647527 4.766609602169275 7.886313907903692 3.6874042767885613 6.861241574681188
1.3705243317690963 9.222660840924984 4.488118294099839 3.3933039612703264 2.4671466511714146
2.0443008871270107 5.829216209910627 8.26347063503076 2.4788131328133893 5.306538244722536
1.6067652598388409 9.76286940782165 2.6377066919784307 8.342078187873605 3.5889880146223554
6.86219865726591 5.054546517996244 5.4510181677297265 6.0001394232851775 3.544105122749252
2.0788535263223693 6.451908970973899 3.1351819672587284 0.9873772130900473 6.364142928694873
8.686322299934998 4.423226367932099 8.4216885365247 6.036403632230685 2.897137035696566
3.4465988653704054 0.18590145009474313 1.0358390133329287 5.221854783960584 7.8095389938586255
1.8799078648979557 9.96004091580632 9.49495667951297 5.040545202114281 1.040776820571808
6.337856751025621 9.453557581525192 0.47774934056860996 1.4077978182485782 5.340716412125787
1.2780889460183884 4.020264733575812 3.744715142435095 3.8754115166434575 8.184591209291153
3.8767295912436044 1.9166343416708131 3.242674812160589 2.5946080956479083 8.887533508901841
9.853972425522276 2.3790771548703953 1.0653127040982504 7.209601776199323 0.6710011609180366
7.0542597509464855 3.1591684991747995 2.1336350437215605 4.751378203649394 8.24395200367876
8.983571309650683 5.473218564694565 0.7545029145675946 5.4823280516388655 3.158111187258761
5.39749883272394 2.3740951004028537 1.4687411218226747 8.565641125504776 5.1678074257256945
3.3386814973989223 4.4059247564654616 5.753866906721114 1.8942804324543752 3.2386706569438495
8.925155383528946 3.9906902349183078 8.131612602803301 2.5026297614566584 5.224752463417769
7.3653525420267485 0.4576828720065951 5.979109948228372 1.2993372208088019 9.906829462772428
6.096743130322253 8.310709707965309 2.7210263533915917 1.7129181577737715 2.46601583897509
3.7759866707553122 1.1024341143556944 3.8385370481499788 3.855868163915786 7.98420288905832
3.99615603772601 1.0366312890515266 6.164921286822045 0.3670471217290139 8.982288027073324
4.70724526265572 8.485449703511653 2.069823770136531 8.902884727146683 0.6359657276621933
3.355661901553548 4.365278822559695 0.11125455206754875 9.754890364269933 9.491103837555531
8.519403267132445 3.8140526542356357 3.8358299618553904 2.7321923107332995 5.565540849863445
3.10127287675889 1.6234221539631069 9.728701285710256 3.0921830931543797 0.35171530256087724
3.357856433630887 8.12727026377741 0.5375865302718212 6.176301947870828 7.239369168432749
#
4.594999316647881 8.976874981640577 1.9739115701112686 6.29222238465264 9.150173567701172
9.40136410287846 1.1488508194915132 0.9765840909738515 6.120975366204738 1.567981070260978
1.800792981020825 7.304753235530749 3.482248426003439 1.9796671351021309 1.1308889317747406
8.739495436565367 6.7560716447434555 8.177905267716364 8.99926675086591 1.9577163836936733
8.391188305905366 6.784027745000559 8.629967115418978 0.2571312754431574 3.406145889581215
0.6512078745060617 1.9161790903346096 8.269555159127236 9.995694275117874 2.2143502131254293
8.753849137505481 8.219742926366102 6.214528384028125 1.1792875835973038 0.14612799289080414
6.650347674777812 1.0859636067263692 5.1827443943900855 3.2345392183364687 6.687529582678696
2.5304711591406885 6.487303775813734 2.1790892863481046 7.2869208048416585 5.685009383767612
1.2674578647402712 6.709929977301492 3.8083342761868453 7.2676420203916825 9.917120606118608
9.426120729273213 7.5337951284329865 1.2843743920871922 8.072660403773808 1.4908173379583318
5.802157791785932 2.5893130558867266 2.208479945561494 8.551641861093612 9.96325531469501
7.625761379691717 4.552176746866241 4.711151094795473 3.798298750712606 9.14324548342108
2.375325229141238 2.4722037318447145 1.151626498671627 9.059359807383586 1.9067676291933204
3.698284577193736 5.15341933383686 2.451487820642415 8.637251583972771 2.9576884438068807
8.540259376771342 2.2909601382075246 4.22232724529978 4.3521620340417515 9.24038005117103
8.20390908002246 9.727647147811401 3.8793628868249623 0.8108504210507608 4.104771445145544
5.34131187572873 2.944622471834212 1.7442847014624352 9.020100819871319 9.048551128664649
7.106423204358766 9.551437510853038 1.3674672299803854 2.406916035468903 6.43778228256567
2.6036934812678236 2.7411288125885482 4.097130714484288 6.949316278030006 3.9595547836528984
4.085530142680632 4.29813176755517 9.926143564790522 7.398244026943167 3.91346592890645
1.3117848333813678 6.234108584859434 5.656122879266301 0.36854827050551453 6.983432848293668
6.931681102021058 0.5736993084018343 9.455535109482131 4.394672568199381 2.3978578744800427
7.211074114488688 5.267348917321616 4.567233768062954 0.9393788193560617 5.234160218081474
2.8608062738112183 3.7168655019874834 3.010410466618 8.601609404024577 5.13309108607543
2.095665947288662 5.241705412439002 9.68503258103389 6.350134831434147 8.065507224741278
6.739468086555011 9.574474937870278 4.599527871596982 0.5846905657171009 0.7971679613569673
2.9556479218661895 6.333192845104074 8.83630485541334 5.467285496768841 0.5300274458434489
2.6145249797181513 8.214627106782196 4.356083759317659 1.9025748654391088 0.6720387210887946
7.917094885759776 6.247973401867313 0.1439948044004833 2.2335587888684953 3.0134933616182513
4.903504935664475 5.676915939600885 9.15713128305672 3.035871021795522 5.456132051094
2.113652300523513 5.893198223491944 0.757942023269818 7.262625113970746 6.505315747078349
6.909147214274655 8.100479389715586 4.38642747423994 1.1156533565525084 6.571672554784843
8.01852104975109 9.690133994221718 4.385321099901414 1.4007959478653023 4.030754136592325
5.875244995747982 3.358228741006047 6.237113666880669 0.6308382031696 5.589671655497437
1.3854597353226175 9.621018707419516 6.035232735677909 4.13748427922546 1.1591899027137988
9.887648526564625 8.506670504728488 1.8858738923528864 0.16201362619456194 7.348939574695876
6.706775550510915 6.998456181573788 7.014512695480257 6.521085864135783 4.137384683775572
7.914378869804642 1.8825060457532539 9.456686922746405 1.474792695610037 4.857919942892138
4.396152462355362 0.5735416793784918 9.303317451210068 6.719414129659863 4.63278018256714
2.65727643030865 8.580376658176625 1.1515497851887595 7.954564366071617 3.2596180524233764
8.891596661191805 1.2986984389016163 3.106722751855087 6.179293711467016 5.962406909841207
1.0226619092683915 1.7258823145590445 2.230688294856969 8.740749355449982 5.071006295741769
3.235952467351675 5.575293505174409 7.447519813919794 5.519995464307721 3.043060827649445
5.454276968283643 9.764058670800658 5.45638378039151 1.3644482532782587 9.520295649317628
6.850592369004291 5.871508400729277 3.8864833045602967 7.701314101193872 2.857026351268176
1.196683223882383 8.595982954917938 4.405275968451815 2.638144222294945 7.962822405042319
8.538808913153785 3.7431157397323087 4.115642993376973 4.28442394107916 5.565781379052387
7.968362259030892 0.3268606965376204 8.825221839727654 1.9530237825361598 5.508889907798471
0.6628071670217448 7.508363291541665 6.731418672944749 0.2065498679076665 1.2547947094321232
#
2.452248681197466 0.47227201725409174 5.707637000679419 1.767608338621819 5.149320347653544
9.938414363630212 3.4896862247119858 0.9994696169508313 1.1266392500783868 3.2334526441487137
5.624822750216076 2.265031437393052 5.652283005370359 4.765718500878596 5.3616474188891345
6.504660166160823 9.488748834361031 2.8640234110676737 6.557699823497725 9.907424052771512
8.25898980328557 8.969759720242527 1.22663234185349 3.782712111210616 4.3054993875221115
6.681149347133736 4.382008073672654 7.473837480513341 6.840486879155619 1.5288291026788827
8.92802440002049 8.811955178590015 0.6528350412153712 2.7346230662159208 3.78204949766678
9.46565281595468 9.590855337525916 9.465948492827813 5.229951579631295 2.0783536635638105
5.21675551213947 4.1942204126492655 9.83296730764745 5.330164141901807 2.0078694418207435
5.836616482838666 9.444185183615001 6.608104332014477 5.091385622821139 2.1967831551671915
8.110245960452652 6.452078238060251 3.7994979806126787 2.894277324584377 7.655358947023134
0.3600491560553314 0.17833468532849395 5.184418804858443 6.786323181781062 2.3118195209796117
4.000669893541064 8.861108359068425 0.6443920079838463 9.855979720551051 3.878845070239353
9.881302741898992 1.583874443833221 9.05723320434504 5.401823814923834 1.3583808508953963
4.415982172746673 9.68241351205679 2.056913673064418 6.075314339931429 2.703242768452792
8.279857915181168 8.007647148090799 5.994813042121197 1.6611015158731255 3.9247638741915027
6.037423911641218 5.346197674725251 2.0427182027587474 9.44172318815061 7.06747200892248
8.175615362991955 1.6979689817055985 0.2141411212422275 8.243724613123044 6.148418907634546
8.162791837987674 3.2327991031768724 3.8909290284944995 7.93594368653976 8.306481299329661
0.8610595742266289 5.950351865799248 1.21134052867101 7.394761528480975 5.694285392515428
0.8291386585866887 0.2788850211139957 5.232275792323582 5.9368194631270175 1.7839789188778905
5.122395544818694 2.508545818309892 4.663822812846354 6.029634216539477 6.881656926970849
1.9340670836120997 1.1667328796388419 3.917259614744051 7.0259013319099095 7.180447038433153
2.329485323834113 1.0213809870349664 9.919132596479994 3.4375733112421756 4.896642901829128
6.505285263144245 3.689798612901894 3.383274975147395 8.171301345788246 5.089659545253883
9.864618141393787 2.7697321587986616 3.3286876628824245 0.6759779622373117 7.903418594308528
1.6314599571706396 1.4577595732658537 4.510712963007556 6.485803620502307 5.100208636850633
8.788544264025647 1.2268795763554232 2.664865346349511 3.8841077935728494 3.43952114819305
9.080887400296259 6.073506735992503 5.812170057269318 1.045005415914348 5.986859542838498
5.572837919980017 1.5738700638347929 9.572792409109603 1.4659322387808773 1.3456809189393368
2.7049852900567894 3.4679365520174468 7.816468362036735 4.3677740702912615 3.807453342354263
1.8315577591726453 6.862973101323697 5.878037586884582 2.21769531375442 2.23568358015867
4.8414153577972705 9.15270564740121 6.143281494591683 5.443959605296598 0.9753432922822753
4.793751358414011 2.2272378293045882 1.1542177321864795 9.316119827624904 9.407969045931932
3.3795124002102552 5.460140014209351 5.149200590164214 8.95607295246005 0.9631634427498001
5.721286627620293 3.8651850199827886 7.784901175283571 7.092368483390279 1.6799849565443545
6.890979347364274 0.12576615632878685 0.7298210585210052 0.7924399112450047 8.848047437401965
0.9931792196918225 4.539692583538054 9.227860074694702 1.0770485346734167 3.9482730334620624
9.131071673049842 7.170059883948429 0.16605397488829965 7.053932181769966 1.940944461988039
2.346470040687469 1.8624163725209457 4.9612037044743085 0.6509013455828887 6.0324227808002435
2.6232058176009927 7.543505050915644 1.0665077619060188 7.548385647474412 9.608287028376544
2.6429394546181286 4.091933762687709 1.6333287133796435 6.75856622171322 9.723488959407781
8.704793487176019 5.664012363439895 5.823853153519764 9.291700960915001 0.7163097076272376
8.549659301270651 3.3204877243308553 4.203260845703366 1.058735391359947 3.4204329499906003
0.22947520624833917 8.059757429223916 9.138259759356329 4.106253577479221 4.619731101805747
6.948941771662548 9.04801444315771 3.8881621383685063 6.996913842029617 5.64990139068102
7.032249790402653 0.8914489078664793 0.42460004940503193 8.118202921880457 6.172096315171126
9.204503828369663 6.6125005624868205 8.230999388145516 0.3079014943581768 3.408637403174917
6.461200725336373 0.3454027517222338 5.7089484160670425 3.786014094072397 6.45752864792187
0.7330989147031444 0.5735383370946012 3.6335083885545627 8.223252693254793 9.322907346969682
#
4.716354685059366 5.8124408882955185 3.153270437639036 3.385437416689339 3.3584484350887234
4.425144550757283 4.056510253391813 1.866670002722337 9.257511849260776 3.6571787865150664
5.352494055824935 5.307931052790472 2.538784546332616 6.258198900452861 5.8073366353188955
7.864759705801205 1.5600511951628255 1.1301456769882106 1.046859576715356 6.1593672361945195
2.5968881948028892 2.3302812852850834 4.666312406355588 2.6132796954510917 6.669076607427344
3.878097687155962 7.667721497318177 2.9225040299753897 4.7744987129290815 3.1961443402911867
8.160589616352365 6.361261218439616 1.7644008801585063 0.569003417975968 7.190172436842735
6.313095915658189 0.46699744379543606 9.588368122800805 7.570345526775426 2.3800247315387297
4.069862147378703 2.88965867549173 5.560837504991991 6.9260576955452695 3.048236347338705
8.81347349057055 9.808129793372501 1.948424491029797 3.7772749875037173 6.149688415392229
2.258739832301796 7.764323842086439 6.587628777124367 1.551561132539427 2.9295393162825
9.338846101842087 0.32701534055569503 3.5852967663284616 9.469487305316022 5.610746876048098
8.439188453762137 4.744240544339232 6.418171830607618 1.4184879542255042 4.162546178305648
2.375682000658866 4.781499248703825 1.79456134111261 9.657413537429509 5.276248617173696
1.5132973480884209 6.136342346199402 2.9513177118732865 5.130500689284061 7.3990559068855495
2.2905288429792336 1.0448647726082392 8.691729817921699 2.4895385079876373 4.83413268946673
5.345253149907862 4.0181240237942255 4.792170395898206 6.077953566337925 4.767465964452705
6.562620612749043 0.5188444589890642 2.6991533319813086 6.863289110808002 9.07973199580557
5.218942633566666 8.658053205164162 8.423785815055897 9.211513282279835 0.8100936680473598
7.13357174659231 1.7518666079272203 7.576222829270694 3.9700487068202457 5.636909158711068
2.16097332395403 5.530387150468394 9.377963823691934 3.2265326551107067 5.200709582900328
2.176781893411367 5.916264783699592 8.618266298148843 9.64091938026038 4.1081243252284185
1.9628946048703262 5.030189501978501 1.762197224798658 5.6980990790408335 9.52735778223196
6.764256891076047 1.691459927624431 6.479729754833907 5.91332464340686 6.145895711494585
1.0711972328417922 1.9171244818407862 7.7307704166930105 6.9679613654543555 6.789830159591471
2.1809881876527766 4.841475166238722 6.202705605666317 2.88702642408596 7.333085695394102
7.95600046708854 8.824672402831418 1.1360182841508686 8.986609692344583 2.52490390303426
2.835212043413243 5.791345392759271 8.31428730708181 8.543330421646436 2.1294073104577618
5.543605728818477 8.102840042522374 3.625647968420677 1.5007020780236227 8.959385787371868
6.0049826116196305 9.88750643800886 1.3721062854449508 9.809598342203442 6.958731330397709
5.789489196622625 9.630254816212751 3.493028865881038 2.4056909846970087 4.7817815057308835
3.678704360227264 8.975207306450514 1.8563786196537264 4.671794466493138 3.962467203734551
6.9847173456183445 9.764277973029362 0.7878854432231472 0.9642248068969286 8.792587321121848
2.0524106646893565 9.384389170849321 3.8629939754058125 4.0249456597899425 4.840438544212477
4.460154626451002 5.002037956484602 6.903669298569129 5.676806160557737 4.352228946565238
1.810405327254069 2.4610235064083295 1.6453846563807182 6.892358039469076 6.660246980285795
9.400060586805935 5.010485094962754 4.233597776941862 3.6821709079277163 3.1272214537899057
9.401594519929866 0.2682310740040217 8.420458912586435 7.125347271066938 8.599771973083207
5.967518333745542 0.7413174547933314 1.3830240240397451 2.2646890238660125 6.400162417918947
4.924911796062931 7.948748280387081 4.63557354588657 4.2916670575136475 1.8593991038411386
3.274546063766942 1.4045225229474068 9.568224004916434 0.15491334514341126 3.406472624339273
2.144073540296888 8.739935536982943 3.7575356086733596 1.1016789979188881 3.3870115701661003
6.680142381538205 8.584728662165517 3.4282439573384456 2.501607368339693 0.41266310093055036
9.59399702214729 2.359558816256364 3.0628470791300866 7.989194873566552 1.2700532449921713
6.593410160682026 6.506695195230817 6.041106350135781 6.568160056443457 2.855513852556588
3.51553715864791 9.996250548713434 7.803454875446263 2.473078432894097 1.8297358871390426
5.840747589522681 7.322519608860025 5.863378214489989 0.5887139194735118 1.7779489362444605
5.723241561738131 8.155368185207566 4.489253315268842 0.13197508484171028 5.0307662487916565
5.32440068681594 6.59082784299758 9.530751083204699 8.689893113062691 0.5167441309119436
4.037609476639798 7.312920230688276 4.624196835647848 9.874719788768497 2.0672325758070755
#
8.267826280956582 1.3124474330950635 2.341465807285035 0.8131333553844904 4.438295647243106
6.005062448409167 7.051943716477124 7.637289287938571 4.853895173851376 9.808913960018874
1.066442001894219 4.553399792267801 8.314568280210851 4.837686569892728 4.9999832655652385
9.120784851622485 8.361530699630158 1.6690939377804965 3.9807923170343953 0.8128529008857095
9.797881320618997 0.3973789058503172 9.258367630678315 1.6888374402976676 3.6090817009003553
6.041222159120073 8.355961177685755 8.12991906755602 7.288563576559202 7.627022748411871
1.3600797084416443 5.846894623548001 3.0951890441694268 8.452822625521296 9.034712404521349
7.109041178449765 3.3471416431239667 8.233500200203503 8.453760149982703 9.268324458044564
7.28892619822615 9.57477415986936 9.777266606857829 7.686058520673788 3.4248944218444857
7.441682360668593 1.6766477944158589 9.57796913663111 6.729182952404763 4.95840627509365
3.1573421323456197 9.600809191412015 2.497571957006019 8.864635846976805 9.39272453182906
5.807740583749893 6.5128085413395445 7.576451648940903 9.901120814227294 3.27053006303509
0.4545510413601406 6.081222179376339 4.358519959265487 8.908187467990953 6.286710160979235
9.523957130539687 2.490580302486331 0.9504508631304951 8.01438535376554 4.740840978312967
7.313433872876557 8.84773500300891 2.807086454787544 5.7626967851102116 5.319131405690948
3.1966172411913556 1.0121387192192808 8.379342325178287 7.7148546636488415 3.573344991943646
2.3207208735334497 9.190951639376802 6.206471898606157 0.14711996661432014 7.874945629440468
2.6158364527313585 0.3308630307858955 9.916259338745443 0.11415816465489481 0.8214400211282626
3.460396221259235 3.449781964346715 9.537786404087159 0.3708896026063915 8.682697625326156
7.579783428839823 7.4386297260151775 7.118822475981158 8.269809854989827 6.918085322731194
8.009792232806745 3.4943051573225072 0.7144581007921271 7.7590396474602255 9.106576268038847
5.283341178701571 5.969944682023475 7.505400306162285 6.667461908589457 9.447298659360339
8.3759267507647 0.4872769103472292 3.6627315232792705 5.158605726321369 9.053015396511885
9.692696712292427 1.6834967795138933 4.4757067228727285 3.8071737914246446 3.473085792135234
0.5215531449698725 8.34862942849254 3.4993509341611873 8.228936763335703 2.0935765888177733
7.494692843324666 4.381549251855246 9.499368888407332 7.744130643339393 1.670661616446604
4.9706081237691935 9.11394028064421 6.419530266167021 7.315539184414209 5.12765920399168
8.006458742580485 8.67105498915097 6.167259686933193 1.1939856642493942 8.580508765981186
6.578226916405425 6.376108918158828 6.280535475893537 8.472215462527753 6.15328911314795
9.58725344576809 6.13507078927594 6.691269840379541 2.538719238105397 1.8227922001557402
5.521231115882106 9.138668721213161 9.505374908017782 3.4373399276256884 8.332531956625761
1.5138698259982903 0.7436474346540978 2.7937395857516067 7.343299846349587 9.464374334741006
6.505879325292977 2.6997430906514035 0.7107012814983493 9.935779336976303 5.912456712211123
3.309968540412366 3.2761785712154063 3.735929677236343 9.464128810566415 7.7160502723571955
9.569179089045893 7.741562637545067 3.7448886899498497 7.062920825558929 2.250978295365576
7.108240125202164 2.45409852007965 8.095473936955788 9.871901178528066 4.687452955878678
2.6766319074962825 9.783716514039252 4.00105450052094 0.6206425039262138 0.294274030217033
7.707938399528604 5.340886605831535 4.924142582103177 2.877931919793582 4.850687272823576
6.173026150074561 2.7616571594289634 6.282744347521277 6.265114553741904 9.949442028789651
8.067148724085918 9.506537990541322 9.739444969685152 7.475206355523599 3.062984776616325
6.793967955453314 5.4397575569082415 5.679275942391081 5.404160092108454 8.99662117873007
8.423069766460236 6.618097919893474 7.076698669424909 2.9817428840165356 0.11339113355227504
7.819927688098961 3.694676325876423 4.515983173056967 5.8332017981641 9.575445403420703
3.9873575283999916 7.318038318415182 2.7245655231584247 9.324235273239722 4.360880925555453
9.336531620958478 8.693109939140992 0.2943115075920497 7.434496932054055 7.8267632233856155
6.530011230423118 0.6403556492855662 9.268534807562487 7.213495119722443 5.021131799689292
9.297249769919377 7.072507929481219 4.73510733409438 9.800638296839464 3.8827655945980837
5.697232221985988 1.1683560033371565 8.643413771221743 0.24044800724146054 6.948247911221872
3.590554298749322 8.655590264640187 4.403587741673363 5.71185213929551 6.444311484856138
9.387830455493608 7.358311541566698 4.114094653856962 4.96517711989935 3.946136152324298
#
0.914102016031765 0.4243615855170315 2.7220863022543687 5.400759721629033 9.367807346726257
5.810953899277596 0.9916940170670143 6.733134354856595 4.158500380536657 1.9642581483615227
4.863061292914921 3.465368560053261 7.846814137649912 4.5820877236156 7.787514772135186
4.665385814620039 3.8930141480274063 4.0886862890186455 0.16699566683196299 9.736517935755318
8.173631945700299 4.3575073555827855 4.205344054371897 2.228586016730076 1.6160782480766245
9.024263583746334 0.3386003465365146 9.476570957928564 2.255464410224339 6.166355908013963
6.366663416432371 7.055785780145271 5.655037321593854 1.2588109452763594 4.911407775143489
5.2351494857075505 5.178988794453672 5.14363689070885 8.506979138138 1.988325759474729
1.6617147373761312 4.386302182389493 2.8326617355883728 6.776161956467238 4.233566108225744
5.359282907473222 1.3254027754709594 6.397002710319823 6.9844713719641955 8.541594107470381
5.818492240800637 1.5550076864671443 3.3950374817580533 5.77439041531747 1.4359962571379716
4.4350874557823605 3.4802624893212366 8.055377541367285 8.139678063986283 1.1481754222880522
0.18840870238803475 8.427890939516455 2.320820759416283 7.0708759083926855 1.1958020503273699
3.671717320364368 7.398121390479645 2.5005793970661654 6.369032726906946 1.5689394459638133
8.747743008424933 5.696980849967101 7.986783551735986 0.36815445034721694 6.298080016078446
8.426813779044155 3.153761536698733 6.924228848510941 0.20341777679357076 9.935903190492164
6.551796504203648 4.635943421462072 4.776437721640439 2.250207564700443 1.4608748446243984
7.071863972796561 1.8941855922677049 5.115405791943289 2.297713978855804 7.318043253470222
9.913513919912166 1.9515842424243646 3.791914633508286 3.2552489336359427 2.1831510417939044
6.267884581004708 2.5232433204011158 6.7509479719449175 2.7963254462569775 2.8040517762662027
5.616136714505529 8.532149357181543 3.7410418341381106 3.2556932222809856 2.2448993563407327
7.615000705389539 0.9568673820483653 4.457278457471933 1.1645393410265767 6.467957597090387
1.6262354280744291 7.073175863018999 3.5545770191132497 3.0567413995290966 7.2403318522242675
4.896988134399752 4.5972715095726935 8.596756191143477 2.156935075136585 0.6904945499590811
4.081535802253414 6.818018504783515 6.991029184204766 8.275959514436767 0.9795881080742896
7.918035088658341 9.480777763885161 1.5272614701132428 0.10865580878654768 2.374120377289159
4.4762176635736175 5.542675580431864 2.90341759511582 6.893939407668993 1.4375422455341416
8.450610759668194 2.401796304260333 1.0302144428203377 4.706787692466003 3.3931849483035466
3.6176315258647387 2.711720402390165 8.273451556806325 6.4345616854691325 8.033630643920887
2.55291015137986 4.413950340744096 6.982597304981341 4.019037191073652 8.717973905864167
5.5713900541238 5.378296588880079 4.047666344325446 5.448397671943157 1.5104689668539137
5.987882987046121 9.357891968290296 4.101413484791157 4.5846919851225545 1.0809474863184025
2.7881791317691507 7.670733704166658 9.963599876503832 4.018996389854931 4.752292562625905
5.11036125290216 1.5510145953625938 0.5277690484835222 3.766649329945596 8.960083439575993
2.9006219382981353 3.475576300738746 8.073089961014476 1.2915740887964078 7.847247913083352
4.942587462112444 9.257548536012775 0.40973511272103824 9.439708991881858 0.2446265282562523
4.113746639123127 6.5315654915481725 8.633337495239298 7.565920879974943 1.4276171491196417
1.736453854778421 9.704570371740164 0.8658280452284552 3.016721424685493 2.0038604114795704
5.5039718845752 4.987437664144076 1.0451168246090212 5.600994889193911 7.890286760903031
1.1960076192268185 3.117230353031128 5.490065302848831 8.825931171485207 5.610957965478524
8.747032070066089 9.09106760978258 4.41811220104995 5.74860239468948 0.44947526233724133
7.430372217199851 5.12390575233705 2.4528659710667244 8.234611315975108 6.104259857641128
1.4960382735231046 7.2605943007885 0.6397480405144735 6.026712302066551 9.35817414694656
5.043023826017283 0.5509279041320374 2.449823275674093 8.601630303671497 5.857055708255399
8.324286823480922 2.4942655738546198 9.561443474402521 0.19019012817651682 4.740847619085304
7.941073308603622 2.834668717133968 4.552059534122716 1.390065284967437 3.4276512966439245
1.4094150526121756 9.404823269894074 2.3850475480395943 0.26535160423148163 1.9494449640622928
3.1068515634762237 1.8693322424821859 6.413534651432078 4.462085749677402 8.243686107707603
0.11628047804494379 3.685984121923331 6.820309262366572 9.62905249066629 7.365103903765581
7.900752601970629 2.3394801333754973 0.4722259928524082 7.801496439997921 8.023203236813005
#
3.52018292173049 6.228837501206165 3.862573460771835 7.909123204452713 6.540491885875932
4.862199403185444 6.316569410699087 9.416034175191548 8.023413604771116 5.5210065766403
5.040213078211576 6.647273460495582 0.10306886547549343 9.604756364145958 1.8232285111148903
6.305908493198433 4.519977905338159 9.297293191949674 2.294795554188265 9.539333551910085
9.409814196396576 7.029972367379808 5.50327550013393 4.935961103086816 3.622582036087425
3.4095253073981784 3.533883621074232 8.364291960889076 2.4012824500099015 9.686620949589791
5.247431756648568 9.208606440354746 4.756681589900209 1.8788132069932324 6.641538403297667
9.562169432293663 5.485167314888716 8.03610694436033 4.196026988547767 9.78158031749343
8.73247144948283 4.002112543129388 8.525564619962957 0.21695038000283517 8.41074370238016
9.649830360896846 4.893227435751638 3.552691076649979 3.082743250260302 0.5137404849202696
4.966890697324856 2.6818535622283473 6.899701009516069 8.378067820129932 4.6540092426827195
1.3770478959723946 6.181876308059291 6.338821788246003 3.178423064744198 9.412678238647683
7.142781587339188 4.179892348179103 3.654036235204906 7.056198483055038 2.254476290499902
1.8577529391291905 6.150395200098957 6.921960322878315 8.73354400912848 9.370584328244576
3.1017915738634274 9.781251955388871 8.335528551550938 3.940926114910032 0.35434511294689575
7.4673919620964195 8.37595403993641 9.94439931993708 4.990712277158329 8.600052930077084
7.486001252507791 1.3146410408580302 3.6249840133532376 8.590670058140688 6.461060941803982
9.211233752095428 2.4322553533320908 6.154675524776027 5.98017057476802 7.877589422098265
7.4034074129893925 9.009547604587755 6.014017420416701 1.4640051585654734 3.416479922497291
9.355316438899681 4.330514582218722 9.485820461212615 5.9306211192814215 2.7377881168592224
5.17426938356931 7.526466504851465 4.63359654347496 5.485971993938081 7.348472249647246
5.764071943614183 7.242999663225608 2.322662433905681 8.170025404710328 3.314223244754649
8.664594444286681 3.8455313488364986 9.830334224128244 0.1427599342290211 4.624049473198608
9.746050016464677 4.550565514783506 1.893201527079381 2.9614577932077126 6.730753470859666
5.001800884830719 4.021589285291635 3.3987553300216686 6.3148427246056595 6.289377992725786
0.6073792058176775 6.428222889634367 9.523751916613838 9.975517091673222 5.882876741428133
6.4090828998617555 9.303980982153206 6.668032660036821 4.054141277145627 6.5808878814873495
8.815028228835443 9.00036700997743 9.56619027587962 7.906076562860067 0.33154440260993834
8.486882028900293 9.47735123830553 1.2306088736701306 9.183333053075089 1.3816780655718586
4.5324748500209475 9.81889976383394 0.3932477369306717 2.0329794674839308 0.24284843322654392
7.283524864617158 0.560006337801461 7.750752011989419 9.985768904405592 4.040111475784823
9.372546779043635 3.1152411178604793 1.917950171178195 6.3831128953334675 4.393211220261457
7.473916904703694 3.9669924625002295 0.8571132220810069 7.720714634673371 8.034348407453939
0.7827366618050107 1.5532043583465747 8.324293685535503 7.061392645773337 7.879529295193388
8.037667124785406 4.120686771760389 9.733002410918242 3.9410166009075507 9.035289377226794
2.1251796048542433 1.42315744982873 8.104923281156207 8.035153515237653 0.33096975567307485
0.17946564274129084 9.840896624929947 9.568379328916404 3.0430327524647653 6.005156970502612
4.3997912875026906 2.6999705918482433 0.23134255178303942 8.730433144974622 9.174154030490703
8.381075156464027 3.4790447201181767 9.602192442853049 1.3898250323812995 6.46443553751205
1.4722767164982562 6.763550408327381 6.581788039214859 6.681038272667452 3.9617187626454324
9.492841016115351 4.628161480458957 1.5360126135139751 6.785743014313221 6.937582766308352
3.6278861138452507 0.22119945778306516 8.22009983388011 8.025226964353404 0.8456333505212399
9.45573093274276 5.472891629399474 3.9157977136005173 6.33446775353152 4.868727870173456
0.6343916571662733 9.110381506653592 5.710848451443214 8.88941441258402 2.959756464676409
8.791214002026528 8.385202704191954 9.663949392017432 1.5781413966156865 5.85680209344877
6.356967038267052 8.438499387770076 4.873577630129544 5.037751548361906 7.485715535640651
3.0528349058476354 1.280291218364213 1.0102869095421125 9.167599595109373 8.490150376861019
2.4063704156913723 8.172972738981008 8.257077313868114 5.489213264789249 3.124147147306741
1.350502006709692 0.9968260571003951 8.498059174825451 8.725602270075028 3.62162075605514
6.573502284643125 9.47006388155745 7.211010866952364 0.7285501032086437 1.3082841229295084
#
4.788171634436159 8.27577197543014 7.213056992404875 9.31716681764628 1.9391979088981626
1.2242725119400468 1.903304555163091 8.31411555979031 0.22740324609386775 1.180170986109918
9.47783774114862 2.924231981526648 7.200167520681901 0.209641604977576 7.443056753904805
8.995076976727013 1.3822271705447289 4.2197044076094645 3.6126639100636035 4.884695818166876
5.38128305092251 4.937419585880688 5.953466422600547 8.37797852813452 3.432406112687291
1.0897984164859627 4.910613927398951 8.832816216368883 1.7248971060791276 2.9859021488660717
6.157877513418876 1.845660774990837 2.250597360287932 4.93907435063484 6.0720813487242165
9.640852474651965 8.196634525374192 1.6626872359571712 8.154298322439264 8.309761817813795
7.0728122271417675 4.266822584373136 0.9061886287657979 9.22855610877242 6.52442941117902
9.849571177014049 1.5461685280539483 0.4218074052528955 4.978782391275462 5.257071924513921
9.015209191470689 3.7374545723636294 3.5079156518815817 4.310120417703902 8.002820203256054
6.234002586054617 2.93063455274809 8.147587661793825 1.5033723738401594 7.072532152971842
6.91727474051697 7.117725596033904 5.80226265651925 7.521062324538608 0.39669376070301343
7.024626760015876 2.7152147578925856 3.2890639423018 4.690802221684903 7.572655796381332
8.436673182292532 1.1944980271497032 9.00721265740162 3.034655331723544 8.06008638141446
3.32635137647771 2.6018962407139816 8.065406283157738 5.744435032292836 3.715683568982799
1.4090430979055912 1.7428865411302272 6.2146036845316655 6.19343454349866 6.678638067964613
1.2382222460089762 8.089731950857614 5.790332192075516 1.9903354217625067 8.893866076563453
8.24954589433026 5.746746410614985 0.756760048774713 1.89758752324795 8.672776060207461
9.095123962253595 6.0424719958082935 1.8475652867223982 2.5394518298538054 6.912334125759624
3.4415439398939585 6.333520605597533 7.110864069303698 8.206838407450551 6.444702538986388
9.705239672156805 6.434671337735995 4.384128858832207 1.0671004594809141 6.674816479819086
5.709085196153979 7.533164810571625 7.848632280155698 5.506382883702494 9.397758460847605
1.4619710146244542 3.4573636933247007 1.595783351698374 8.796020517439121 7.240221690547239
8.069620241601863 3.228208665265284 5.685753661984521 8.12633248345841 4.6253085714707405
4.807992721735032 8.123252714069853 4.183568422504134 3.5641341807819282 0.30733933142790004
1.623554418509256 9.703432766639962 6.324333393265105 1.1865935418840015 7.701892042009135
1.0678553200601257 2.108918243520641 9.701647830300882 9.60459463679106 3.2778254043841324
0.19425890702853366 2.520931736931887 3.887346494322956 7.09750894367404 7.7228827189125315
3.2684198325775604 9.624683132156424 3.775895108311878 2.6377277760272206 9.94401873522299
5.797697184315812 4.085961269642217 4.332237776201739 5.103621343815146 5.6544654960055984
1.634560469464529 8.403127029247845 5.349800686724437 9.123936323373098 3.602112612559486
3.748993482487042 7.659058666277923 3.1974922557239167 3.551318882406065 2.777702410991234
5.989105110438333 9.94969643652432 1.8858187631088814 9.28743474298097 5.121182551624063
6.767277810912876 7.298038158460529 7.018059921303778 0.8579167301785002 6.880777671195282
6.676322964724694 4.936787548471891 1.7081645011571616 3.260762865331667 5.3308432778531785
8.013981555161063 6.226751106995333 4.991761950226911 9.725388455408483 0.6273275603720281
7.897753118851165 2.636122009154903 6.495090167816982 6.314517873051697 4.134266238399843
0.7338445644089582 4.8760878697331265 5.980215610314676 6.1111531775587125 6.568885970539154
1.9510077468587563 6.4147439335390795 7.9552289711556465 0.5694522475170558 8.538765299806549
2.8868520237125574 7.282775107359694 2.5824895643471946 8.713885061783689 9.980856777432109
5.886776709588426 6.895565491017319 4.975139094382789 8.110638162484541 0.6869331113614443
5.813031294677181 3.6025147861224864 8.003624990641518 1.1311299865090119 1.6142617697977135
5.343376116359926 0.5245574179279044 8.314206728074748 9.27738258215305 1.9972692363307036
9.918526022664395 0.8808942842136354 8.018214949562264 8.225607486692166 3.215902567297663
5.6082691948996555 0.318729265585711 9.759208894709406 0.44112147039061433 6.208983590374464
9.8782213912644 8.375277029216587 8.734236823088544 0.11881348205935449 7.876651747810341
4.225667136575949 7.775469197129242 6.243764129535705 3.2007093630150676 2.9561739166747247
1.8775154511741161 1.0464425933771864 0.6197280919341663 8.945333479762853 7.653328551050119
7.838316304792723 9.970768761965626 5.698095176636263 1.0218075615753897 5.614184799968308
#
2.8487221034939214 6.132540051099504 8.484229315802043 2.968382890177514 4.716497753250063
4.256524406095623 6.2872251377760495 9.261735329756451 2.0999354591010917 3.5070148717977605
8.132757690009372 6.518919268941721 3.7312432143560708 2.191844773977493 9.245365915842207
0.3727013140969673 9.511970734703812 1.7878980717477146 5.533616831662044 7.702706489747555
0.658949394619313 5.599801866721782 2.1360847995118433 4.57738814054229 4.628037048382227
2.528499013413325 2.4212584095241634 9.975919525703862 2.380708832510446 9.23553236112593
6.1109879673134975 8.99757380339959 6.813689463437463 6.598986971110335 0.9334988222884704
6.764791976896765 6.668581921751281 9.174462069204186 1.9493086772503578 2.2377025593509203
8.108796195257174 3.056905431907369 2.562135730826327 3.5354587011703886 7.31348712122149
8.53384779060349 3.4100063358107593 4.833532316164004 3.126053383195785 2.9720325281894837
8.535480044499383 4.765637795095247 1.5295216492562367 3.109529145471642 3.5772398660022855
4.468803553590273 5.312469763672555 9.124610893073168 3.582344750555312 1.1556141130406439
0.4551498126716229 8.421774859650007 3.389084314028519 2.9754785127764283 6.26481375741186
4.971860555913732 3.435421184679824 9.461915649290177 5.053925980349054 5.926729815703986
0.557198902314342 2.557196920902281 9.317934754623085 7.668946672561333 7.643312290961228
1.4641975588663936 3.5466919628895566 1.692925330098468 3.890660864380342 9.201530463470036
4.7798314306023135 1.7392602944954434 2.2522130595059626 2.6331582953881374 8.290481011858322
5.359309966142594 3.693715615184911 1.8256620510657458 7.950649408344331 3.875350733177119
3.7736396014512605 0.9374142732907584 7.825810596411072 8.391325989561464 5.11211665958681
1.888530222032808 1.8737746056923115 5.289043225659766 9.889561158893528 1.1898730069724541
5.746268918108258 3.484726478260645 7.776761817356283 4.610956080667897 0.6933359476605743
6.818268583684291 3.327445435076357 6.506667908364131 9.581289608085363 5.1374402871559
1.3044959414877217 2.8934818333581744 9.737042660495975 3.3077844708361157 6.449541098833908
4.02295931281358 6.340296592910377 1.3965246150844086 9.32495932718156 5.0908000662086526
3.453106022417337 8.322550585370639 1.5288050382348715 3.5520450200890292 6.421803245104804
7.435777822017153 1.411527597313171 7.903890596249581 2.643556792892878 8.248184734233233
9.105455392798282 5.635891105953113 0.7344442900001171 4.149483149847827 4.863952693858638
8.58385580282981 9.810721478671935 1.3585583999307258 1.273915579035858 4.18818873812868
3.291770288683886 4.932035048977014 4.396942124177455 7.825753973511922 0.43782106185979686
8.558322897578664 2.238184615803925 3.1048831657168643 5.378748583218257 8.000101580319484
7.058715096048246 1.9400565001391934 0.6801389258890733 7.408410171176868 7.215593094370699
7.5059319736333405 5.161444736018647 8.465638629234313 2.3708266210557953 6.983123689338827
0.18677810119389893 5.112178374282592 5.578709943971762 3.582508333454027 7.494381865706384
5.658264006257118 1.2111875557948801 2.7934928860150956 8.73862792257886 6.760433878426076
6.523659217584333 2.0660617991155155 3.4510263496546596 9.016743226015649 5.837482726757294
2.558258487891466 5.914464138626229 9.605206060375835 3.6189837286409414 6.959944798427156
3.022010572806934 5.9931534898335 0.8144281746038295 3.3363468014603352 8.268455561557426
8.469842394865081 2.5954479147785916 6.816928980165843 3.8017023228694917 2.4181112504722804
4.500671052618574 6.6664217068619145 9.50687561883984 1.6441943791914246 1.2970278201967074
8.695594484649039 9.790599641143483 1.256677701465477 4.683313763172672 4.726185561338482
5.717005164261676 2.3779733022274385 8.107494873566901 4.758555156692991 1.7145058417377306
2.636331856177731 8.333367416957246 4.064111328430965 2.8308031883278866 7.636459892123579
6.796722811052279 3.7178143141483453 6.161626896707254 3.977458132996097 4.553100136924325
6.256395293424464 9.545194806832633 8.733850155417773 1.8568544686787885 2.778825771046994
2.3700561047578357 1.9204647303955777 8.185624899327667 6.455843694276606 4.781035717723666
8.10339076562165 2.562732049592941 9.05223453526903 0.8488357194929463 0.857028046857339
3.51217670886828 1.8191606496621757 7.628049343586445 5.426270521706033 9.493062579571983
8.42567124580398 1.056185869548047 4.294251062475203 7.622179938101251 7.137764005546403
1.5723964762227598 5.072219134499836 6.093078108584294 7.575118453387431 2.0582159559494384
9.20404874069012 4.914860084714568 4.95007849303076 5.214531939072658 2.514510783149048
#
