#
2.9772047516953206 4.746398152247163 2.6492959599474664
2.5794321859556786 5.06383485631408 7.974243710568231
5.900015041988812 9.433539147345243 1.3892314220171489
4.98305171177095 4.318181301110466 6.81082368780878
1.24590183475425 8.573313861415562 8.486669077010982
4.943686428105851 2.9302452089451823 6.897123938064818
2.901413937413928 6.709420191417314 7.3499418334336815
6.204294013407615 1.9132155747998536 7.211346427644917
7.844399770883471 4.687868440951656 0.6387392539504768
4.403564977262533 9.567689200308568 1.8464838066362965
2.969762647203114 6.639987152533137 6.736828643476318
6.857313745703388 3.799234617862206 6.443126018250624
5.554960225546956 9.98780103836623 0.12043194039036287
9.24204869447091 0.4978280464997109 3.674645038886146
5.599674521095509 3.9181467237342487 3.65334553956132
1.8148931132547772 7.753143056529375 8.92628428255587
1.8799850578256843 9.436091840869302 4.297495253790983
3.414347374803467 2.64205736135879 7.941098673080816
5.492188630449164 9.92851599396172 0.5974130338866752
8.893642867320134 3.5376286086830375 1.585382274872479
9.167014842950044 1.37836374161494 8.890751289259818
7.3766967583509855 1.5659870498618078 8.950313923019058
6.871650193543557 8.697166999254183 0.5654569689453242
1.109430784606242 7.8355934959337095 8.740182640098544
4.627159339277344 2.5599072618898715 9.71336461446792
2.053238151944996 9.152602543705749 7.465691142975281
1.9013474981187253 0.5739664905760353 9.83179109110073
0.8244798767320995 9.346608657598637 7.670401333626453
5.180872123020438 8.965709250191159 2.5075456271780525
9.859962906970168 0.42209863573594397 6.791526931091568
3.984113811919026 3.7164541544314598 6.9184467089056145
5.910123198749526 6.647855527302682 2.0944380014074118
9.202812229342015 0.9850645324296927 4.084594114179396
6.702118886972805 6.964512637889598 1.7053920974152605
2.2968793114523582 2.609350273702142 8.698115451831399
9.232016663412102 0.565945043814355 4.380861949206064
3.631814383082514 4.379772786477062 6.39652484439931
7.810065380521134 1.4892712412260636 6.336745981007523
2.0545246154546093 9.416724257698917 6.024465876998023
1.2088271980310847 7.804603927292536 9.811657345821535
4.041006062270842 3.2882611303213656 7.6351407802629145
7.667662055375441 5.450403908966203 2.4766759082271426
5.46728607763473 2.55624035925284 8.846561130670962
2.2499372615245954 5.972266340749866 9.44823283231776
7.047305251098542 8.512959170914943 0.26739632822978177
6.877174235071795 2.072128025936458 5.260352659670252
7.708469165735522 7.356858816721211 0.9053601319099212
9.90667424249851 1.0091195512002145 3.1921976884925263
7.000533659954214 2.7073721694195108 2.5172823663026285
1.6698540538129985 8.501211845188218 7.942977751184483
2.200318182807024 7.648892674175764 6.906353316189803
8.144535926099525 8.39005551830401 0.5456432070107295
9.17644830784445 2.727218519774549 2.42181550140302
1.397317148965624 6.4487247379260895 9.871966532855753
0.8322325946488958 8.302085151838158 8.741328135293752
0.4301459540799595 6.760499096757383 9.979645312467973
5.8964757431406705 3.905330475688756 5.297059124230188
2.2172362406894646 7.6718415514151195 5.077418518096073
2.683436117515302 6.930857376563562 5.564443098617355
6.020950972212234 4.121404724305357 3.436118251408012
2.7912730908815915 0.20022189646265964 9.94374899908289
6.2118918406688355 8.534248023336811 2.0801912812120724
9.871050998317322 5.435263826252255 0.15230604792067393
1.2365683963491039 1.1366414748799611 9.99895505799189
1.3707183962968914 9.7696333444723 3.339973665841383
0.7140513333175447 6.273510760423614 9.881936293708145
9.883477738903249 4.512620247682235 1.4022291122824484
8.96957585083311 7.872048579254665 0.15434565246206322
1.2538505349782874 3.743531450697577 9.97957404114529
1.0149098874686535 9.756186778565446 4.557727051830787
2.4358214319417764 8.592575109247719 4.448723356309049
0.3979925929680448 8.198374854900962 8.780230531080214
2.0228586008243394 7.65055662675308 8.677638006822121
5.137488927759111 2.818780635895389 7.209217491922718
4.118348606761626 4.737254195983348 6.3060258234981506
9.779938864249257 8.757758754493612 0.14634428706400637
4.916970826887286 3.0646719453890507 7.1959099996010565
5.945758246955405 2.425443497550544 7.2011103305618995
2.927701283730031 6.93763336618143 2.6595340716209104
8.950143199157935 6.047817854419774 0.2558940979432993
7.22389891186587 2.022762266982524 4.389141217442029
2.482209211339291 5.109791188351761 8.414870217457617
2.9875040502141936 2.959893544416384 8.266402963599283
6.0088386229842055 2.6898053235234234 6.941596012537273
5.141659853721889 7.422437204204602 2.6319710838799293
1.93427178582276 2.904937608203603 9.55284060854531
6.527039972314853 0.8975219529465583 9.244238535825684
4.627350702317746 4.326550052658782 3.053947914043429
9.294170535296242 1.5381970541989887 1.62269353376997
2.185963089632793 7.814575303966313 8.05850154645939
1.8423390496038685 6.645065423286303 9.731876446186071
7.046845193788606 5.50592094779851 1.363850931826478
8.428823614208685 0.8007706552629283 9.089844057275878
5.803131509724336 1.8921847858797252 7.314154655990227
5.905146222248474 6.608174075106665 2.438358891566367
7.821039795030616 1.5280675874971936 2.4317864078520297
2.1655884809362673 8.243216576751605 6.406844818977836
2.1321843565167353 2.59097238689218 9.571913605118617
7.223788268438957 1.9054659340892601 5.977322725306108
9.258274413228099 2.3179572473205523 1.7236552171114958
4.286729231834581 4.744538060621018 2.646782343484643
1.8848784795344984 8.323987804323897 8.64805308715395
3.767607581177169 9.970751866144305 0.8306898586407039
9.911405969122752 0.132637583134378 4.473729406977941
9.360727617263498 4.9653325914208155 0.5250204602431081
8.56042726866678 3.896071086159458 2.0132962920384703
7.354594961065938 1.7083699202300906 2.9349758867837896
6.724850723211386 5.991135372719992 2.19502167244093
2.7474098330124765 8.242281597036003 3.9936575721818155
6.560830616883662 9.893800472594751 0.1558271324741245
5.1757657425072425 3.243069653444241 6.4694281720368725
2.0971738313434583 9.268184381774205 2.1793293914127463
9.693691599565486 0.3356093343779465 9.850715706404465
2.417714288567126 6.430987094408131 8.174126640596457
0.24375388559274214 8.887975478693372 8.064932400317614
5.402062878117911 1.4457861224412416 9.275583575951305
0.9047513130015572 9.82038947738949 4.229883220251622
5.9557780245099625 1.1992385128627618 9.767398218628344
6.878052730189649 6.586679457858363 1.357662879910241
2.0948970398970173 8.341812248107003 5.989428860191123
9.836980145887235 0.24952052161086336 9.076375033526304
3.977782514325292 4.745117656443062 5.849512249580471
8.04954102856562 1.4825065738830028 6.851878359984113
0.806724514499475 9.888605076688949 4.300115839473464
8.630656248256717 7.609660660047005 0.27864430521816086
5.862074479440245 2.7205933270907474 6.8594612622189945
8.20196134910266 9.296304459089018 0.25109584142945085
5.621920096518453 9.874288730957613 1.3687141923044606
2.8562920353622854 3.0449450344301163 7.777816563781308
0.271713837543901 9.400467425736242 7.735162645644779
2.5707446127945426 8.226742224343294 4.259326754396159
5.396626648760081 4.087448233304882 5.9693550847050165
7.228542160167951 6.86749335357861 1.215884518056615
0.979568847298987 9.44332207452816 7.533836572753227
6.528601657920191 1.6381594292326267 8.92787675174835
8.064777198483883 0.5076368337398476 9.890273950491164
4.8828920866672165 3.2558768681031363 7.584581703793859
6.2862806613641515 0.5488895673535037 9.505414261681823
2.2979839293630753 6.862594558860314 8.662257192077174
8.419509307497533 6.911830169279554 0.5671535237732233
2.4589785726529025 3.5143096737713337 8.563818140144884
8.56334591922661 4.599575537175307 1.714458143889079
7.438954976338184 3.65330885280932 2.489998014396987
4.282985458973093 4.303235070862163 6.895833028165119
6.754567932780964 8.981947266248042 0.48707302641986683
5.536779770903936 3.887290844143669 6.3403490022268025
9.118970443254563 1.5052197371272413 3.9633965845483807
3.5251331069448804 9.606799776585959 1.7113282102768603
5.476076590834669 2.102215519070675 7.659634011636868
4.895632773741529 1.751052443706675 9.210893740402742
#
3.896695763628626 6.504540913471613 5.976614057395285
1.0300731863780115 8.411888356241837 2.005487808691218
8.955789005850859 2.635799451099196 5.991709911320757
5.034098436679714 1.3563240301344361 6.022813297406028
0.3524765342246914 9.514844978988368 6.304823032336967
4.195174775306409 8.131660872297749 4.943057981923468
9.390532793440048 8.221079339732201 2.3784107703083217
4.932726159524807 8.684091827933232 0.6267377348562553
5.666576549810491 1.0848323335253705 6.5659349436210315
3.4826096554362698 3.2821868497487587 6.23678647342296
6.30863541191412 4.185733968912562 3.5624554553098173
1.9510250114838183 1.8650063152227094 9.356803220465501
5.405800667138724 7.218669622896395 5.801633256057192
9.421034467004015 7.604463486968182 2.2449285863421222
7.236303918386414 2.695449673441576 3.911686858851855
9.903554506309693 2.556594217220925 5.226100676198513
7.374316800973451 0.7410822709535898 6.405627266446973
7.207910216357073 3.8795391704024604 3.1702228357596836
1.212910178132101 2.1453004074271997 9.079990116932894
0.15005025984720533 8.5872215841285 6.4264304227839295
1.8539592002760519 6.56402123945626 6.05006705243142
1.6034073778552482 2.8803069951316123 8.871199442521018
1.6430028665096037 2.7726556960080413 6.278641133925095
1.2921812665281305 6.017182422654512 8.259847896641551
1.7311702940336353 8.174647974647733 6.206411488553605
4.2909566400900845 8.260681174115902 4.223104231798347
3.38352074134944 1.0534514917767255 6.72499436996295
9.931373835699953 3.8704085671390427 2.0673084341262715
2.2691332702802334 2.483166100302051 6.927629202855199
1.240823040760779 8.22191085155865 6.052858184488224
8.02727961302206 0.3992413762605844 9.942228121611343
5.611290375204126 6.8666288822229555 4.844531673331403
6.865401210639487 0.8319889444583062 9.237932351461595
3.0836589161850645 9.844901188135822 0.1298117766109783
9.726792357553911 0.336188775763425 8.841571905275707
6.0484441592354425 3.9895639751431444 4.446267206383931
9.247798188030206 3.0307763807663637 2.433490046016753
5.013220021329638 8.592256428241324 1.628959350259732
2.869286364903507 0.8807893918200369 9.703887985705837
9.549304502154538 0.6248393867571922 5.857381958958549
0.5758159053339194 7.039811730754984 8.203203095158843
2.208242712555975 6.486065793860719 6.0635980720896265
9.87693598806554 4.192935657161971 2.213453807975969
5.5089924928636735 7.950081349164266 5.540293147459229
6.47850313664612 3.228960119019951 4.0987196131955645
0.44225002827407955 8.856457582560008 1.931295818551745
8.103918579093627 6.310742021179931 2.754686996947202
1.4629281640548553 5.653474089317832 8.897894215548387
3.4690767133885707 0.4374640851950886 9.866932938065597
1.465086154596667 1.51359740220094 9.891868378953511
3.109947518738905 1.312619415498948 8.38076476432168
0.24406949169795666 9.980407940975951 4.224948151380509
5.2973601441475004 8.485666583160793 1.2544532594048539
9.570505613861723 7.5188851723375 0.7084352199357076
5.915103307777342 3.905727024994727 4.9412557579090945
0.9693417467221943 6.768651397390908 9.501239364163773
9.981533984078919 1.0999496610485826 4.501569267211382
6.071267368905541 4.792432573866665 3.595099362275819
8.19916054286276 9.351686554938016 0.39611224940654566
6.567689260029628 2.799363390996438 5.599547357566084
9.841264870853923 7.397216217021276 2.1236549840247383
0.6650739085662813 8.799107715918009 5.944682967382176
9.816878332096822 0.17703210970550565 6.254870566563883
4.8476494041498865 6.016338761049867 5.915904497021321
7.265491053256088 0.5576678039989584 8.359243293551087
5.433505003522966 3.4225725026504534 5.576651313767455
2.104631001468429 1.791858742698528 7.885013835536086
3.5122706938912787 4.421023871999006 6.113685305664243
2.83468132791684 1.3054417801684326 9.788438501939744
1.3092119017520942 7.836449037628819 7.707742716874401
0.3444480363965141 9.526412365370525 0.7741679287339016
0.12802913146513184 8.704862050096239 8.918380876041105
1.2621354366913748 6.965038369925469 8.026324780140147
9.182478682331851 0.20042000630647383 8.998423716227624
2.621777618204191 2.763819195286794 6.451546778041298
1.0644274552619142 4.425662116095345 9.368395365103705
8.185518693070748 8.8378824111046 0.5543936220240759
3.6063946383438057 9.278436028544892 0.7016422999211684
1.5191190949103603 4.812904691966927 8.578711417091245
3.2004471896566558 4.244861333583216 6.162190933621533
4.073039859515391 9.081228924084275 1.674513808387451
2.482820353711215 9.1167115295694 0.8793517764027579
0.3559284127564002 8.200091398891548 7.977985641716044
5.55400454211142 0.6612283781429813 9.806727377967146
8.253014970641354 3.207525725117308 3.6255439865113104
7.20819809072609 0.7104790979904303 6.613410777031307
6.012455679490802 5.8508571800079325 3.34622026765631
5.029947919393877 0.9277254486870312 9.496246720418856
9.449638705258174 8.368023906675639 1.39198120425967
6.091308249403095 4.689427090841212 3.271558287861188
9.87498928288114 5.483307801823436 2.2254697588215273
2.9260241648592107 1.7942355790744147 6.708377108410554
9.252946423157805 2.0419112371261954 5.967897311858343
7.182143955149721 0.5603514459008236 7.950386681780309
1.2507801124595055 2.0882513624705026 9.372632871666605
2.727803308814252 2.0275832579418975 6.485873877614707
0.729055073898996 3.98942908287035 9.911242499170182
8.325463233649605 9.177258945379233 0.3642798420540707
5.871030631619745 7.695415267475279 3.6770592074205766
4.948574421484622 0.9929505452380862 8.3900206156401
9.591423687138926 2.569512732238395 4.44490145237532
5.985229801418081 6.468125345166336 4.774334745091464
8.655771958107541 3.164618385796113 2.389238506960505
9.62633273365822 4.30604135614262 2.334028912145651
0.5355422880234055 9.476182190381499 0.42135313585664846
9.68122955293656 8.056968841912916 0.5738957540187739
9.678846903291728 2.9743410805529775 3.011660750480755
7.813851035657304 5.375536865071751 2.79990792510796
7.053219987173383 3.047008037263762 4.935912162830567
1.9173086462931956 2.4875103617174337 8.763726236418291
4.490681844283985 8.081622860192233 4.707254923008675
0.23523264522320364 4.329555471213431 9.71739341499456
4.3574826042418096 7.178397704388107 5.829026370490674
8.218440302337623 5.697845906798692 2.471728177862644
3.9217378902183233 8.319098086787644 2.8664130587634657
1.970059880665517 0.6367941023518311 9.974426287767578
9.381450079342223 0.6942264450351301 6.970280753732724
7.475822619657457 4.725670324074027 2.9143515518550647
2.4747779612021468 2.5574693078192574 6.660439025613115
3.9908427629249266 7.8872129062044465 5.584492705933399
7.2250254943443055 0.5556108057511988 8.892997373184887
3.70429001363327 8.846714917220343 1.8521988470112434
6.298341272037556 9.062887862327717 0.6200899137580036
9.386483973785417 2.3504812331405653 5.824965352652353
2.0503706936492514 2.1262154039871444 8.308328828578425
0.716943837997257 6.717428176842497 9.607863616328189
0.16451503755862618 8.138855295113487 9.969498424399529
1.9250588033290246 1.8897247427701305 8.917652059920982
9.977595957677718 2.696419726392817 1.5138961193999028
3.2007402756835193 8.325143098173463 5.613571951879089
4.4139460510956 3.962264200326117 6.093768882598674
2.8111869876415434 6.634371334194292 6.035510228221656
6.264781143636159 3.9468340488609 3.6398344583552875
7.315230060034718 0.5222328848373685 8.46601291662455
9.048568805888893 3.1087427291224574 3.204151161679567
8.6671283956657 8.659114163627176 0.756751603169076
2.7430410784187353 1.3611262996939768 9.079675034067984
0.5683812299320428 8.086416370662958 6.935573908473732
8.161000687305583 4.657250900777814 2.971304933731748
8.891068400545294 1.3411619137020687 6.140442985084476
5.352174284542485 8.099293787113693 3.8385758486084116
1.4138404231899973 9.865682626542561 0.2664017982353455
5.627374998870626 6.69089649343884 5.28709104834988
4.467917977440617 6.659979908752716 5.804627679650352
0.452315177908706 9.28216072733797 1.0582723190794399
8.551289229397963 5.2511665791043 2.8072014593186787
7.937908264875391 7.367321983961697 2.5140657684216428
9.442022483910439 8.163177491448163 1.485022751226793
4.862104265650759 5.3723135734028915 6.010393195287416
1.5336657631871438 6.845973265822039 7.038768871335492
#
1.1237293125069066 8.105296127906836 1.9148649112239626
6.342051096025866 5.795747401925211 3.3974738776328675
6.7611691924070865 7.779331814690803 0.9776896262838708
2.735306003150834 2.3880603449740585 5.963682548961063
6.955326264585677 9.205384333467899 0.80618938949336
7.265901342806384 1.3022169256937262 5.23881371451747
6.49451053972461 6.187445027855562 2.288486705217158
9.48419651692598 5.041635515049946 3.9193876261518774
9.720338925991753 4.05534792230589 1.8384946855223956
0.30875417090923296 8.062877416660282 8.112585088951183
0.21428322593315485 9.967358164097499 1.952199358656583
7.017049198520148 5.187759714954942 3.9676827662898417
3.313101263102866 1.5694320041033043 4.2769890904955075
1.912214689855979 5.101493581349843 8.09849561745033
0.8783879216593657 5.460178003299557 9.722858185151793
1.7384481909657938 0.41722825734578706 8.502066476399094
5.9763122537700255 0.9405969020423006 6.419947104288719
1.3540691294949658 7.032903755498795 3.30016388146909
2.6621305029634685 6.4295594067265185 1.1451740674896103
5.838344964545301 0.5531005984179442 6.864853223602951
0.16317124350768708 6.8789267097667155 9.772901814599265
5.509301262269565 1.5221280309306753 5.010533161615146
1.8759271010584024 6.109094911548098 5.505628645479592
0.2620331289274693 8.610874185003544 8.279668924009815
9.745076743395785 2.580626766623609 1.718679835686618
0.6669473209224979 8.348648945125436 2.8734271111952667
8.321719027443724 2.38517237427532 4.002973656065988
8.797354872419348 9.054848378758145 0.7674832848872715
0.2318532204911694 8.690480695790724 4.596803647453618
2.7006558222814125 3.1137811690717423 8.102340500162063
3.124041680962322 1.2410085121614407 5.357775320766441
2.1701226693624913 4.923682577808779 5.453230699734583
4.578182059742552 0.1970804607838108 9.976438155962722
0.1744898003117381 9.687045159176236 1.9648553799173918
6.4846449866738745 5.501678455470055 3.676288096426587
1.0277347862668647 6.755220272835628 6.020215510709727
8.894297360266627 0.287299596526962 8.295749543850718
8.488524738382205 5.862805095783623 3.3454462776881284
8.770574751291559 0.7085585663464284 6.480850231305428
0.346735276513904 6.389414674797891 8.336747692242906
6.631097368891607 0.8823493670980325 5.75150311216747
1.9268110267763978 4.466811803639124 7.467112337406052
0.9732623079612992 8.306667791855677 4.236555287890731
1.632733235946561 6.381989168778991 9.49229157460907
9.251304695615849 5.137211497450995 3.638089438105954
1.1505060683005732 8.944126000184129 1.5937965829027338
6.359303338501906 3.776234301721266 4.2458426557937265
6.398022125346591 1.7745788814324368 4.233435341944786
2.3603355860827335 3.540063794420581 8.44810716083695
0.6869452957149926 6.7571229497685845 5.683105284635235
2.0425850231183187 6.979470188107683 2.935282968912572
0.15420037375395168 7.256774252398586 9.658707450774664
1.81365288159895 0.2044905577214644 9.70936466130879
1.4586053232216751 6.658183073882988 7.578056703560999
2.199500655557378 6.834605962383701 2.070764074456124
9.798257643344872 7.9775666161271666 0.42506424192689884
5.132224447997805 6.147869609039712 3.7668450817504997
1.6348997274145711 2.992266634186326 9.7009247974844
1.043413534502827 9.226597959146975 0.7621065205224102
0.9759712820700299 7.968575764125813 5.3745012664758836
0.7098977849259729 5.2579741106619995 9.812916142135606
1.0770051679636823 7.21816588769857 2.6924902654584706
9.974097026703902 0.2043424069542299 1.0485498042540966
4.489701900477452 0.9424207102955364 8.417774235729075
7.603116751707419 5.98874496667151 2.8514100396543296
9.85542466170281 0.9145512120715686 4.486038360869521
3.943944688233068 6.2348849697469 1.5076780376391663
7.778266882367494 1.623053490829899 4.136495161425903
9.872311090054529 7.621813946490133 0.6781262025302564
1.4800632675481173 7.818868421523103 2.5569683755298533
7.470491626141707 6.010317592825815 0.8810656304310687
3.794482487171069 4.713119257442448 4.26027297571075
0.38914108423961746 8.584368280981288 1.6500713728135614
4.643967046470839 0.6656196343748872 6.536700511976774
1.014848133587475 7.129042110587247 5.675667601177857
5.370648880913073 0.8086752327295654 6.461196006953529
2.005194854050687 4.148945662192754 6.880218138296674
6.303352381324711 7.76017606316837 1.0145089770584619
2.465984380016099 1.431312463474765 8.287513365721683
9.728120634187507 1.1352037349914204 1.9851728424744612
1.7267782241284793 8.98846485583076 0.9259766966048568
9.182441767382539 6.569766401876641 0.7259765538331058
8.971204921491726 1.4041789707388208 4.687564399148702
6.776041263138419 0.2010170027499587 8.761309444767262
6.644847328889846 0.11362222828055302 8.765033396732768
1.9821537758764234 5.7617371577796845 4.756858465868714
9.583904841503571 1.170909777917179 4.937286159602759
5.773366761352719 1.3501307319850029 5.1792982323163415
4.994104510905245 6.24295754423201 1.0508950641148007
1.9195806271558578 3.690684419553886 7.815487021386039
6.423288708197253 0.9268774006229066 6.317179852343905
9.697780644182997 4.82829937834253 2.6412414637606685
3.192425904246612 3.540494061608448 4.713150266921881
9.56448488820216 1.2230276471872408 4.735532034650801
7.446628465991614 3.851712149149205 4.1632912563656665
5.166331251877437 4.4549506627733235 4.213187493398596
8.906652428455804 0.47826435885584484 6.530622792309295
1.8882725757403 7.308162814578544 1.348287160461369
0.9661014624210305 8.380528349599459 2.2779381806561574
0.6751119764813014 7.77530830880285 7.525732645340202
8.701931948180295 5.43277507177153 1.4076358788315284
9.934723002390173 5.296699270896311 0.6441810591598456
1.3025018634629668 4.722045746276166 9.680222762522806
0.5059496119515847 9.641116307627204 1.429345739162374
9.865460657401815 5.817192525711654 1.391803002902726
0.5514309570429452 8.192536947560157 4.667371283382496
4.129666091729809 9.686310654258428 0.6906539999508885
8.270452006841184 0.5034081554164658 7.5612879535675255
1.4234019067774994 9.55305991538406 0.7153967962054057
8.79136034104539 0.8134037300160628 5.692788609453195
9.808343033389734 0.23038589562763967 5.117132503391972
1.584317810468915 7.191057577342972 2.893531066352392
3.104562205042355 0.25632741237206513 8.59845695263903
0.3292997777646631 8.365809258659326 2.6805444426440035
0.11884248616845383 6.9581693311240915 9.7144868127919
4.3929858350760735 1.0277094886353488 7.63760377610745
8.6478163243732 0.5308443115513866 7.315272566970734
9.296323452481609 0.2913736654076189 6.718002521821298
9.71944148127675 5.9249504367762595 1.1323574414202842
2.477110073209533 4.313677960812039 4.573409160790828
4.4474438654951385 1.3677133995615205 5.337893970936512
9.582620712982635 2.08066083291328 4.003215164889864
0.23519751666700373 7.179789099476716 8.707624664403877
0.46835752744655057 7.163763200890683 7.608438550484935
2.802715047111901 1.2951860650314915 7.87356322855306
1.6453276508476877 7.014835133674749 4.914662753968654
5.142945634944584 8.50246610521629 0.9537593738184675
1.6702130335430176 3.0002615870093603 9.344160987854508
5.901356086146867 6.0857985958307514 2.8944792215815927
0.10242571324399297 9.566060194190605 8.394820640106877
9.60705982471282 0.616442428637864 6.242743739484051
3.291853140443995 5.363335846204621 3.8108299480427124
8.247818459104238 3.362210749558222 4.040741304981228
1.1847188225795322 8.330219806120782 1.4875908861024278
1.7352630059433314 0.25794386072269226 8.667086188382722
2.606489813457357 2.249250528216187 8.169855854106101
0.10824167445726651 9.172511798148628 4.883466341750106
9.909511232995314 4.2456919510605955 1.101892733516146
1.3315427791749919 4.386192603883378 9.6438498348449
1.250115931499776 7.192245639404804 4.744640555790308
3.1647890681668156 2.2593973471339317 4.831695131860137
2.2804817762529663 3.6502767628292263 8.05946269971539
7.255291322526823 5.61269964574899 3.4115891953607993
1.7777965834196179 8.27693589006712 1.6100042256666351
4.075830383046025 5.2700982523896025 4.1703472533077806
8.801397590677114 0.4937849456080663 7.189747784691804
2.1903200079315153 6.046499249664252 4.366814834814708
5.830716139329764 6.203791700409211 2.425821945507969
1.6583689498501752 1.5950775304914164 9.560920333212922
1.721199332264065 6.8028766011011035 5.264439491465324
#
9.987946061216748 3.1988949661722623 4.078297131468611
1.2186529802085486 0.36977301009925334 8.042998065285618
0.8850195015629332 8.266851664059063 0.15275928927649662
7.084229245324207 7.1834363033840045 7.576848085300728
2.9759427237384815 7.2630870821450575 3.2456205352199308
7.621619879657314 3.529941461766125 6.212372961282352
4.459490740534265 1.4039946126644485 7.962928809531249
8.08610750905613 6.476760163257541 3.0631054814702607
8.460778372201784 6.121651807583787 2.928355246521149
0.9049104702553965 7.200102044187975 6.879571763642498
0.10476297928363998 7.345210620829652 7.471854109322153
9.38231980845619 4.4579886466981815 3.065423555885307
4.0843315166966825 3.560723015878052 7.991713422779393
5.68639423719989 7.392168803616 2.4944965279764717
6.349917566846106 2.3426626030804267 7.69279204484606
7.211123914518655 6.577163516922659 2.6783733088589208
5.1029494225869305 7.7356811813976805 0.6665008217600406
2.7776284243510165 5.078048199770983 8.038425901599329
7.650830387463987 7.5523327072622095 2.1292460902080044
8.878236743418555 0.4845112418836237 7.932367113158659
0.26457077064890644 9.038855359025499 4.0755381821481365
9.376851152029552 0.3708785592394124 5.418280925757317
0.5910913851207793 8.480182602938772 0.4035683984061622
7.320038585427692 6.244267989204793 3.907651629615028
5.70929484724982 7.399127869715246 2.417894350077932
5.104869161302892 0.9438595612053424 7.9694641086085385
8.947592222876287 1.0927624690911641 6.5900756493304105
5.504501187092275 1.3403324026359082 7.953429001454131
8.711807818515647 5.249734366661807 3.542448820544511
8.687650145529222 4.326846441784139 4.394487638479212
9.666501661417191 3.6733806113999754 4.727458939230409
7.561978257357138 5.286082510728408 3.7068636505996952
0.6416470801205483 3.9206748710644135 8.517189677121861
1.6582132178610682 8.004403316358664 4.431979701105035
7.694844875611562 4.096887165714727 5.058365969385106
8.646256192353613 4.8382169995662325 4.562294211311334
0.17104306889722132 4.20669238240381 8.261698860375141
7.697531378047431 7.518230001714134 1.1952497298468945
1.6903558583092768 7.850219387863813 6.520550153653732
0.4248980681819132 7.333836130328438 7.424399807135202
9.334094390665204 6.255771540269668 1.8407162140334759
5.830332465884353 5.31652563900373 7.814869655451009
0.9202565160277896 0.9514243966670293 8.784331324401855
9.53157701456956 4.30961118963538 2.221043332543001
0.7030237119535503 6.23013949365824 7.8729414484982705
9.034327661545092 4.094252851313039 4.228974522412516
3.3373558738472298 6.049466918851125 7.718361540038223
0.4501920024399153 2.4473553309443763 8.861570191246358
9.26395831965235 6.450224192510412 2.6964183226335834
9.336990880730326 0.1413991060553581 9.917455657400996
7.674661994149131 3.2025748714461395 5.069148640525329
0.9657964939986812 0.6587099073009348 8.361234010851764
7.1574458579084475 5.376121495064842 3.9189214098194896
3.2391368917164245 7.476160787331443 2.948313305223899
1.7370740697223397 6.066406503346843 7.844020677519501
4.334314344097933 7.838696930997235 1.8997603051247443
8.113408616176669 6.700443289417411 0.5810984841387477
0.7754048872565393 8.166998814516003 3.2879111586226872
1.899195182544457 8.200935719732879 1.042593485557612
0.29642088980097725 8.817910466941052 4.831648577303078
8.569352639564162 1.6941101167220873 7.179497896653949
2.679812028382395 7.342940619982066 6.0342350570215455
9.007259746724102 1.6561498761889868 6.040914346298881
8.149404006381381 6.465938901416012 0.35650936162716373
4.485443770870437 8.047894769347714 1.115654857122724
8.93945004360039 2.3475280948210338 6.852471377957256
7.523373700555734 6.916325979066623 2.269449245189188
8.468300617746614 5.277127603261528 3.466008810260335
9.034508204805784 3.1274008768092374 5.305284724606966
5.52188094115627 7.066490364008697 7.619663352768324
8.27360520966435 8.790016178190712 0.12865399794621624
0.5374184387473893 1.6932278067905515 9.197981520404102
5.915187752308601 5.557038798813484 7.801845480467157
4.900169098924419 7.819888076272301 1.4440178076257033
8.553791652667288 5.349609706317915 2.8969333592213067
0.16679689314141743 6.082900137275667 9.505872765406005
8.01245044338574 7.330594866392341 1.561374822564277
0.17103834820935404 0.699543972604336 9.849348412640241
8.69729836023117 1.4858764604283206 7.65854096263846
9.002319604496545 6.989586894200087 0.11492820381301616
9.46764473186751 5.790816608872454 0.15344829533795057
4.120160783866924 2.823144268727196 8.030835215300517
1.8883092302219726 7.413314652387824 3.929619101663031
0.4129697013094482 1.1289799183325324 9.451203940599505
7.858909238388042 2.365977580266999 6.700982876948776
4.762610209130824 1.9021622893056276 7.865851032947155
1.7597329588862443 8.173840921424292 1.6663459834215102
0.9832149701503132 8.039254887120158 6.398599333164421
9.156340328116514 0.3266322087907767 7.667912592975869
7.140907992886126 5.065937175931394 6.886092082372888
5.654921473424165 3.31769554579344 7.8267363998286275
7.835926380494127 0.48196761401648747 7.947646979404997
0.8248694487323212 3.3898410232364755 8.79932638887533
4.419794651439831 8.067805229317816 1.0942384769777385
0.37054543265154205 9.508661816026704 2.976153087086545
7.898052831820225 4.901596604509185 4.83465324672513
5.967538788522952 0.1593664428473831 9.134741768144245
7.7424626408360115 1.2740617405679218 7.918528995236505
7.436699852111447 3.918362773574973 7.165205915019662
2.8732761736547747 5.2087892868227295 7.85153332725203
2.052188965236346 7.658668303654685 1.9596696835499414
7.326550255710387 3.4497790692373593 7.23894333610985
8.870955824600756 4.675818283559247 3.2165352754682615
7.396372507011138 4.964092749313939 6.33150514387095
8.601540437725266 8.82842936273162 0.10032808434924245
1.2054714574142054 7.586535651361695 6.634946054891904
2.7161679795631595 9.994684697930861 0.11345784092868083
1.1783114845697558 7.513734782013049 6.8195355628313346
9.710578567292675 5.598015132464472 0.22678254940006415
7.535612676242742 4.312651992603822 5.9940514485687135
0.12381430863724407 2.0604124957021352 9.594563749023845
0.6748649217711904 0.35165798354466826 9.306971590932685
7.917635482891377 7.354615512654329 1.443694491217307
1.8172902499715073 0.3693162097873435 8.23600092928065
8.064167360755189 7.044957734619956 1.6544595910246618
1.8343234276362512 7.901951320155512 5.062509806713208
8.140634404353479 2.2399978993204415 7.018006910376252
8.93375000201253 3.6811771455060636 4.27921450297097
0.5141461851690297 9.880507501920338 0.3264686143669451
6.624980526062423 9.686894251601046 0.140785130809709
1.1619499838007492 8.039704869172933 4.402775154088804
6.510297658634441 0.21919342590709956 8.884174488236702
8.146271163829665 7.893339582263338 0.4294353476444801
5.318505038639648 1.3751220904349162 7.836575873844925
5.342088133839911 0.15812072984597592 9.760403685134463
0.33632890965936824 3.6774494893679974 9.54086377625141
3.9502494411776423 7.183841471172366 5.027113024163319
8.861287724462173 3.0098127648373625 6.545556805933723
0.11361688523637437 7.323012249980358 8.807313218796
3.8274395361723004 7.199289800051901 2.9112617394796714
8.294954006524048 3.1414151607526963 5.317131170948765
0.1360077900779446 9.07680764492294 5.279346932780311
0.22262007134794715 8.34912605960833 5.7611225140772575
9.553880761867362 4.148658802034021 0.5455570198818007
9.278935785272378 3.3624350582976907 4.869763016984742
6.097635423310016 8.256769003161875 0.5447949353593389
2.855277382513805 5.175836317712869 7.993390472499511
4.7615584661512536 7.067249906090379 7.590164491147773
7.362857130638523 4.927053771302349 6.59376291684894
3.0921876156102366 5.14509878954736 7.859658255733004
0.6306958541461949 8.290881675631013 6.199115573253742
8.986769979059876 2.42414898950936 6.456642299589385
3.063956876428322 8.093939044942134 0.9795422680744759
1.2217065991069433 6.97108383309587 7.6595399413280045
1.7872622103051423 7.930173438550014 4.607745282225717
8.083460800543769 1.5895824170065067 7.264543292185884
7.482627887682204 0.36190985851267055 8.388332907491908
8.855615463015999 1.5455964258628883 7.514825535208179
7.293492965852724 2.1633588664031955 7.260866346562017
7.416238030550591 4.32973827570205 7.15830009726535
#
3.844775829020602 5.7533942294082125 8.153116396349649
9.931011255523426 2.304540964810769 5.08744567633547
5.909258176493285 6.62338426280147 4.4241095537725155
4.735968783564393 0.8056076638297194 5.67353267239489
3.9998251854558067 0.5861696415897848 9.703147204209387
8.446731160999446 9.245828476407524 4.18176482469583
1.085072581501461 5.952241325728186 6.664067680997324
4.129026680551243 2.8489449669837357 5.886805941894838
6.128308763489665 2.4352195396286476 4.325357417430578
0.2155436772540078 8.447428838558828 4.811346270274684
4.153440035950262 1.1834431120039524 7.325036611402183
5.043342193540498 6.933551976546541 4.965370391499104
7.890841054483513 0.5067938221517929 9.287457475121473
0.4258477101511895 8.048931322223257 7.746622599497583
9.935499087624601 2.4825053907075207 3.3469249432666515
6.72633157625709 0.5882381165489177 6.126670954487443
9.710630946643796 3.349468220770235 1.8640196522730443
1.8766113472465915 2.382603972016974 9.513925170936606
4.362951244533283 7.927647570887965 5.4456619226829295
0.5970818158581572 4.120190954317849 8.93662487326344
3.980299076607986 1.0670070968142258 9.90806514661714
5.1537198789193575 6.846904204831669 5.594767711810946
9.81980875671604 2.6247488670923627 3.2186118571945954
5.79852013298043 0.1905341944053145 9.970682139187279
8.231565813064009 0.7363264914104537 6.032866705251593
1.063110408702192 7.354917154927952 7.567806368348609
0.5849521144141789 6.755510097254419 8.146628050598462
0.6163595791827792 6.281183254306946 8.908033388703604
7.692662965842212 9.527051094262173 2.8280461567868582
4.000619355903616 7.155015519635057 5.863392832948219
0.5282139525698062 2.970889437133653 9.424508335458698
9.802935533843222 7.462515164216169 0.8051554067188764
5.52746272121497 5.393185013752241 4.9877131835878155
6.1168567504423805 3.8130413528911395 4.535656390801457
9.77689047314387 2.993247057437721 4.07626956145425
0.32149634241859726 6.441545394573255 9.835823552004486
6.381351827511413 0.90778060007323 5.569674409092328
9.977442429290955 2.672421030868408 2.943015716106867
8.629758520023842 6.562148567012546 2.5131922129688764
1.8371175861887439 9.753593269992525 4.162449436474696
8.157206100203844 9.820556729885414 1.193079017881089
7.316107854425466 9.280862238521422 4.289546290794282
2.438396560258324 9.303319184587643 4.055855403166696
0.32724408646515624 6.71939935215502 9.019960632959837
9.382649696486222 6.050073912180977 1.0633792850685717
7.704975621601328 2.3305051145796907 4.951373056392505
8.789245860124762 9.240546773511578 2.1306144281478163
8.835274858024269 3.0266029953436466 4.2705593799288755
2.055827055081219 2.9093683702310935 8.495643793848727
1.2788953469202138 6.491364171295745 6.425624346890399
9.579749596614798 4.746073049445654 2.5428998613015046
8.648320267023127 5.218299859358999 2.261645729167304
8.91551696978638 0.7553621051147017 5.627826172620483
9.357842848242225 8.170547010754362 1.1200338575453572
7.935845965073874 9.525439977430608 3.689818744976031
0.4607157756599394 6.671663585869052 8.521980121911499
5.293221131233317 4.927447229571977 5.543551745171088
5.278022109071729 6.560562291417868 5.159042980035078
8.635785072782493 4.175949833897397 3.330652826693992
2.810871155644038 2.023667122347668 9.716577805524361
9.004741893628319 9.656617569063467 2.085822391075972
0.9718425887454858 3.789615635466672 8.290682952650982
1.0314402012344077 7.5883835540242455 7.55696425526565
3.8126798676007145 7.996334909355811 4.98347623945062
4.330667460588893 1.7464606135609695 6.910105373305293
9.727216663951339 2.9934507961486116 1.790380547344773
1.3225781629496662 7.976079103868939 5.067640666574621
2.730558397220577 2.6149496756645263 8.82770517509843
8.780770807813568 3.564830862571213 3.363465553571811
9.894578934308276 0.506992499031357 7.3979830176215575
5.403984052863434 9.242136829344588 4.448810585308543
8.954753363459547 0.15638616057261423 7.695580254133228
8.740822134257952 8.540478123489413 2.154848650960449
2.9834948723515247 2.242904040518427 8.665392302771888
0.48096029805740326 9.964465170752831 1.9408115704755322
9.23845029482349 8.622412221523097 1.32776014361944
2.5026048141886954 2.8311061052794346 8.72191883811539
1.0194119945795768 9.811701330277533 4.296817081339381
5.328678996902583 7.873798624454951 4.591683475985583
9.810365656823937 8.601854123746012 0.703032049223089
2.035367317261492 9.70820724683772 2.034384240928195
9.994591127812068 2.466971213537494 1.315090004090473
5.014481521436125 7.407141133643952 5.0616629065507235
4.536174398704007 0.6746198862615547 7.470399983022455
0.1827412837959681 8.466448953285918 8.512567028813661
4.460244049832747 7.571561472704998 5.803270355112215
0.4184233474238823 7.280831380265493 8.234894151563033
0.7508313419532096 8.384972946377232 5.884320709489826
2.8155133505504373 9.999967970547726 0.24930968573300838
9.61038963612178 5.542640629362464 1.8524770034017215
3.447633304539517 1.4442642146242464 8.734580852436968
3.8466886549714694 4.353440522170495 7.251063688379029
6.041611205574966 7.022181365329814 4.345815599359529
3.5921580118458154 9.151736433478476 4.49997476729331
3.976084689429515 6.981733700314475 6.167978045162274
3.2016866352995126 2.148829342890258 8.334707877944389
4.326646875165554 2.270205221399712 5.84375908411894
2.975576418644184 1.9970059358158623 9.38339425591598
0.11768272518359169 9.207098039974714 8.253748756391868
2.806126324961922 4.685259935896672 8.199972752423484
5.358993583244502 9.926591087383356 1.998804285085947
0.1561044429210252 9.827146766352733 3.3772512345172583
3.106071594277413 7.130455871317642 6.267736372611889
5.690803806842492 4.364307091551439 4.631566822873793
0.6218437207564342 3.3869209435621555 8.969320834572269
3.600520302413618 5.834535851186266 8.183792447236783
7.4262190306969496 9.550235973624567 2.6988891970480067
4.0567941976959805 0.5240454146112414 7.868461121553197
0.9291282375061716 7.349485277454249 8.053436898394356
6.5435701616093445 0.727643715002956 7.294136175709808
8.298211304202725 0.3770698750687451 9.211911532693057
4.4921858812547715 2.2287562380961035 5.777515307843572
0.15405502359011525 8.378967320925781 8.651792768598952
9.904826240719954 6.3783196706856415 0.5251132259087434
4.057305048500957 3.2126499603415484 5.974768556567088
3.471942761010011 9.297263092954472 4.6106167673972935
1.4000129475607563 3.1532033983392647 8.779345957615726
8.666309715904369 0.19131860999421146 9.944785051768363
9.057320548595703 5.472611534484338 2.0077407362306814
2.6410352471496523 9.703885334928959 2.482622958424646
9.902948564070499 6.240073231605364 0.5602607247909202
5.645000071962131 7.759155797587977 4.497457409777552
9.45750396363612 1.7168263871378322 5.12812141649847
9.582579891018705 6.7079613375146785 0.9962163184877051
6.743224772157433 9.964042180523752 1.9926080434216669
5.332660659701252 5.810443686964094 4.556737341640223
8.611275881426707 6.919414403817946 4.307827265201562
8.7464403198558 0.5268157461371308 6.576552591222932
2.280170821684918 7.902121601452148 6.082512946364589
7.364627704376966 8.090773505633877 4.1906886811928565
3.8881797533571207 1.4181324504707313 7.914675252014929
8.338848972294677 1.5821401327224769 5.282610783640437
3.866191469253085 1.9339649180611511 7.842653807879578
5.347519220690597 8.480956562941651 4.540203000998638
2.572008374128958 2.2988000436333937 9.919924118455947
9.259297792895069 9.30157918698424 0.5537922852215802
0.3935939814065561 7.883197834397014 9.010455929013075
2.6131733094023475 1.960413155008669 9.718792418965323
0.5845986828754182 9.518273844166723 4.793379191645276
8.833885491356227 0.1627016871964324 8.872464195015482
8.466676567428904 9.049555662460522 3.532374902600975
1.0360052631436858 7.741697131048817 7.048674301290576
3.103250252584286 1.8138902506008483 9.61842896755981
5.640962145847958 0.7321360926102232 6.14681072970778
3.1966750465674965 1.5207407249535292 9.72234882800196
9.276521602907806 9.001963314728803 0.1732236417530153
2.937826795011718 5.89037256449004 6.581046817458944
9.51864193334911 4.849921627040002 3.191652137865697
0.8690738016551061 7.909255717941386 6.663709010140437
9.379900771712396 6.256456445694542 1.810815266440812
#
1.0944492252647056 9.583107566189279 6.742493203839402
1.9748909330519124 0.5533522539547064 7.455479278602982
2.550925422529905 8.85416985838771 5.985346034526673
5.782286284405805 7.052869791887437 6.421266022527419
6.895123101711535 8.743110775829551 2.3979384189117554
7.650688222842451 1.788028478445026 6.7928460383421845
8.511450733654538 2.5624070966179495 6.534882941116784
7.824097401619445 4.480481461233106 4.548236171109191
7.435821663561701 6.666658465032619 6.344698761122929
3.5294578217620627 6.821207188831457 6.958479416698329
3.6235108798308087 1.3961459204894826 7.000912255433135
9.118841295100014 6.701542700280329 3.7095856642256457
2.4808456056124633 0.4927084051870523 8.732138295234678
2.2002852624632148 9.810870304811019 4.427555833402452
9.46288712444084 3.0436821121242086 2.6655179353466996
1.0239461438204032 7.67805591056311 8.48145646719063
1.3268228704055822 9.07070875131076 7.510430699274975
7.509276463431138 6.691001302851597 5.428294961498653
1.7441526628085762 2.3264160561320404 8.907142073045751
7.882259765950092 7.2519602848454285 0.6285421094574364
1.329474076018546 9.299970672524061 5.428478243127111
7.952360565495296 6.830935231102848 2.6410916948670264
9.640468778156318 1.99851881024626 0.46323125919169517
5.516555751689373 7.236727653138043 4.774552615900652
7.1093523911804315 7.295744461972673 2.527860130085111
3.975827972061426 9.351834873971956 2.290728729996068
8.596074641832633 0.15940406774389615 6.029685072270149
7.5029353879282565 9.311169792237033 1.4992104743489083
0.284374014761851 5.723783751640884 9.080122475985
9.510373312016105 1.0682656787611227 3.9689839127983393
2.0098416267335044 1.6478977288580259 7.436480199519191
9.350866867881471 6.376916794275613 1.1947178480086653
5.4897800285461775 9.117228753764003 5.580574968347925
5.134817721458342 3.4158389415978077 6.711788146538145
8.405342371076193 2.9810434615544605 5.541172695972764
1.210617553480113 6.626775231090555 8.411530515193364
8.520572407257411 5.253382351972019 4.094808562482895
6.931452381466853 8.16368728424741 4.330982554978919
0.5338559674992815 7.4705230205600435 8.989534753174413
4.7288143851744975 5.026561503525954 6.702639511076883
2.684163958610539 0.17967011214459028 8.805090722175104
8.507342714084626 0.5492935711050615 7.322799865126796
0.9020687867310055 4.090650682952406 9.6172359865781
9.779123639717959 2.9620314858648995 0.13890326593278424
7.663507368302324 8.054505576380645 2.3296335506671184
0.9331757248572945 7.296635874441508 8.50638628612654
1.5942300333278787 5.504968747253289 7.615929814210611
0.7569581586185272 7.757990085032766 7.756516626502042
7.89181109821466 5.897732992784058 4.1330293905183275
7.343634939122394 6.994849878001225 4.473336755466493
9.69612761972149 1.3545193651003107 2.601484554319522
3.7032296660014494 7.952795011690537 5.607395208407518
1.3122928720578297 3.575714309333291 8.913159945086381
8.327459685848435 2.7551308430277577 5.756917794166812
6.920123671034846 6.898431766836073 5.502110824839238
8.520375984690705 2.0067387863660087 5.862549671533645
5.544465716903672 9.977482190944134 0.8158249127366171
3.512511884621929 9.347615341981317 2.5203601003555485
9.863834030067975 0.5146611458306802 4.7633454263008534
9.642459071332695 1.7964394580215304 1.0560901257922146
7.1346896852330985 9.50622925340576 0.604246515397505
5.89521190343546 2.929470866308424 6.982686099091705
1.3678965797689497 9.878253380378768 1.650675169075996
3.9817766749606878 9.244310687667298 3.693845353425444
1.8698882947955018 2.233500483302283 8.804381367367316
4.77046300885744 3.7581209509186726 6.557959638817226
6.221299427065835 0.30627357160120106 8.616221053215261
1.2791522071997519 9.433452107357665 6.5522370748459915
1.7037416453598393 2.718122282104595 7.915090365979143
3.206529092941556 4.209448853824159 7.25904091096228
0.1695392716488655 9.497672029316348 8.470054390169693
9.607231728745912 6.154014019948433 1.5118500377428363
8.422428679529677 4.254750054423871 4.546615718932966
2.8261125441352166 9.342226158150524 3.534857078544995
8.444993044295114 7.151626070356375 1.9731862322714142
7.648220448684464 5.157131016162953 4.453011236852736
3.1498198614455335 8.568178054973991 5.909390756827637
1.4454733238544946 0.48235793053925846 9.486564038702419
2.083477380157792 6.278966239031629 7.238717572900634
3.29091549381635 1.4363590585967425 7.441200027612783
1.8550358421180944 8.283958309733766 6.151750726718863
8.58827070860152 3.4662311712550533 5.330547783076891
7.532774941223389 0.5491887178968611 8.057638146939603
8.739927208933498 0.5671085873425721 4.998666756075962
8.662326227527188 4.269225866282178 4.051228850148904
2.0720604103808427 4.299910392740255 7.35728336514609
2.378583386593634 4.593760101507362 6.975669614860245
6.419611331534016 1.3961288656215478 7.333685128247292
1.2412086458157763 0.5683071718361008 9.017684673626833
7.564058992735589 5.819192993261198 4.420700421899254
4.2235332104781484 6.162071381279284 6.83202862354974
1.050576334702916 8.92106947835327 7.545933681166716
7.035004581460964 9.702956505015715 0.7509636295495934
4.449923365307022 9.342559098031503 1.4840673951045762
1.4398065737192063 7.333503225022811 7.515870028889243
5.66186516271249 9.525703035917996 0.8093269919183399
7.757695745073188 7.333656714224176 1.8070781320466374
3.320054352276505 7.432900627302681 5.650998531095916
4.183860731738121 9.505454438239209 2.0135484846456784
9.431308578532494 6.87256160209015 1.1704646502436287
6.925417207920788 8.2077379082464 2.80342115644678
7.608912792908706 9.154892420769876 0.48498584619606433
7.97535545100117 3.2284659911595437 5.628004802711775
7.197276823140513 7.003801888053725 5.1462263009502145
9.187443336177953 3.044381612957078 4.020687186734445
1.0863051996650879 7.1483380743764195 7.665163677422135
1.7577676521632277 9.82665396618579 2.6342494335221702
5.474877374764736 9.278168124898375 2.354790737108511
8.697066753787702 3.9827644212713382 4.021913348527605
1.3340558747025333 6.22753323369602 8.17318514457978
8.631531082997455 7.120715052301696 1.796614729693768
6.444632083641978 8.553088065027978 3.966844576810683
7.672920758748176 2.7030409659615344 6.490764855998746
6.922286709577843 0.7156774212759167 7.2629904094648055
0.9671702925388628 4.761769071526771 8.73160215601828
8.22703527118476 8.367827242081479 0.624100467719626
4.833002112382791 9.960024248182314 0.8463426407883734
9.3090937037857 5.593201842588186 3.199472835531801
5.851238859608126 3.4095462024350525 6.537825490158942
5.104698960682074 9.19762562018531 2.8018044960340025
0.16502323297667765 6.7066860579784695 9.20263202952981
8.14631548020903 4.354902155931318 5.02853673337459
0.9416994223817481 0.7379911308847342 9.30970095527817
7.467143694944015 6.374082196393069 6.483245595459185
3.353751901561336 3.8926459551189665 7.393973016865545
6.091785421511574 8.68473383687314 4.526673728548147
9.450029561156414 5.123218311386466 3.2320677538360623
1.201326536725118 4.596780491188816 8.707238298691166
9.99710416110398 0.30442244651597505 3.0468646970803066
3.162027650166309 0.39930221965753 8.279718346015951
7.364748337775177 6.595639936566735 6.451641954761381
1.3637478811465544 6.044408989929224 7.686394567726271
0.3488397812933748 2.2645690566195564 9.949318276694818
7.094857897107689 2.058984692769354 6.808873638035467
9.963843051859607 1.9980192955462304 0.9061471613953227
9.881136109454356 1.1744340941133982 1.9261242058771018
7.652679073834484 0.12526787020621466 7.571751291379741
9.541314629603018 2.7511004289847563 2.8106063706941447
4.233229786875478 3.8676123893860757 6.792233367739765
9.776114079036311 1.787403936972237 0.9851787094574371
9.289996947031469 0.4906875543158238 4.893029088490416
9.234638560652883 6.294014618695717 2.782562336100396
9.33391667566819 1.9338502454533821 4.517728225576628
9.332377761388752 3.73608309267696 3.8959661246151582
6.919816717987372 2.9520733769056555 6.7229380862724355
1.3456939077460421 8.151440874860025 6.933663145518783
0.1955419867638355 9.975353494944367 7.090585819804247
9.281471652125816 1.9432312848961981 4.571124092005455
2.795067710253658 0.13132836212900578 9.662735506778755
3.3859933168711125 9.793746431391627 1.5504239446484536
#
0.855055357144459 5.424207546532668 4.31765993939891
4.346852251351078 5.08012571964183 7.663701822379069
5.748408279451171 6.849732261057881 0.287290574665481
7.317371758671332 0.27864566748697417 4.92639215352861
7.124784679402314 3.5278810451687033 8.36950367175031
4.29493166442144 4.957816251345867 8.74904916374922
9.85658271466535 2.0063427395551328 1.5945821901887145
3.690238936906736 8.020609767425482 1.5451229994173907
0.15495897538609693 8.301744089054816 8.105468679651494
4.743477766004735 0.6888278820642331 8.898231737815829
4.4793721157194515 3.631670247665995 0.3069094768392171
4.338637724306583 0.8145011032383191 9.342190112195022
9.293013056284519 2.8357497892309325 1.6949938442429975
0.6812921429125804 5.1707445279976225 7.283662492952697
4.182453238366277 2.8130851167633857 9.390941347307745
3.52546401149022 2.929259200622155 9.115637550029355
8.85737939137206 0.5292497079072627 4.605134640414066
9.428204424301676 1.4902330030082331 3.043623165761498
1.055815443071959 7.452373402519704 3.2878266979562643
7.15296760548441 0.7064678064213288 6.01264617123237
6.845027500902076 4.815829729746522 0.2666463658252365
0.42071389294478845 5.547176092466613 5.748200880363164
8.707805327525783 2.710885675056112 2.7238551149549552
7.623624136665283 1.5608932409460867 4.444697271099942
0.7484148591753126 6.530174414552789 4.684661208380633
1.7214708156118794 5.797159781946605 2.349090022453826
1.4933310835024645 6.0920198977091395 1.7472266442834457
3.6037052730689068 3.675860968680554 8.844490500514976
9.485819147349293 8.607945728874288 0.1862165306546295
4.277604877489527 5.784837636406262 2.7874357156309846
4.3848718831164 4.338712582245635 1.3115123934488535
8.20203630846274 2.951626455923921 1.4806662662724648
0.2189287608184216 9.331028550532885 1.8502378760371907
9.253781786678308 1.8207605018445197 2.231785734924903
1.9414831044598206 5.421810808584981 3.6635130437588117
7.754393822142015 3.597315589233142 1.745908122508765
0.7774828750471308 8.065404434528995 0.5603278401564635
1.0958997096274743 0.6000697923009444 9.883872808384215
1.9971769962103978 4.739543307779716 9.286605679089345
6.202278279688274 2.272110867202773 8.768675317526487
1.7464021305079571 5.189805430113292 5.068038880107467
7.438581242153557 1.9961744862250455 3.9893616355814414
3.7682308525820796 5.358499545280006 3.9875400655059003
7.131757137687355 2.1598078972217176 4.555733794394353
0.18638961946973254 7.858445227963022 8.109399767932342
2.2324539289303247 7.248925896757032 1.5582934373543345
9.618427056695435 1.2966552546589294 4.475810008665037
0.783351858713047 6.455378964684293 4.357407229977522
9.27475680325291 3.4124727200396525 0.41876494497264805
9.742088760037927 0.541224587846366 2.527991864475885
0.4091807776501355 8.661187008910623 7.201033345086275
9.659309296987324 9.383525589232688 0.12774917024135313
0.40062937835478873 8.808893178626636 1.0574856146023337
5.185582429062478 3.61334645283952 0.315277894159145
8.981245658623811 9.126827776962152 0.19629930449796262
2.7022675960446394 0.5272462461323579 9.59910716445863
9.973037926089727 1.1067927775571103 0.38500289882882477
2.132265666216208 4.683170833283376 9.261165062363997
5.356953888807202 0.4826862142730235 9.002526763862122
0.5299303836142482 3.8074190966220147 9.621669800456537
9.92743992146045 0.26246517328835584 8.265194631161911
2.4997366228955182 5.1428430706245924 7.280605215982209
4.446235996367465 4.010215417146733 6.671696736715198
0.5863642385779793 8.705938364624963 1.5722973486926164
1.9093370180016698 9.201562487159755 0.20623839701438218
0.3043220235626958 6.762347792347974 8.049126032157599
0.553618783807293 8.047993859997483 3.7038994066775537
9.357157915157071 1.568075341106875 4.015428902875964
3.576464778842978 5.899138072796431 2.0138060963628357
0.27319209282826407 8.87850446035818 7.790412765075549
1.8531301824848931 1.122846145106676 9.693846059181691
9.67992780942701 4.974537206679708 0.11344764581030375
3.666979271061015 2.9508511359572527 8.90101718799002
0.5259198665329992 5.511089086802929 4.963999997478444
2.6772762260696092 8.609130856641366 0.224720984901003
1.391141650206675 6.979425761087198 3.2277034179721262
2.8821733126258877 4.80001953755273 9.005327752198868
8.637685357101189 2.1516342682069243 3.2707078702330374
4.313666195972745 2.929000800587004 8.737374390938173
7.852705717459951 2.5904814030836523 2.803363360290733
9.058138877993482 2.461034238597153 1.9064964178382637
2.7105813128549094 5.335578365201497 4.4034645289539975
2.5988580285918097 0.18727582489076866 9.606307465083969
5.912413806506063 3.5548794658400302 8.61390603065116
1.1205687197788077 9.824040567566184 0.29140661110668553
4.043976140207139 7.50391589877054 1.1129705605942215
6.923689645918479 1.756411964191685 8.43605409911509
7.687065974934274 1.6912145163959855 3.65042470844938
7.517899583528726 8.673889872856412 0.20457413556393522
0.613082370712208 7.639385075119646 3.075945254584296
8.524801701022033 3.2451778209058513 0.9868425283433968
5.801207868603805 9.921008323079676 0.19598635377967355
3.4629844167532826 3.766710576721632 9.096315122266839
3.8300995400594777 5.837952776343551 1.812205714164815
4.848939341329722 7.963572531103523 0.2410885156111524
2.9487214418823644 4.698028331656946 8.958703855427146
0.40331541287091444 9.598142947826567 0.3551810734684526
0.6275646043656309 9.212518878691485 0.5717473201038654
0.8749671517230952 5.454004749633373 3.358645791189895
2.890332569819952 0.8466313011703619 9.43309311610253
0.43060573017704407 8.765722354388732 3.441570350851763
3.941137001498401 0.401239186118179 9.393571021697383
0.23874095072707568 2.5093131997760647 9.958690522473466
3.6634679828568983 5.1246295388961745 5.41664922967708
0.5830538331607942 4.960681210996276 9.424218351993295
0.8486495427551324 1.4256913297520226 9.852011279366447
4.5467227112028565 3.5985060047238377 2.3218441045079015
1.3817338863228756 2.893042998398431 9.671432959270067
7.61384057099089 3.1109793901119795 3.3720039018248213
3.610997825339669 5.265513869774415 4.085139932188937
9.204428343464254 6.9791046690263565 0.22686907767245224
8.753359156382121 0.7552545296738975 4.70010507012487
6.537584015910417 0.1654664751411099 8.645235578714692
2.9059936454417166 5.170887953466942 6.63746964519086
0.20698489957884458 5.653564314847711 9.709871863261768
9.135155280117214 1.9447208278800172 2.9108133317578613
1.9740384086323988 5.369707571603289 4.696778458088351
7.6489031989124845 4.749079373874487 0.2314007029126861
0.23252236186119735 8.891175690163202 1.8336764167956252
7.667260829177048 1.8585677372311626 4.321315764093612
3.4744469084368195 5.292428051061562 4.67118895298829
0.69019086543475 5.071473397203133 8.732610695944775
2.2426300769654635 1.4869867717467677 9.527001958078937
8.101459796831817 3.432928636130627 1.9560476205325794
0.4502671369817728 8.479484326073315 3.4998492986545546
0.614244104797077 8.247834255429412 2.712513367310751
1.2393941314167791 2.9779260465241792 9.636210164494397
2.890448558596067 5.538773065220744 3.0844260533187597
7.2461019388623775 1.3830620454002776 5.020276608357736
7.766486007025579 2.2335023734214485 3.1955084419682405
1.4672745322616008 9.010623566447903 0.34524792791233505
4.012460645908131 5.187723648254229 3.261025707146857
8.68910621957367 6.61617353886044 0.22890179019395696
3.3265416077516368 6.794779985222216 1.5843780084593164
6.74498465289245 3.613074400150933 1.6434238029628578
7.9471258159254505 0.7710378176348831 4.721626679196866
9.512960246662367 3.008682277649334 0.7975987125997426
1.9826394696563105 8.093746091435605 0.5083896059678841
0.11674591527943079 9.518730326385407 0.5044283287959237
6.247713448246408 1.7869981837079387 8.575328647770297
6.334957490322402 0.3589644281912969 8.618613771202185
1.5426251032139695 8.547473389980727 0.3999718612176295
9.621789613266426 2.598031781438745 1.8454327298084814
7.141572897623194 1.92214627952132 5.026055576250902
4.362832116315335 4.945502118066768 7.2539513133242615
8.734729874503037 1.4174100377055368 4.335343451747983
0.21785777089368885 9.510356559106231 2.4114035748321103
7.782617883671219 3.5826511711423867 0.6436598403597387
3.017023214480612 5.163059162863776 5.40105345306244
6.439845128657726 0.5821815316407424 8.52787939819458
#
1.8908430548247046 0.7298648954555071 4.033025923833024
1.0637071054926386 0.8439661109805954 7.918419250768707
7.600973944354564 5.796056809822576 1.9331589666388829
2.843607037652658 6.2941456431392915 3.784287412589017
6.681217594265756 4.494696162348775 3.295344824424326
5.421810202363834 7.376117941626841 3.07113234042682
8.2296444423915 0.4750886705296784 8.609217613111067
6.477421822521701 7.538168963298241 1.8175380768644476
7.64375904598128 2.8480906308158507 0.32927965030057305
5.520555552716962 3.8728929605155464 3.7231348128926784
2.652686075377903 8.05575716488663 2.844274922784947
7.178437910910798 9.179370565765858 0.7727724906342965
1.712585923229946 5.877454372175842 4.79185701644557
5.003249840962991 8.561405905525062 1.0002798050060582
1.5846066621678427 7.728077672253846 7.721223420177406
2.1196719105517654 0.6060737420004028 8.73520669394294
6.302610929066457 7.010836402178006 3.0235050531508176
9.171300409250264 1.3233514614108368 1.1787200430474987
1.4808228073247758 9.222502847707947 1.0867795780852383
9.193765584249928 7.047533787250876 0.11259855357059223
8.835023061881081 6.793976797522971 0.2505644713064106
2.7851850885048473 4.990163753051348 4.024129301187147
6.5469061573960134 6.047745527396385 1.9821891672052878
0.31269261221464006 8.74144667573074 4.888083411901743
3.5494044014484163 0.6397217425028137 7.650154994870572
9.254278320983117 0.805738589157289 0.36000929528614645
6.029226681492111 8.228065637377572 2.5656885578566433
1.2908584781551866 8.349887422658476 3.0066332086819765
2.9679917668965623 8.492346271207172 1.1783082921123844
0.8182664856939263 8.49074813626724 4.328761549708145
3.2468882312292435 4.801794105896678 3.3565624787953126
7.00346968117018 2.8719645277648147 3.3711557039341784
0.11505614644034168 9.894987299164056 0.7330863131403653
0.386948237134364 2.557606933849772 8.16488646343697
6.180615596270798 6.099312219477564 3.1028315289534696
0.8558791724978656 9.78658620820767 3.296743856055369
4.145113763677681 0.7338806933453021 3.992240466862507
8.672693837718734 0.15546424572948858 9.325381289370213
8.940194437068467 0.36157498471708305 2.670220508035323
5.017569824021209 0.22241958041498844 9.220040232192268
0.12533503167222548 7.751238948176903 8.475944785197719
1.7522194424649276 1.2123106876533267 6.011313210791283
1.0071810657291627 1.6103317256924532 9.170161861395501
0.42009764033604746 1.9257100139222358 8.429458733433732
7.5889680226657 8.036250731718319 0.2164206648865754
0.25825566584436555 5.512392095770313 8.239925752507972
0.7030224280555313 4.1724781644350095 8.114253296601646
8.402556764160412 7.902612200321772 0.20759377150274627
7.267587739396278 6.1966754801214385 1.1053285690851804
3.57732346689499 4.962728408284654 3.214241931648981
3.438921932012057 8.365435169501099 1.479354961525964
0.9303949423554334 7.930264588394264 3.4093210131766556
1.789404821731011 6.078834451765016 4.313417972615785
8.92936753252972 1.5662628067229551 0.4875332681316724
5.15130691591215 7.65403159931396 2.834408869544139
9.650261243525954 0.29271123820047595 4.350839552236916
9.31313745008389 0.20716844859001338 9.099813366343689
7.192964112885055 5.668850644379586 2.3610029502797407
0.16695171003624587 8.510600209995314 7.548627495136724
7.710553176552186 8.565059028732371 0.14405557403668112
9.510226431316749 0.6815553281762528 2.417816629299851
1.6184322808562848 5.51528251209885 5.400323800218833
1.7886085283566748 4.134370937171479 5.314852500908275
0.4810483706954507 8.040379581784453 7.647078676102003
7.9263248585807915 0.6986141538360648 1.8751538371725829
5.0910891576300115 9.774016795895067 0.6357248388896046
0.5538615626990468 6.753089470044498 7.918081329732221
8.837586941683568 0.5200980643904991 5.161045964670145
2.9250614372722477 0.41158309144936034 9.62024485114269
1.260385140243541 3.37039656753661 7.813873269912757
7.8165895394204625 1.9582751213592182 1.9781494039874867
4.819725982209138 0.4666395843067761 8.644142979195841
8.509269798910076 2.0130418589485437 1.7303936463735048
5.7956570542290935 0.802702142683021 3.791008994435195
5.927137044183243 9.25738061275505 0.3984755299399776
6.982104756061943 4.372610410401274 2.852312237327525
0.7176380603266033 8.370921150483404 5.208383111739154
6.326117119466913 5.144216800014073 2.756924356358806
1.700214680691765 3.6464703302123747 7.224136928579336
6.525857022794861 7.717231647546225 1.2947195767063455
4.016720672549382 8.024912600655787 3.082429626475188
0.5294205746798353 7.867581411688025 7.337432065905871
3.314560497334357 8.261430859917642 2.5744157105741126
3.130513499695927 0.5441700988435576 8.884019825778442
0.12207581160405478 9.8769990419799 6.834736518907532
7.535464525475508 8.881131698338113 0.7648386163205929
1.2928564078739972 8.65138366383067 1.1652383140090938
1.040713241112118 5.669817244405816 8.057513931535071
5.309934274842947 3.994077305412869 3.5938130278475144
6.318482923546918 0.5482004460408811 5.225723419938172
0.8673153661697439 5.041884015009711 8.114221125390433
3.4671448202843647 1.9954990821065142 3.8448283973836404
9.674786514724788 1.2499119945568755 0.2034617151491016
8.667769618592637 0.3593896058875572 8.993781899345057
0.8363043746413439 1.7113413235548278 8.415229669717426
9.877639656380666 0.135401324598444 2.2793986042797094
4.742969706583063 0.6159330507428225 8.108305195313484
5.123036113118994 4.224825466511497 3.805443703116719
2.3987012202964864 0.5956880097150998 8.44341973676193
1.8211052111748383 6.561896118547743 3.5649709088762687
1.5985368242833147 8.601036077866107 2.979782012158488
3.2043073085728815 0.28110383661256666 9.048018165770458
2.3804656848149524 5.286627164701145 3.8787984511416402
3.803092521650971 7.2939939557677125 3.1092675091836757
7.501400415238784 1.5367625528682862 2.124802539910842
9.10910114684587 0.7745869750679901 1.8246004909916311
0.2307685548627667 1.0021314856019172 9.873098188690632
0.19318594169877112 7.419468518502421 9.837520959691034
6.726871122298034 4.762373510890727 2.541522821898461
6.211250267378346 7.992183735138314 2.3564870545190026
4.694665459297752 9.971729963627116 0.48891791872189305
4.349115035170483 4.3523410398518525 3.334371991125953
7.601987059752454 5.605541918905345 1.6512501525462717
0.3484898257298603 4.050664644967919 8.162433365362798
4.387996074915397 0.6332808940632448 4.242771696204499
1.1652333605138656 9.14470754591625 3.2949751655210218
1.6303910763422933 8.265204987631925 1.8196946037164174
8.370639882311373 2.1758382698581173 1.0346129506557737
4.940050113128975 4.9142936782362625 3.11317282960824
7.762232130186686 2.3222115989942593 1.2686165492792183
1.1997111509902658 8.694423463625 1.0915744300795653
1.7265001922092629 4.161891279675041 4.62566954043593
9.574449935281754 0.4362931817272422 0.45878695515188994
0.42509602358916165 1.2218178648901676 9.759650341260631
8.837889517491657 0.37092486254892343 2.8975616210018194
1.8866492491999285 3.2457052217786444 5.190050820596528
9.119286367453004 2.838134059307196 0.1411005064125863
3.5612796006517664 0.22188805124533495 9.500805148470869
7.036510529296126 1.0747512008586781 3.4125134751579056
6.888063405206907 6.40905115738489 1.0744520295701108
0.7728584472608881 1.4614318212520865 9.407130794217142
5.658727772349661 4.31962624650207 3.3132714291483327
2.833189887898785 9.099991731357292 0.9230257503625525
2.1200743837678044 9.28940349571393 0.7095183227582638
9.793656376433479 0.21557563409804636 7.216164488919583
7.418647639748791 3.7278188992938537 2.07017456242353
9.695443606340664 0.2802075305791121 6.342824373741826
7.8637780263120725 1.1549595555534955 3.231580377389113
8.445755539111737 4.425776140991546 0.28034076554010134
3.036123262808221 0.8692435090009223 3.945011992425427
0.7409675061448864 9.891368449349276 3.205988470454697
9.932997443453175 0.5545561123417118 0.4067074714360537
9.383783235525197 0.18848624798433988 9.145429619843007
2.259521119973976 7.190701188459224 3.4674463058163982
4.042780921047735 1.350691809249271 3.8515138779537548
9.390852668448549 0.18949120820953702 8.483399025637983
7.898806643613802 0.7617582199656772 3.5103103130032096
7.254791743286138 1.799582509521763 2.3171946510829016
7.120408020883428 2.245716706103579 2.748100196732697
6.777391253092184 9.450546347396575 0.1060956331566194
#
4.838017792531293 4.9213458119592035 1.2091667671592825
9.979467943224467 3.7919458319996355 5.980986774324204
6.969902261979855 4.442905753919134 0.6304996090662893
1.1959780872673673 5.741630307513203 5.228851078492322
2.428752296366438 2.2963210670618155 7.935060383143151
1.0241258734078436 6.591924898126611 1.8927261206188062
3.7133484304797246 6.463777619300824 4.752492138464584
2.7276249368855785 4.442901524201245 7.449657651642258
2.6127772280161214 0.36915011441315215 7.714729934224097
0.8347864199394328 7.092745587519078 5.902368427056905
1.0148303987376455 8.257891888382819 5.12149612239364
5.666058161579086 6.6279689934751875 0.6013049805656312
2.4581184739265862 5.368421267140289 7.642704509313383
8.86211945526584 0.33749205211351896 6.712073277929349
1.8097572676278082 4.70474558466923 7.670810701167399
5.967472081146545 4.172250566427189 5.849352534510976
4.457865307202531 9.681692549151297 0.47207436610992826
7.897477225993638 1.5217321408613889 6.481082266483242
6.571600748696737 6.048972913156955 0.4859670416302899
5.439916578165701 4.065885488785776 7.691788359298787
9.478612438758978 4.025251451105636 3.924395842634699
4.6317425809059625 4.4782937543299735 2.228316847625728
6.013357690457105 0.7511234160748126 7.627929217293376
0.9137206153393995 5.433006307106234 5.47475176943111
0.3100322625739569 5.156892079745162 9.464065074365136
0.6143161944030586 7.683885360773161 7.374257656378731
7.905029356166494 5.50680741599221 0.5877842758870173
4.522139577002297 8.689353504786117 1.8680714384927577
2.048163322591726 6.526163051527963 3.8562420963324238
5.246477788150422 6.006304494118389 1.146338823460121
6.860632246362658 4.636016375451818 0.6492696725528848
0.3190981776614432 1.3677077430341638 8.743988464189226
3.0406568726735785 4.776025574241305 6.584805358605181
5.548046496952429 5.060264801539076 0.9091731015730584
7.651601735875383 0.5173009369679029 6.917487461903944
9.869588963482434 6.174219373083725 0.17613269189049774
0.6082268182323833 9.151619386696634 5.64876747822826
0.24188316319880077 6.308043587943083 8.437139808919081
3.9777494649001746 6.449178112973268 2.524867654236701
9.986772949536512 1.414321984062977 1.0161360123814394
6.666156619953959 0.5274444550921773 7.071312606595763
8.6916228348719 3.8850741976720915 5.477806075226471
4.556976771333017 4.553298680112533 3.7054951697484344
1.2724099723441546 1.791330233109493 8.529172032251761
9.925152909540374 4.488928910889413 0.5571931789413069
0.381796830294606 6.74197116214595 8.046405519101864
6.2145255096639795 1.89027144821367 6.333669470922013
0.32701683190581754 0.9111853777573407 9.932885956387707
8.96976430723904 0.6084422526318676 6.428090636613334
6.232581198001881 4.301471538970124 3.480458068249388
0.8375262076006091 9.380462199340217 1.4346672567270384
4.57017879731026 0.32120096750352545 9.27274578561139
5.969775652354531 4.872405970614032 1.8757288805734662
2.669430917668955 5.187709767403479 6.728466599546016
8.967850540838635 3.9796220728032337 5.053501839913312
3.9169274977564177 5.256237100368886 3.8963807291692074
5.585059008685652 0.15470642089021958 8.694195411527575
3.6091011783478546 4.426322085777373 5.740267600745491
6.164613188177956 4.814404453119357 0.9824468141962877
6.8182872589836565 1.0983769873968265 6.971758066262527
8.998752267344098 0.7286002743473734 6.164085123458431
2.5417924243472028 9.80545775726332 0.11412150786819808
0.8246415718166711 9.701199623116107 4.111098722778516
0.9402985213767492 8.521924732199853 2.2797724514104822
1.5582743794210892 2.513156879265596 8.01333452588025
0.46210696560146847 9.112123813890415 6.385263839418828
6.353777863249131 5.353849589359911 0.6448636019357625
9.773931085905975 5.965696422526542 0.24410087228615307
2.870226798304409 4.294814675265181 7.115542953267122
4.229445044528563 4.995114989356397 5.045851919123868
6.941598785480391 5.9641923094899845 0.5702233446809046
6.198859925416499 4.699084327404639 1.9829509520747113
0.6516182793075256 0.9324756731238386 8.92466822836424
9.308777585965297 0.10024993483681399 9.500038467731802
0.41554566865450315 8.528755055828661 7.529129825667276
6.43799264360871 6.228713458678385 0.17745529816659467
7.597281748696063 3.130914751249578 6.028360246256543
0.623090044589035 8.790415030215032 4.518311661567611
4.761649406238377 4.434871322960795 3.4114649546010103
5.93545835835055 7.882272558829811 0.13962940361574905
0.646423669414693 7.20790011343963 5.924712860322257
3.0863770827270054 8.980547739036975 0.8839654766102241
0.920801741646323 9.53515564403151 1.421166230032957
8.188883059085086 4.0774186086904765 1.1206385919523045
5.21335113783445 8.9868929313116 0.6088317785316217
1.778031428420923 0.5891899044949529 8.543478844406428
3.8545820530747488 6.06590444390101 3.3135313458888627
7.38262360040858 0.12979349086056224 8.124470997293123
3.2184967950378764 0.26655246147805567 9.941716888172486
1.2474109773518074 4.320336216751098 8.380209198368297
3.590459629134382 5.387821975801564 6.559142150382777
3.078908511956434 5.451652035327081 5.016238212018795
2.038056161601109 1.5159407120118709 8.365255799497305
3.683747838957642 8.913784977529147 0.6658765937704301
2.345017484108688 0.3863980925959529 9.449254024517549
1.3114450683261833 1.8121202600333186 8.48418500633775
2.541473773306113 1.7421127609191722 8.120743977341508
0.1159496610904922 9.778026508523158 0.9023856144986073
9.171898585865716 0.5715536220747861 6.047256809425833
5.401796191523736 4.9652579570690305 0.9456258383802192
5.012588627022362 8.866439221197842 1.1662813094249644
2.5746036714000167 1.7210805797649265 7.908737299744677
1.1347556568879527 2.25627796361369 8.522799230407179
0.321718922390537 1.8777466842037964 8.694594443343718
8.599740004714052 0.809228516709811 6.7863674036544674
5.17008723444773 8.24654101976113 0.8949305880453737
7.8281516219438405 0.8511563524839358 6.66035184962916
6.950175298005384 2.2592554683352946 6.235638825335921
1.170268624140943 8.904730488442521 1.5754725114734542
9.678989402141653 6.3746229133858865 0.17247706312278144
4.672969182469642 8.802096971648767 1.6195435579795254
3.785644667976453 5.071969991438549 4.653337918455558
8.772674994082813 2.7515136389996653 6.001076890120999
4.482958552295565 6.212064754302163 2.5090252262910417
4.8147613744635045 6.544998236534884 1.3128933490866075
0.2642541019279161 5.592811005130133 9.402663218661367
5.217126109187288 4.3981600708673145 4.862590399690109
0.44788700211743926 9.720686348334581 6.2917394776460105
5.717276931127365 1.788081791330613 7.333379763360922
3.041650648925372 0.330421591149741 9.075797060440713
2.5181603358751534 5.385635515916076 6.837683207771667
0.2467891726402538 1.2752520177572153 9.566068349363299
4.357859717590701 4.746224247453786 3.049298594309785
8.056463016058892 4.191364129106832 1.7765209627399496
2.3988405220789923 0.9754875037645654 8.508061014688122
7.272271337132498 4.096839269634065 5.450914750551086
5.673037942923381 4.365875775207736 3.5641868528710177
9.904138444795771 5.395664958433636 0.26818915023891865
1.1871583602012032 9.75152177314775 0.37244038314615313
4.625307490414778 5.366194185827903 1.871943485904937
1.6218756561567713 3.1260414616149013 7.701342296239767
7.949714781297304 6.151712624682512 0.42349681911838566
6.629593433341848 1.5596505590504148 6.532060622093748
5.293630224476482 4.079320806178572 6.134115504609448
5.963476466041402 2.6675244789378536 6.379198253394383
4.946520555763627 7.855934377528246 1.2009534686922447
6.4942841610741535 0.1368481163137698 7.5022014846215495
0.5162567244996907 8.911725877100071 6.859782464920958
3.042571452747232 2.5361402465696767 7.702415107132964
5.381886890980389 4.319671136832254 5.24220679190294
7.928017331212297 1.0171415281172704 6.339082594725555
0.7500945274019832 4.822603559557489 7.982880453353953
0.24911480522693896 8.14844711050355 8.080839631690374
7.652307185973578 1.2011315985934643 6.7438416448174605
8.223316812089951 2.539871265736844 6.003286271158905
7.122360862040045 4.3839334297305745 2.565410687289063
7.020975250324927 2.6933392539721304 6.2155699872098795
4.129720077682221 5.215424013083201 3.350288991187766
5.146464446744989 4.10717223532432 7.643776974453074
7.983601598356293 2.733839535755999 6.103086870432153
#
2.299766745080651 6.302975470817875 6.588813017457447
7.171874165540066 4.58944477044033 2.1225871750322605
8.88879219457479 2.003746792267483 4.9376635126740815
4.938961111751609 5.600458646251461 8.73410249093643
0.2025257719337299 9.866183024066544 4.676963237073962
8.699129542254175 2.9856753507013605 5.418488583007941
6.702592843573679 5.896604831364613 0.761190974458863
6.235927997433098 4.839173213157144 5.1161367540401725
1.9629993082520079 7.661328164630413 1.0801902423450231
5.58781850660169 6.21758548120679 8.19986731604437
0.46886500600233294 8.929040926852972 5.141723405521298
0.35975102663732805 7.408250082693586 8.052032005088877
6.792931314986881 3.2688949278599804 2.8381257059024936
6.183073774616484 3.4837738097956805 7.904421150394348
3.5706688067923924 1.903759963240884 8.77905677860348
0.5861947271591497 7.482325341839418 1.322383801073856
8.94338272465239 1.560179734791205 4.037976484766224
0.7632466380980905 8.8615721482112 0.8332850890660852
6.514710819503458 6.857551365952834 1.5169921115429585
0.4481050296682172 3.8075471014849716 9.09139737334135
8.658533519019496 4.647150106261752 1.5061186386170138
2.10933498022131 7.068472017957474 4.605619896239513
5.8275476588116835 7.284273114389338 1.7615876498426277
9.590477039395012 3.0749068991804744 3.744706436361816
3.6376602565840956 6.636203539647675 6.424965608090853
1.6094992111808382 8.308022576258058 1.0480005425396373
9.205571641972188 8.883764818737694 0.35212588484914153
6.198720139579084 6.031735761668937 4.5970002452021
3.9491351398637367 0.47757457600151465 9.20895947773451
9.401819029206369 1.5093811594786541 7.319474394076847
8.056457025303146 3.1785218949263268 1.8682651388268599
4.097373255958635 7.551640305901328 0.7860290350243515
9.879971037695643 1.301774430356867 2.7575065407220984
8.302448859171115 1.7817111492929305 6.896756909193181
2.0873988680162925 2.8574623026436803 9.644655631830602
7.73326687686687 3.1793258732485876 4.243882807366057
3.155568896305181 6.694626378534507 3.7941068213768547
5.780442514650161 1.1575336696597587 8.111743799215589
9.140066332949807 0.7964913955066564 8.397935081657007
6.264253906420025 5.526482818898857 4.453066983843005
8.767978066396429 3.9297130014001653 1.2442797298762662
9.623141530219732 7.253469561134342 0.6012058876108384
2.68295657814782 7.212975703450613 1.974886087892783
8.194785110616309 2.4870418634119074 7.801107720856347
6.692827049629489 6.5359476037523585 2.88353306665866
7.914021561216568 3.0591941380196235 3.839234610458192
1.6622275543660452 8.906833663223505 0.5876636263536437
8.104833454395372 1.1226555957395243 8.21007306288464
5.373986981186081 6.220035681866583 6.807851830394439
5.265883743044893 6.268610504320499 5.920680991809508
7.331759029971845 8.145258859800002 0.531026731101103
0.9570942355336367 7.340371876580262 1.106055882330065
2.6738327723983284 1.1432307829598964 9.992817340871044
5.902838663350055 5.147820388269103 5.900300837226748
9.956306443714142 2.858782103706333 2.650533374864732
6.5045143941777095 6.67256456879493 2.195528125261312
0.5747687770111405 7.350667277304611 8.49679234089488
0.8869162384506577 6.909955804948685 7.297249165095215
6.469266958702185 2.7649783454404626 5.8455192022713645
9.857692956833098 0.6948874081822307 3.8044597693147275
9.037797251876396 1.4486838618290334 7.945083567522253
5.138689164954398 1.1354239961098465 8.2401245146734
4.262028115012689 6.256505496591913 8.560296122056966
8.730499280705233 1.6961249076868694 7.234378852761439
9.759169312848051 2.291785894390611 3.2452084293112176
5.820789092865491 6.130018952530813 3.472306807181403
9.875347658695036 5.865431411754208 0.9658651283746265
5.840357226899442 8.327784629603332 0.690780972163374
3.7533887102742183 0.40727292363468326 9.687945563541248
9.968098530689744 6.812508111298668 0.46533229721601366
5.812279331512348 2.495147051672718 8.060010389403908
0.39457023487067033 9.551593051525204 4.920081029499434
0.9220963580236061 9.068117886599646 0.7824681265820903
5.351766272355282 7.0343226379911235 2.688533015162342
2.1176180402207225 2.2813758556338435 9.383250198870257
6.734617118766675 4.106823780331021 2.480322252360713
6.424610929534447 5.713843356786259 4.28514220941233
5.863138747916822 6.41735161570072 3.2012132157690854
0.9399764174106471 2.9224196891701824 9.89075369731075
9.660491499679743 2.3291772643754203 2.9235922730000667
4.874532695818816 1.5308769476788293 8.954371328885752
9.798807372979077 3.156840577699905 2.194498160142567
0.12558434761026493 7.193599266685452 9.009968988215544
3.109935011682085 7.087401660517184 4.321009912847311
6.9559427177314515 9.639751219770348 0.3494267554952355
4.0218648001253285 6.319374614923581 3.7778113848827335
7.811101988717239 2.5896804189867524 7.433191638808509
6.050695254281325 4.395126026227401 7.943678496729973
0.3418907674010585 8.342056356997242 8.52047943874972
9.300901736004953 0.1012293254377381 7.570094051030486
2.9520153663824344 3.3902145707142104 8.950119058648152
9.893549006069906 8.886499728969415 0.3145296743522694
6.578010315664115 3.3556332570280953 4.058385841690093
4.603937860753838 9.697421102027274 0.3273702841897883
2.771881069853408 5.852304575639382 8.846197423338005
5.0303511601827 9.980060043798307 0.2626493100804854
3.8787093527681913 0.4438775130766155 9.551416844013477
5.600737210631077 5.903638504155362 6.512356643812348
9.505198368582688 1.0523176461696426 4.18265222872902
6.4390407146860476 4.216019329863139 3.917678170108161
3.517073265408881 6.287094505186447 8.35895898735825
0.23019570123408784 8.876115571015076 7.702002683131025
8.278775056691089 2.9980309582660043 5.748620277060806
3.766192091679245 7.076096740231407 2.7645208490114936
5.012024193644064 4.021334833761522 8.612938679187312
5.863190143022964 0.2798466192395068 9.422232993871958
0.6890832302484382 7.5566805322437265 1.1598718277434514
0.761213084243054 2.9777598497289604 9.596920305804097
1.4518842323454755 7.301100658613979 1.63696760537265
6.488691819398359 2.744026270763489 5.817343606163595
0.5202474276000277 7.245144079484778 8.823530429711923
8.556096231170487 2.333014167096236 6.761826444466558
9.772178140986288 0.9355203531415945 7.396478934550304
7.603190689942146 0.38281452577393793 8.802639811568111
4.368180107073434 1.7002804383985417 9.181141245535375
2.9169820698832583 1.6997920431312616 9.663659878776794
1.7512098053473069 8.68029180558638 0.5818936918470756
7.870176215684083 3.2426058205060206 1.9987037284413125
7.06094523843167 3.4823147369158254 2.29259268714641
7.559703270743998 3.3819670726153923 1.5362389990795027
8.516901014434849 2.4472304355579495 6.61988488465312
8.887862491057689 4.797495361777836 1.0585256157928433
3.2852050519630325 7.096920072437944 3.7490526754872526
7.611937158755477 7.562237176022547 0.5411448225125541
4.2124167396832295 6.749324394156999 3.5944883904756253
8.761398231962556 5.4866561732805925 1.1430640329590678
4.204820569733815 8.499455108505082 0.4376322758355249
0.5436474394038422 1.3791147505000962 9.93740516907708
8.75151630402578 9.009807551293589 0.16058286361177032
0.9234317272141181 6.4378631612257715 8.115506805192098
6.1719109267513055 4.1238580183065165 6.937064235165497
0.36113629036376604 9.142307136066329 5.56114010846036
0.1605118619768202 4.0786096442324595 9.887694027726003
0.4100313889002498 9.637665523981598 1.964861248506899
2.110599456112971 1.1733951993341076 9.907016619145175
0.35339329042550904 4.176698853547382 9.628701288085129
6.3185334450492014 4.429586943932713 5.665138431898118
6.930325022195541 4.063604806459882 2.375794310617678
2.578237651388216 2.210618278863983 9.36262707177378
3.452748935111507 1.490484190625251 9.259119068297817
0.5373335977521103 7.379672333768027 2.50145891791942
0.7679607266834845 7.209961080937637 7.983546789510536
6.184799663171824 3.0002977113356573 7.7568868063406295
0.9940475335214396 6.7252307086194 5.760352249026846
0.31546883077022336 6.049661024869341 9.623395887243888
6.522092848171502 4.015526880199445 5.2643053875105235
1.725954212848086 6.3819638849776155 8.692003057697324
2.9713748727509226 4.9921878632256265 8.815157411565343
1.9429017610598587 6.297803286497436 8.347471829619602
1.8290834641035372 8.367684989869055 0.8607185828990112
#
