#
1.0789310265166985 2.651360325049925 1.2939975281348444 6.273257576656355 4.20939892932293 4.783393560706962
5.1085422552327024 7.766261320262277 2.800219269224959 8.07318608048912 5.590311921839675 3.5229491503147754
1.5629719248537368 3.6988673124576144 7.563631141212218 0.8753844531544912 5.954395960155967 1.2282653310518392
6.636204277255154 1.310093605462483 0.42195154527946155 6.814880722566713 0.8256490698726022 1.9440269213388732
7.381853883953731 9.925937889859998 5.672039097925191 5.191495528570725 2.7854520493968042 3.143493598022846
1.344710603215431 0.24917461136336705 2.923601204965636 9.724218167381878 6.881467677636879 3.1383713935241966
4.469962028372093 6.309638899229383 6.0155707341771505 1.7428950005660049 2.3234223148257986 9.375201707269344
6.49445043854519 9.768170728771523 0.6121749152806988 3.8489281949351835 5.049547323374903 9.575826426089236
2.7768051622032197 8.49399537482392 7.455733667897464 2.212018847945616 7.049411975615521 7.208802241962124
9.831791612036012 9.263811544984069 4.0126965443051175 4.271648786990355 6.761342894358407 4.9690747945613865
1.095450571213255 1.2065181201222623 9.79163361930792 1.3810720103865188 3.1401231674920123 9.216892176486294
2.1449825331789865 2.740074663164577 2.3402271292149615 6.668089868411908 4.065526889384614 9.475804247224193
2.144283481825674 4.974536607373631 5.847378558595055 9.13391962162776 5.830783231645073 1.597876130823948
7.08951246262051 3.2700433481298488 9.114504886899262 0.9258564412304793 9.666650044991787 6.976344880677374
1.162112070739295 1.0001485431450758 9.721481281745127 9.304963917880077 7.21119737330852 8.576962505962458
6.120488660519591 3.9293027118498696 9.06396940695447 6.130620835623848 0.597006171906135 9.776783137425497
9.3192216030716 8.095467337673872 4.078446692910149 0.7042549494081767 0.19965700668973252 8.308738103918436
0.2543604690824539 7.673979840922165 4.247698499261797 3.8908838938318384 3.3421853173273113 3.929104173271708
2.406534037775484 3.4746683935226566 0.9487085236233446 7.773174394230166 6.400228459143598 5.682552747482562
1.6117832795860667 4.36591693370508 6.541469271106521 2.901205766143092 8.930953695178253 4.653222492105146
4.77871353575697 2.9257986943879626 3.321466826803858 5.386881162071806 1.8401866326085723 2.9331061532448754
0.13215741449551555 5.673738063807538 6.43941177273854 4.486503818849219 1.688340362007343 1.8969907227314518
6.895016943860105 5.886955733838714 9.306877347747069 3.9028077267233297 4.814411711637958 2.598480373562425
0.8032886535751835 8.146218277373402 5.493345240467075 9.955867092429163 3.061270604494789 1.961759290963355
3.050077032973076 6.433817195190074 5.688852215008543 4.823885143332622 6.246648467517609 6.983785210301583
5.2036191770233255 0.3302883400535874 7.1893249512043145 7.251814969256943 4.401129616343214 5.942199214802169
6.348461550427242 4.249453569413035 4.3568164985875635 3.8318861060500806 7.303548803192924 7.331949316566332
9.301742198237157 3.9027350677765753 8.653280384583232 0.505084439868825 3.8209538896034827 8.904428297573334
7.149846504721754 8.276126967469725 5.152006022586023 0.13192631285216727 9.827068630670446 4.7106327549695575
7.925693715521064 4.06610246755092 4.481481537113776 5.014442538880846 0.8172209847176495 4.975162958289768
5.429167332169406 2.7097297265799085 3.9068300685744797 1.0963512959765151 9.203891899984772 7.080430384709134
2.2857769543155504 4.780421982200449 9.395080187345176 4.418886615142433 2.9768219057533005 4.964912272713825
0.28277456365357434 0.3338144472529674 6.913143172828281 3.337429706050881 8.067320658084313 7.759358217825498
0.8180464043673235 9.870890764617569 6.340529637688428 8.085405899126876 2.706272788521897 3.7474945442279552
6.353151881136734 4.350480911345333 8.369299658741639 4.794773073854104 1.4370088884809538 8.125563788128915
7.98221140418486 8.167497981157503 8.325392162863956 2.4988592756793038 0.7200205647549636 1.1850873958168284
2.252828152687947 7.28047141398547 6.155636834773616 9.950095567456469 4.910874434225464 0.4892197016019413
4.18628397514957 6.286173775125335 8.942774959139706 0.9543349980852414 5.439614640849087 6.560860759674306
1.5777525506978276 8.384845199676892 5.341782068226435 3.9784286723072704 6.179199081037472 2.7795796450762027
5.616021707669371 2.9654108414462326 1.0990262341101245 9.91572519337426 7.808281400766755 7.419386355944301
5.035971558602986 9.811533296378688 2.8848560901439875 4.713239830910051 8.260491837191044 5.563832371149639
4.238613164352396 0.47650805551710196 4.521524075831175 1.2585514549651533 7.403644599894445 6.714085826106389
1.0541771707600391 4.3960383752235295 7.8630735950342086 1.7831666309463712 8.887057427069418 5.924047185707383
9.507415252471672 7.634087338481119 7.026184146752624 1.13916769060054 7.53640519168377 8.011109719625932
8.696250044821355 7.090012249313298 7.792146202582434 1.0433093474463808 0.12399072129605049 9.076422528532898
0.35440636202795517 7.985967280724078 6.924531279102557 2.897383166092304 4.002458271280037 2.3818133443900877
1.7097366792288922 4.684878302396945 2.0960652372674233 6.463326848930057 8.707242878772607 3.7709696536932533
1.280936767820021 2.408312543099353 8.02771171500853 6.996201783429413 0.7462187919524075 0.3444840431666192
6.961387565571672 8.406050663268205 3.9874947118660184 5.756452539029171 7.931882433589054 1.032547446871769
0.16703994863597593 9.289583946773686 5.096709602150765 4.30829818378163 8.651153479586624 8.315659344584136
#
9.12374092423677 8.841959008595897 2.697361994592324 8.46124393160251 9.05334429568689 8.047109975734983
4.853383163619642 7.013997580382041 5.146227568713069 1.166189560274637 9.911805143850344 6.74864793894781
2.144114177858949 7.623395632783276 3.522028669196187 6.126010742777961 8.28799502110062 4.599825357913464
3.0129913183075816 9.54842381034941 5.070097798439697 8.81350937747944 3.313221813520235 0.9094616236536437
1.9406419968210722 0.2184274412850904 6.54545321587833 4.650206392072189 9.899668303748982 5.589693963513638
4.322115505782914 4.7078406617180075 5.180324682274443 4.9419359034607035 9.18992727315983 8.675094800774263
8.77278928175168 4.403267827479464 7.95510001662306 8.640175164977595 7.875426106952463 0.7750468433660096
0.9740496025243885 2.826623164437856 6.660307660026081 3.453152164375212 5.80989279559811 7.808362263291693
1.3696680962619525 1.9075078275188586 6.304673733668093 7.956858385262745 9.611832368690948 8.587241418854623
2.4328801437474037 0.6655951089262011 8.074595572316227 1.408290943423819 3.920354781688739 8.97405697531627
1.7000062351231473 3.09246819458028 9.027200430160669 0.7143036849713651 3.5382466937853594 5.086958385174386
2.1394728980468285 3.8984582997505686 4.936402492012457 9.866083689084295 8.558201030992949 2.969163442547238
6.549921791814249 7.2623087149374905 5.02731793843613 2.445515654910243 9.121854216505739 6.985184472434964
8.190434238393891 5.014684672366055 4.798599869047431 6.30453695588618 9.1016001697517 5.960113884115152
5.404232158664202 6.983932674171853 9.953716609348477 2.4563140578349847 7.575355501991081 3.587928093419859
1.2256249267784 9.858668362048611 7.949530017538818 4.347412307489992 3.9594383822776 9.645838625146038
8.43198992569977 6.978359782283278 3.865934035022727 9.679181966099232 7.280123205629671 2.7990719438411924
1.328031320399146 7.7926575143920855 7.714751732830133 1.7621037676260114 0.5602672180417612 3.3784832234095044
0.9945353571429232 2.6279134982214103 8.086002874825152 2.091638336154082 7.5974844178761085 6.008773621325095
6.165402483501333 1.763851097508764 9.162969902649749 3.5550173661683258 6.906907925558488 5.8275347114953995
5.4660832357630325 7.142788175095987 8.843246184357731 6.678780564509514 2.0675157087430156 9.88968424714163
3.7580496173603573 0.6601462296001017 9.03319546402972 4.716941875933423 8.139303571448965 3.9737443922841322
5.894689174845044 4.932803647495527 7.2242333361819 1.31400394392293 8.80910095112843 3.1164975538306163
5.816415055158179 0.6228533601790787 0.18380311586284126 2.8670047720933804 5.875855988293387 8.06065151321484
9.719144140176741 6.43975930572249 9.23852474707843 9.62885038621697 3.4234688225140486 9.641388261199786
5.774388923967347 8.627173729049314 5.53574344161566 5.606372250559827 7.817730761102338 4.094162123288065
6.777257020056075 1.8582066253545242 9.683693516890912 8.624181301606395 3.309585749790907 7.241756762352715
0.418493989475186 6.51709970884656 8.311861060224906 1.1073911846748992 3.368551682149654 7.633533911589424
7.467116378112024 9.673017817275369 8.43074335522967 5.812131733950723 0.5460454566395008 1.990476726610324
2.4741202435279543 7.284813803721875 8.046708265481682 3.443110629705039 0.5736312364515914 1.3459540342436993
9.36677256871871 6.7954229253915654 9.74802050718526 3.2786991880342127 3.230436961324987 1.2645889081793342
5.741022046420495 0.6695369593611771 3.0894381652910816 9.751672881259973 9.492113433182732 7.124313304427618
1.8781391006028598 3.6513703120177077 4.221660623320299 8.070624828413274 6.979034568655545 9.233869701666727
9.312893873654048 2.541602474286128 6.130221003964595 4.824945799837574 7.830435902411219 4.5298077627969455
6.177434302127788 8.653295964236207 5.932684705285981 0.45062174869249993 1.8294846349813705 0.7508867892904405
0.244570790486077 2.7791882382773765 6.939286616535226 8.844652958562284 5.5929117600067775 6.689217560514626
5.467861100290404 6.722226260479593 0.27491427260099766 3.5996380454976196 1.1513540633491592 8.580915342138827
3.851691473089552 9.628907140502452 6.677661607048395 4.10284761040305 4.202279106283625 5.694796125764213
8.351759200753122 9.866953072444758 4.115303594820505 3.3900245077069906 5.25046741941489 6.8164648798449115
3.401401734270947 4.281879660890409 3.882261001931564 6.47866040147577 7.863116851102821 2.2692970675461215
2.79495637301471 5.67012540067549 0.28884550424731437 0.25689710120365383 4.42787220016538 8.376624227787048
7.1168198739799715 6.34374852906767 4.8627437137096985 5.602988123580112 5.938868022684209 3.710822353060548
8.356391744526661 0.568710654652377 6.71672980547108 6.113999367403798 4.603220952384458 1.1367974166261954
1.5653222004453 0.15283576073190996 5.99454742736289 1.1289949747452028 9.703170747718115 8.99147837423754
8.94102081330284 8.296412404032054 7.3003546562395885 3.981554226375081 0.8869720960820491 1.511435147365889
6.638504736681586 8.815479022256444 1.4714857500329344 8.217315227344473 2.9451292934583333 8.571611587824675
8.58036362096443 3.868144829039961 5.983391300945867 6.474036794277848 8.46948888726055 5.134498639377881
7.32979768788903 7.1475587367540125 2.9883959167726326 1.3824207164422653 2.506136151486108 9.942435935603555
4.861857517508756 1.3343891280666895 7.106078485808354 9.072923256415624 8.450651890505258 6.734947474716452
9.187630824474066 7.416930982812058 8.19240605219789 4.987536199283213 0.6012638704737796 0.37180873989635277
#
3.97869128823017 1.8000149434316004 0.6586730568922752 5.487632219292603 2.6048798076470563 9.906684091863383
4.901089623838451 6.715920659286417 8.100877912121565 7.741334306539812 5.013301100526774 4.287787253697819
8.178501768579824 9.143515429318304 4.988342293616929 0.11638810189123827 9.979656406545466 7.656217844832273
0.5307342927858079 8.61866383630984 7.447333187702423 8.335114972732288 9.170391427893282 5.286646379375981
9.373662073822613 8.239301314761233 1.6216999695803267 8.686982447103826 9.204421345413294 2.1235014579429987
5.075515149656105 7.825764419877847 0.8584106551968516 3.758513867507808 0.6696934174326463 5.314989688984348
9.349978687055405 4.220010341836607 6.490596561632258 9.104254528636638 3.4127181013027945 8.289896040721771
1.5700829334836643 4.303759599675834 6.262679006115691 8.903969042411532 9.016723075501323 5.634216610198891
6.6618900424362835 9.874593814631131 3.1032414082096054 3.2546192104706115 5.244856561486343 9.243208881885096
6.432820376307429 4.987318061091313 3.8252702648461026 9.946470150630098 6.072193573397163 6.999998936022166
1.0112596340154436 7.326254696393445 5.963174033144762 2.6915387425901223 6.981901326224185 2.806072889910096
4.706161106437482 2.105123034062591 6.259542381020622 9.374302169593122 5.951197286136727 9.145471280835446
8.338705143446267 8.369221391673019 8.620763253902728 5.783232464229975 8.377243241813789 2.2459745414080037
9.921829386235174 6.009862369149891 4.07514911264301 1.7957271804441057 8.646641428604871 1.810128095177963
9.75383186065681 5.635580285076419 3.744590143322616 4.242433650696751 7.199658811243637 7.849302875995473
8.537988693636839 3.022718175796959 6.384661670502895 2.6083683498805312 7.852124637202854 3.9969539584468476
4.1496701471739605 7.950036929058851 9.049487258586913 0.8877028668619928 3.8750243879680113 5.710468353089054
6.417423135965928 3.426860500750332 8.813195235064066 8.468737502656584 0.675747996970486 0.32602447324339856
7.089556142813423 1.4299291982035913 8.29450487732992 7.555139868451548 6.31499789186404 1.4407990868181915
5.311755699702016 4.288049083607748 4.034531629640733 5.361799670292949 5.70974438212806 5.559205949518179
5.9226964742813015 7.595501466199174 1.8074157741752952 6.633823284922126 9.801226471958502 2.451178972865729
7.281475325425033 4.80765837809482 2.0456500703225955 1.5891547936804482 6.7338705447464875 9.237205679013208
6.190712479162196 4.357300963789993 4.563683757771198 4.618861985827997 9.203985283396669 7.067397927776304
1.4963246634570702 8.366233719493316 8.114854100943742 5.799917207646629 5.024054518615374 1.5572897610271554
4.656180881267921 9.506637519145533 5.862248130681051 9.638563752404545 5.109504526425037 9.769685514066296
6.125888429017712 3.957546013409166 9.99455352596579 8.00267454882913 1.3675875844707681 1.3487595012408584
2.1642500967751834 9.779818894697776 1.6465176399090597 2.69813720391787 7.4870001850968695 7.005474569754552
7.982824415930739 3.914874475673976 7.439793417064891 0.8834613380333085 6.86817085526841 6.447571048372791
4.733092393303078 8.706071993744949 4.191924003148899 3.2960493317679616 4.79881251206361 5.813393927869246
7.4643954616772 7.252088257438058 2.69206896942157 1.0832342285507432 7.431460045320321 5.006641961763762
7.5413811332293275 9.68546688201266 8.336426028536266 3.2351495654753286 0.5477601012908293 9.878856187786175
2.237895867831049 4.372876769682131 6.485048944324965 0.48206551527419705 5.884162554921154 4.913362836037614
8.157556147968293 7.226646124007331 5.523226795898105 3.8850309853989238 8.147885281801663 8.775787342671721
8.082888292668594 3.096383871474858 5.653578188783391 6.766172886434052 6.4821993545704055 9.730600661849742
0.896072060974797 0.3875678642973224 8.452782384423255 5.8160034079491165 8.096346169325138 9.429706117063692
0.5185851853500543 6.8402642438631185 6.669006195878379 5.441297757390723 8.254526664899785 8.518151378973423
1.2939284373642708 7.798242733545658 8.645067037710703 2.003851958958863 8.480495247088953 4.86018552039987
7.9741604369888455 1.3029612407910078 7.483052205604746 1.9721768394862709 9.14997176290489 0.6661479088515385
5.426887544192581 8.536769096550245 0.5559282120796682 5.276766028075191 5.53981615975262 8.244955723801384
7.387115948050543 6.257919075225461 6.389721348937536 4.84781607577992 0.3150549246382557 6.5314562242202125
5.566985726104347 3.52645681502215 2.322050300373707 5.277096593782095 8.972954385826121 3.1072829163300995
4.121564692927423 4.344052844260366 2.3876198388723697 5.581066035137294 7.823077486402606 3.2636913790865076
5.077843730367683 3.768724178294354 6.766442044013282 8.236856065291645 1.7823235640377555 8.13133244334751
7.230666771666302 4.37400317697879 4.769164914199888 5.9631399625942905 6.775119150063284 5.102027604554786
8.678497695254277 4.69698865316971 0.26442141665947183 2.251027005119488 3.4071077873597635 8.120124735117454
6.820626855401934 5.55772733465017 4.357502934547957 8.47639406191334 1.8327955936041644 3.6077906734444642
7.766025553251623 9.700134499475858 7.479686961376501 1.4026838288532297 2.3627455087641125 8.446878751646
2.750735483854249 1.8301651654718825 1.848594509623617 3.468384035424884 8.846876990328747 8.195343988888279
6.312955728746707 4.325528729072662 0.41711134425529917 9.209023820156936 0.25525753807864504 8.38559238913832
9.470262865005122 3.7177683081868493 4.034164900422135 3.6620907406117977 4.917443515725304 8.771142222690662
#
7.37536435342053 9.81964250460026 1.6094508287402451 6.810109121343146 1.4613949800635204 8.890592422438925
2.1713756270523588 4.976934490917934 5.024793142609949 4.490517860311204 8.992669257647979 1.9443798849578897
0.24276265178172896 4.400641940243226 6.7164023561557755 0.9733351213446193 0.7165779869925641 2.063437078221104
5.426215477747893 8.810010547926652 2.564400305648893 4.36382113038884 9.900239995645881 4.407625142242206
7.091458842796613 5.229765084800255 5.7515965186296025 5.364904225597834 5.235684910366704 6.858852835164604
1.0905804025802244 7.759241694283961 8.980434006878742 6.2406100899890555 1.5090286591693354 0.1760407929136507
5.391912988909034 8.041061439968427 4.427593751036933 9.369262367375024 5.488492177412494 8.558288744047351
3.736791732927503 6.28708297084949 4.454041054449985 3.363471279249869 4.144071987619174 9.157687270829381
2.523367171611955 8.000311584083901 7.070083309970816 3.9626632298372364 3.311453892863694 0.847866517095329
7.305578749686381 0.8438143044462922 7.367723424527265 9.027475195861765 6.7359255560641005 4.963660893964968
4.191029010978767 5.264549480265599 1.8023143379372342 9.661330475171873 5.880644141889793 5.61291057382778
6.049126819567552 6.253909122874939 5.8528364344273776 0.864848069151595 8.824370059830688 7.540477564067226
4.016284917100864 5.108175991628825 7.278442647663979 9.065663264905023 0.6178309954627954 8.361415948651596
7.048433709866003 0.3967866439248402 1.9305980764517088 3.669952654400829 8.815953877816431 9.925435968715567
4.1503738800297425 5.799485384567986 3.4014762280163064 5.540248893315496 9.227223507914978 1.1365307876576036
8.178583350272053 0.10140376269151474 9.690908611156258 4.413955013026473 3.5370379717990375 5.557047304349729
7.641644615771167 2.0921439361158156 0.708416523891132 3.1033029246733763 5.286768381958074 4.056049011299863
2.1130230475829497 4.95939771174672 7.272295537572889 5.439611132603513 8.361759026025366 1.7284172133026678
2.447700074850046 1.544294846009997 7.280689234084145 0.18323685229598397 9.340466710759902 1.8845408120505835
8.778315284854806 6.34478796322243 4.786261929486939 8.20823809831828 0.621065466495013 4.911780045638275
5.817625190123828 0.632600826882431 4.143747207520936 7.660720475183502 1.6256913342223713 9.398119443642935
2.006325202937313 5.0326454098761655 8.880229364668539 2.269964251951306 7.161358614338413 0.2825761564617446
1.2699560352414738 0.7108821336321718 3.941970703097053 9.380669847370747 4.809444939475377 4.826590037549983
5.090642923545242 9.437069433551997 0.4272666779293832 5.508448793170612 0.9195024460715944 9.504056181096018
8.19307419779782 2.2745047215662204 4.877916188917103 4.284692100583271 0.5393821826645588 0.6357126983315009
6.405889568886694 5.011620823773932 2.0959949870700934 0.9568410909517757 6.192497934131533 6.813899577843002
8.801811416133264 5.408042380739479 3.5146922546356665 0.9543112102440343 6.130796206412091 7.081613078371531
4.7354951058713475 6.354570168933033 2.958097463289298 3.004698448128695 3.387526722144691 9.754195611785212
6.55605794612925 2.569785197526166 4.049900326877809 5.792168581146321 3.6806054605242338 5.206272793690737
3.5356264008408473 1.1733385257244429 5.348234785231351 2.355097849202598 6.732880110778585 1.8638568968777207
9.192207197133033 1.0112652813227063 9.35017529402398 1.7951197007543218 5.7534942305422145 4.390826802663698
5.270147953303565 4.054326654040331 8.286221773535065 1.3624401468812577 4.037498973819311 2.6816916850469283
2.856692659949579 0.9797024234034355 9.28836307039912 0.645486525282144 4.706089904265499 4.874912293982904
2.777985232749019 8.741605918270444 3.476867422700596 8.888434166819424 0.23706988484763247 9.24298396692448
1.4450113234098558 9.41126622281998 9.136928435481835 4.770775238103414 8.1995737459626 1.1019932233151026
2.1160686081196336 2.7679161807098227 5.131171050011453 8.08110934017019 4.217629337978463 5.307249266062223
8.650855292543037 1.8995760553864702 4.046209071668844 7.141493883727001 2.4608474579432156 9.392237180737368
9.981729219558586 0.9402884530346576 3.8399926911550555 4.987386250597748 3.25376601759432 7.219565009225525
4.914588979390587 3.9037403207397414 3.6877303615300283 6.35307358410281 1.590334317935708 9.257613496181465
2.3010624609540824 4.106061741909026 5.569897007504454 3.4896140890055367 4.442097511303634 7.737726636088389
5.526372092491102 7.240865428254676 3.8117009610546986 6.968250085766951 4.3808688458359955 8.159454993952405
2.4312949054132433 1.693534746007885 9.702162562765219 3.014187796009748 2.887629856154702 0.36446354550180526
2.5090876371038813 4.067831048373559 1.251506471424714 0.9565051891157648 2.903262914217371 9.766470087137183
3.421677572715952 6.337992297925053 2.623019633948109 5.588028623312253 7.728067394154628 4.891142860204248
9.16862641848126 5.334427699838864 1.1306468697452559 6.477715291182444 4.144177292611957 0.6251157129591132
6.281569052983906 3.637193459385818 1.0555287580950017 2.1024619352893112 7.971229304727453 6.257853935264948
1.5105077719223932 7.062096982545242 6.314810359772483 8.856747653616301 0.9194141867266534 8.686389011921452
5.766973052946145 2.5820576951680834 4.510377884064889 7.256676318870549 0.21871532717922548 9.851477671065712
5.026873131160827 3.2063196216375376 8.015579595595035 5.000636693590934 0.6598860593070004 4.218966463596785
9.05905005142769 6.090690650660705 2.5175936827593466 1.50744780498963 4.6265567946426005 6.0532649150824325
#
7.43949464685039 4.497202372771502 2.3486802676689527 1.7901438583247695 3.863750977351738 8.177383357409244
9.795847220473423 3.846572546334139 0.5808823282669486 6.869669461604131 2.335528076297028 5.054201638094196
9.70263284054879 0.2156522622950492 2.1342120556124042 6.138327217960806 5.98834652494135 2.5616132212131313
7.707789582609616 0.2655119186070536 4.147992468182461 7.82070579714391 4.745827310903889 8.580795881997513
2.816627956127428 1.0051434919133646 4.3436271640690105 6.042568647743335 0.9048142516647495 4.6771109936821995
9.404263393546982 2.944425466096593 9.987070472733368 3.2622716737008353 0.8703276352538554 3.602730939689262
4.401834669977388 5.6076274349022714 1.070251281214936 4.995138922414076 2.8711219126407803 2.4800943270395726
8.030541465426921 9.83009069379887 0.9943476544796361 1.8896305549050747 1.7801303066383416 4.486695347851304
9.70477288417862 9.55632501326183 8.13832164532233 4.475107273884375 6.852034366271001 1.4918608450893918
1.2585688625016638 5.979078708246601 6.337446549066214 5.343868561553272 6.371380632934482 9.397766148100553
3.67258204296757 1.0375941641599855 5.0814792524165195 5.989376902659279 4.541065589150196 8.102223402669706
0.33102514768974434 8.058298911854695 5.518268898075509 5.229591767787838 6.182352548938327 2.8686738694828637
8.256615523180603 3.90477852401202 3.168290818184216 9.567162036853182 8.7024061053182 9.57484810732418
2.1903641306889154 4.7298516018967725 4.666129426685192 5.0829839278787805 4.789854130926508 7.354809139227683
6.00758280937038 9.303415954078877 8.47679400651874 3.5524219305958646 2.0952646865149176 7.419179164308398
0.70729950495467 6.467319370693835 8.38973081196652 8.418602117143712 7.394423455312946 2.821492161664993
3.8078973290412446 1.268213485977196 3.8691154375018355 2.0373784962546493 2.4606691574702664 5.640267729896649
9.050770667940558 1.4151364917320048 5.241655935112306 7.8577952736075485 0.3044492723779859 0.17521437057880984
1.7246147084456434 8.621088626391973 7.7881368449279424 7.25152933306562 1.96985147658732 6.278273353615839
3.1425313383556275 5.4397580916736645 9.059131275841299 2.5602251637983655 7.330647248048486 1.1743407107014998
9.27252123714949 3.8493739910655127 7.615462597498079 7.220224211334768 9.93535077550573 3.3319991931510153
2.4856907762670164 9.557684808785023 4.1510110184552635 3.210935110543141 8.258896606580564 6.098197083745197
1.4933335452674261 8.98092364455362 4.177558747126618 5.036878075889982 7.905139123684526 9.514817095120627
1.5397246876940418 7.995385099119829 2.6631801783370737 8.829168295599327 7.690064572924763 0.9331079548651138
5.177466457902329 9.486187851972922 1.0060427299365493 4.543694657318689 2.3752059948922146 2.728893942148167
3.473185613477413 4.013841938079298 8.220177049858071 7.286980723924232 9.444869842402374 1.211255657710427
0.5768773340217015 4.915792381382964 4.6766175504137335 5.796021838007966 8.76676796600613 2.1314477839929626
1.9939247695831401 1.0315819555617818 9.362509020001745 8.42351318150142 8.876127073081705 0.7255219225481895
0.657661361388783 5.529978405283758 6.498071957577037 8.272354250429746 7.028958906228412 3.606107531547571
2.3410384352065243 7.297630323760125 7.668917103721508 3.429197091418131 4.279888524075478 4.909745864816882
8.436404462667742 7.741717426779614 5.105584520696565 2.5644587333813442 7.041772275299712 4.76568110648442
1.5019433607701078 9.563656866181097 1.4039931904650271 4.634632856628073 0.48321987558929624 9.259884548119707
7.15388688568582 6.091676165708731 5.368869497375299 0.9180211020559117 8.348033821978149 8.255785977539091
9.458611628787734 8.110809536362256 6.270963324657865 0.2879667786271227 2.402703026694409 7.456020034781196
3.4910192612188444 9.411650781394368 5.794813828273866 8.26552816573892 1.332498697722912 2.1168253034974502
8.312260048245605 5.491551395212661 2.888917649662801 4.120377741886856 4.447369021386226 2.3985383542600407
1.348943193163476 8.909351691501065 2.1620973593816384 6.17962528907918 1.7068742182238195 5.882077774226683
8.76769831031973 8.766318394247516 6.4963112378135115 4.10290599664508 1.5681187954074978 5.7465969598145685
4.335038365769441 8.855633107969918 8.536106116507693 2.8633754643875577 6.315537292688512 4.676706989930642
6.911081882627002 4.11946674824447 0.38349637704284234 0.5868987619729937 8.519135570938033 4.14410118074019
1.3205903430633685 5.421779467182183 9.760501282129088 3.663177019756561 2.7524591019615667 3.380344137928994
7.368205607756554 3.422759723563855 4.620245732849055 7.611197059545945 3.0171858523197437 2.154647291033679
7.30692755255311 6.447677980712074 4.911964465948279 0.11199049762496482 9.819071734712708 9.632901600790886
8.382584354382145 6.607212380170173 8.730990677112944 3.56731269506675 0.8934662850674853 3.421414673275178
4.779878125765798 0.4468176533693482 7.98261315362356 8.886133981690772 6.059442935536952 4.007712668869112
4.100804852589686 1.3016846727467333 4.62237172044636 9.451089798147112 4.868768793558415 2.376427032618417
9.61169159630353 5.871645641820888 3.8616547591312913 3.218457953089023 1.1386939829421912 2.5051313733577567
0.9849500396137474 9.017493647119844 6.069321597255608 8.239747664097173 3.0400250588520485 9.937623401774937
3.0805281320192215 5.875960481917942 9.141921498741006 0.5971095752546347 1.0346267485256826 7.011609223499337
1.4777452277084215 0.5949763199186355 7.422279600536516 6.5256297083049155 2.2948319758625773 6.324121713748696
#
2.765196965382247 7.114278309108754 2.4339663860117935 2.075190742762105 3.390473706051817 4.686751848444517
1.1294085904442257 6.585443379854654 6.110960390013866 8.226760265761232 5.695790252379559 9.043879443289219
2.999491921265025 1.2424242598219828 9.368641175101196 0.3485965621421565 2.6109271194462025 8.764701157578896
2.125913249998333 7.015054002559058 7.221209193922395 3.4229973484233476 3.497244322590354 7.7595707755558125
0.7879431010777926 9.173614592785857 5.245944827561254 1.2896721817412575 0.2673596138175016 0.8404573905725163
2.7278894175723867 1.045656098657207 0.7754529562139538 9.90645803822122 1.4779296664586123 8.508748801392212
1.6404348445801142 2.0839655748880386 7.666016771182422 7.7929191345448885 4.402972125251072 0.35521622737991
0.721955272292707 6.6866870943309475 7.57741832272788 8.735954125431821 5.351969033736262 6.460319524121079
7.5953454875725654 5.968988341656278 6.432950972016656 9.659091165710496 4.232072971710487 0.5046444201270681
0.2107726061858166 4.708499029408791 9.312322656591963 9.836431794657006 7.740790466240325 4.419982153566084
8.918727918055078 9.740555043586195 5.03495621885754 4.884907467717982 2.9865453103176653 4.803448577912861
7.9654207380291595 1.226958532626032 2.734247414251847 0.19996776072074773 9.447611093753393 0.35464687277671025
2.3509739295814587 6.561835129934325 0.8679534312146604 5.042019345236946 9.994383920041003 3.9077699464647493
8.611714937668694 4.795688179658187 8.475870146235886 2.066208078203771 1.5853742188157915 2.7642752556862016
9.363962517030064 5.18138185588908 5.261648004434921 2.455780954334368 6.268499395278864 9.589346794234437
7.9793448056628336 1.7904161807010914 9.96241594965393 4.141872877765417 3.028621322214282 2.113121165512856
1.9551060484501313 9.917131501964091 1.0139708693521028 3.366708133676254 4.798068420553595 1.2142151809447008
4.707024932386592 9.45937217124956 3.5991842301909776 8.964674386897748 6.766140650682184 3.1281739194128133
3.4765910480931845 3.2666159443363116 9.11185752376026 0.7992905006393061 9.159601009569503 1.8176323154400174
5.351417619129973 5.108334948345631 1.5156995305013141 2.5943707105108467 6.135108663114977 6.258305643780228
9.964296189489378 2.300570940075109 4.772600443200814 8.170363378762353 6.789073238321365 5.696288884255637
7.486624540047865 6.15213845700541 6.13492895657777 3.16702058434417 0.930948489108343 0.7715768104702176
6.591013206062143 0.9683004823788766 1.096426640275499 3.6646977151312625 9.996857717225062 1.4203798136837729
0.8295651386211542 4.487898756758752 8.319203603842576 8.686120850112317 5.027069362410593 6.6209585622351055
8.273886574647364 8.671382390060785 3.1437495063277305 2.133013076959879 5.751693502488009 4.489283400433902
8.274836232751802 7.705099599588452 3.815878407928598 4.4676474645076425 6.007640008525374 0.6643548980155849
1.6759139395146425 4.430155740720256 8.61512583057981 1.0974572899861856 3.357159051114497 5.15880148273632
3.9342644959418713 5.2923032663162575 8.96626150613098 3.87992064946562 1.8834182794982142 3.879381043494069
0.7054577497894536 7.126953335287271 1.5990652324513213 4.771563964086018 5.657935291483983 8.171809619577092
9.35749143820896 6.645071955722541 8.246573301613465 8.263789256106548 3.953773441585659 0.17296330549823136
3.6809892976263043 4.648196176578802 5.1985171092088605 8.399250523920461 7.333896252253069 4.994868835910426
0.5155755186373305 4.112006763685962 7.8709443117075 8.256046323013969 2.6108562768578656 7.469627516674723
2.778047987010341 0.28068624474822634 2.8297257351176173 9.244834432773022 2.4724207382701384 6.7599461032100825
3.8084668841814775 6.567850083815364 0.1393719186748772 7.834252324999369 8.356074421179033 9.24473659836099
9.166542721147776 4.801338564127529 1.3985382811977844 8.564262454145183 0.37392347206452925 8.261752108720074
7.187666413126902 8.392162404172627 2.7363444323154034 6.700400450558029 0.8612351962624194 3.808083307547048
7.847487467247408 2.2460572041561955 4.616369199861392 3.1575948965986242 8.695857547746472 4.9697279436792545
8.533848221642861 3.8699095111386637 7.337039734792672 7.332776831482253 2.4651745215792147 5.836627173537069
5.0706140867948095 4.41505266054651 1.880299018144211 2.540241710653119 6.389804120021827 4.364580594099728
4.273705494805171 8.60491760814444 5.682460263029779 5.456308108779208 6.1201867093728355 1.1126264943654238
1.5964481550144138 6.9946726055687 5.806423004729772 8.043205452848508 4.837811631240838 9.101395211683446
1.9711039617473962 3.1660099122710545 2.340008543848527 2.469404645152251 5.844509030388321 9.029776568077452
5.418507276747493 0.5674062327056664 8.162645731776172 8.066167097612324 0.43247893277613336 5.59468638597631
9.724424386297917 4.711078956784 0.2277353999618752 6.303559828818208 4.733698725091223 7.61774366015283
9.18556875747991 5.538843451414453 6.241289481798021 3.3784456423084355 1.889972318415523 1.8801818561111996
1.300757700682328 4.942205678786199 0.9798767431010198 9.318296954470757 2.2933198298195654 2.289310525180611
0.9878853877628879 6.966424629422003 7.238795514960959 1.4389936472962126 0.3176123595953939 1.660568808836529
2.662906295459928 7.557008048404708 6.89855882894447 9.303181411035634 9.140251202739368 6.041453908474988
7.675328180479195 2.494669144261784 5.3837385554410835 5.439499449611059 5.498004220553675 2.6161254588668523
5.16140725172856 4.92367342686599 8.915018762034602 5.544118206969955 3.0289950287386294 6.017038547705635
#
9.498880553070661 4.569771619541517 1.1267923428157323 0.9560624609715447 8.170046350457717 1.6502908640541811
2.9715965629838395 7.956504836167792 7.370991055625721 8.84729217113864 4.609331882828691 5.679216654884912
6.754267297802555 0.9089631462141314 6.061099731016695 9.093698192351429 5.324464247835443 0.8496162926078803
9.123140152165 1.3876051565719778 3.764056455254102 4.4370397045479715 5.222860437997817 9.816679456985248
6.271615978195708 9.441690871722924 9.447327421441983 4.435722399825631 8.47713042698501 0.8223946465580703
1.0105456876010965 9.635012064055775 1.2286025467511732 4.873452764708421 3.275423251936543 4.163517614270914
0.37255891666807184 9.640322132569347 5.230202947040135 8.638570253268949 9.576160380180497 7.1458103442554854
0.7713237603943144 6.243507356847056 4.295118859979584 3.487579626971292 8.730550005049572 2.790134941795872
0.45328263770865274 4.904390389647891 9.319747627845441 2.495951251277223 1.4390057463638959 6.104753754999198
4.4018226515855226 8.628844990855745 8.759028227675945 3.3680487767602427 7.450641278876141 4.1986939605206
1.7889692299391533 5.87008647791112 0.3983121406632266 7.728305314057112 3.552844307688727 7.273809151915788
8.743525103780796 5.232498492156737 2.905623666140163 1.5749815945106045 3.1126242617058155 8.051185130281649
2.4977231941995495 2.788110096319138 9.8668709260218 0.5709979016848363 9.184314446741322 2.537511696291042
7.251573799271503 8.26925076696073 5.042464491350684 0.17359622112093387 0.44140077929277854 8.680208711798818
7.655195179722551 2.8061382142724787 6.610832666014515 5.5398643001657595 3.107344508859642 5.998678670043284
6.2283312281776055 0.8230651432818412 1.181269461133347 2.769694317229952 7.793026129119802 8.868701142938505
5.427270475420465 3.105272198341617 2.218823767911834 8.804465763493084 9.665512352300695 8.627905878233236
4.19327161892859 2.697140205243402 4.6294038834468 0.24772066255046976 5.0950466453435475 8.070880801258813
8.440092428608354 9.335120902858936 0.6280157642853474 5.108384524788331 1.3092747320791878 4.264948674131871
3.4028216171434194 4.912464964893289 2.5238095793579256 7.5309043917062 7.6850287007715155 5.724072213790862
1.2105060687196683 4.824368421448015 2.9219923147866482 9.034738612637096 1.0177205269382608 0.7267937238041293
2.2682758776513565 4.571621430763421 9.341240106032053 4.666235432405079 2.0640706138950935 1.8708143171902774
4.425957461045114 5.065167888210892 9.276024201914208 5.589409495969165 4.760775274529768 6.5234343994346995
1.5093758901952241 1.405885946577388 9.437060125867617 8.010175678054843 9.952855980466785 6.021274401566776
1.1379748801905598 2.4318042256827006 9.22663942651745 3.0363157092096085 8.825607790536155 3.7706639430533775
5.658377058433457 4.8264335218529295 3.505057199312154 2.10523888914735 5.866892605255566 5.384347886064637
7.137261904610149 7.977248681948345 0.6509937355297133 3.6471681068877615 7.175884177821196 0.760772953860176
8.500755236193248 0.13266574821496935 7.876586158370269 1.6252492883650698 1.333075808729761 1.8463633853002364
5.6235099610345225 7.030683822063889 6.77980862330408 5.555194243044871 6.1847747573942815 2.164560251500122
5.354911232414867 6.411162293716604 9.972677676291829 0.37136479008974543 6.728573248367424 6.714347148911177
2.1467046391909714 9.74040011374522 2.6655580289232446 8.186575094502553 6.995391088269043 3.357159917803285
3.2800695152091954 3.271239288761569 0.44180717565859773 6.925732664199484 9.993050588491151 0.33712874124458203
1.5986214624365371 1.6418284017806468 6.176891828707161 2.389859381141108 4.908100774245826 5.5279733161623525
8.402475491341313 3.439327818967711 0.11977309555974092 6.86374636059947 8.905245520559895 2.0977389285684884
7.6390767851586165 2.790657050335001 2.530348435086279 3.8441268796553194 5.113283891152424 1.9901098821405574
4.448059666319298 3.69488904265335 8.25046647225983 0.10855238930288458 9.555159432092951 4.002195049135991
4.999917254305891 1.1299049080768375 7.981178608497414 9.784970541259966 5.414107828462521 6.443372754867508
7.824889356939795 5.878843536001827 7.678682803159738 5.073568771785024 2.6788585485492034 7.381271416072564
7.278572072421333 6.62595799196883 4.970121895223884 8.891778080361378 5.425598911655973 2.0776077787456115
3.567674030530656 9.114953474412895 0.5413286089411296 3.1391318276499236 7.591727612782671 8.655527853827348
8.636830672874774 0.25454602807400395 6.095543358741687 6.85073299156519 9.039796831991943 6.856617695490508
5.245713843474098 6.095027685827815 4.2877551862126575 5.959483847466643 6.115486600754197 8.022042602224285
3.8618746376158377 9.041518230361753 3.3932369242755778 3.5091588685426762 9.365401195063116 0.9941820546854707
7.228076455550752 0.5113222480195851 2.8241071784110057 7.686322899939567 0.3816919655612878 9.99274570074462
0.2285613013614336 5.833734463710276 8.678650310851785 5.118545351333112 5.334795641499756 8.366581810292924
6.7534100895755484 6.02568257897526 5.379405081535086 7.3394872823705635 7.915734553166137 5.2118264109738695
0.8387936270071172 4.5068012092627585 8.536148003392421 2.076539098454299 8.599586091388385 3.4127212269144875
2.497917572210523 2.757259758004746 5.869309477582413 7.461093476510396 8.482517752966963 4.227945290291204
5.034801655515284 3.9656327153825277 7.87612897542448 2.7201250293222543 4.181958670246405 3.7192569429914597
1.492077650977782 5.410827323808527 3.645309336040008 2.3102703977516548 8.120706894125489 9.35665762135914
#
9.322013800049204 6.321338079932923 5.124647891492268 6.861301263261423 0.27218108652675976 7.0729369081610205
3.733065067949487 9.401555168570848 2.6589936081806647 4.635227234565007 9.352679051901838 5.951492852368739
5.820771862815779 2.492088559954913 6.648818289464995 4.239626745365007 3.8428806779889575 3.1981721546380246
5.906957062440216 9.146556386723312 4.381544180803826 8.658854599555223 5.468026524902793 4.423656757286204
2.771708538853961 6.2998152929939835 5.139742731207456 8.382088986419163 3.099395548167963 4.990391742913143
8.508286784812409 6.164147732503281 4.867944618621363 9.69449951717269 6.136345819869625 8.490742604211146
3.059088865297168 3.968938213404952 0.40340788349355705 8.705567085290227 8.075095448904925 6.296636091812196
9.283184939118378 5.764851802171872 9.127790532209396 8.28747342427668 2.367517303609642 3.952269681217677
9.034694618961005 3.346444546430475 5.251907206164185 0.12789294146417873 5.608882842831985 3.83819486051523
3.882118703618673 7.614683432752425 6.48705043069484 6.383785674030377 4.075999302073847 7.110203117681714
7.1964885558575595 1.5028542760416985 5.623696598777011 5.7090034392799724 0.95634514673295 9.2027511323925
2.162985943586795 9.395288572983185 9.911805109274994 0.8563886518139361 5.555834714534188 1.7899881125055224
7.445685610011147 1.421692701981331 1.7903016325645846 7.842940520516816 6.6404467764986785 0.3159947679531747
8.426411195186994 6.634436849873614 0.347120404429063 8.005566474947978 8.647223290264892 7.688981924191811
4.894577331199445 2.600006976712031 4.912685285942323 1.4447809870342674 8.182487239277105 9.705477677345154
8.202745688625786 3.498510172275945 1.2917363301715197 5.485061154732262 7.657652101830498 2.1260526324566573
8.794623244540912 8.501808378322005 8.438086050978882 2.981839056506715 0.5346016287302131 5.074609586648784
9.4881344073308 4.856315794146227 0.7392638472349526 4.838785049526203 8.668434818372697 7.468287145583492
8.816798687322716 4.977818935301112 5.233401540383557 1.600290649721932 8.28475665227388 4.3243447284620125
6.827946092928282 6.038194510920018 0.47288442969389344 8.107262953640255 8.50815721253356 5.293266081494108
2.9252409225272107 2.905739186996533 6.605717489532129 3.614187514377801 3.564647636263316 8.91994719935347
5.856791637862751 5.670632941466904 9.839203313269934 0.5295835190870752 3.344281641578833 4.910123257073602
2.3052089421439934 6.834692244018589 3.4830604580773645 7.7283761658655425 4.653822355997707 7.145085637992035
6.567858967375443 8.002126764634653 6.2355094074936375 1.1400564799527766 8.681382662507563 9.380049577106266
9.489720959528285 1.408844603122874 8.877231001790435 4.946583602762916 3.880066877843362 4.150001535774209
3.734489512463214 8.93112335411858 9.287359749045539 8.126707798889072 7.388906072997234 5.7822053919155625
6.016763203443672 3.84356338211651 7.435538622826696 1.9163510589083539 9.34820844063028 5.711313642040201
5.7002605755231945 1.0115905570009698 6.8690281603063985 4.07408820489051 4.565103370955936 3.246074251410568
2.389249985976901 5.075039731670413 8.560803736609127 4.2001611309475635 2.134135879199983 6.306334330131378
6.8923611374204885 7.019409627739668 4.831995810633989 9.275614027615081 4.9808518182092465 5.98981505302708
9.471312609529429 7.888723051487171 3.107823976771399 7.838484619904422 2.960616625638356 6.879080966540863
5.994482702306584 4.440106653396531 5.749333785520712 4.852462290647082 4.030916661485311 3.848067944077325
4.148016318259298 8.73412418351139 0.6060356676243321 1.106833292952932 5.771290894183631 0.6401210463117151
8.487626436198509 4.642315483394152 9.71528514611192 5.940284865230854 2.652057576179983 7.5940917208194945
1.9262552095754661 3.673715690342643 4.93165431213138 6.9824807491694765 7.2394465757276505 6.245037514342702
2.922248264581954 1.1494870543478721 8.791592973224258 2.1098220224398703 3.6176465661422457 6.303109367320572
6.736309012837314 9.813248535726045 4.491756637497282 6.987031630574966 5.695883605826153 5.603642143996814
2.9378278622375396 1.0239849788541866 5.472594410465703 2.7443467496881135 7.920969219755142 6.955369511434196
0.46590824188103586 6.742383765939712 3.8099912376282714 3.8334394128954594 7.605937408808604 0.933096685605844
7.927725826431468 1.8678611489054417 5.327052484819911 5.735563815614572 5.071986131212205 5.088185160103762
4.157809878515035 1.2249003311560718 7.029437424470539 1.401246190385717 9.607119010797962 9.49603786455608
9.926322766527608 7.390304788840075 6.467324875089648 9.639456395755861 1.22662045715298 0.8426869935804708
9.295333666225275 2.4328647784616013 3.3011988577086475 4.6333897782683815 7.220118940917337 8.42641204574062
9.2076636258647 6.736084409054854 7.1099492032220475 1.824437917693154 9.714986998253732 0.60597559871524
8.438877489973995 7.037086112072479 5.058480727278739 5.705175138906384 3.794638938327468 1.9913034485982037
5.067840323089119 4.602428340132448 4.762870736702548 5.684658019834817 8.239039978126307 3.3140311095314168
5.1552351136936885 2.7670816170324293 4.472604984306406 8.683433612373992 9.480436131761046 5.631732136146568
5.8106820379059485 8.690180609407877 1.6488339578962958 6.746719577139411 2.3470460406730522 8.337329908876523
1.7504373182543636 8.902715155797246 1.5834231548321949 4.107523603867163 4.895620130688329 6.960333625904828
8.770515712727914 0.7792039507136685 7.371214322494626 2.858892906179859 9.884435736582251 9.772164707310072
#
8.933598714108486 1.7304782176810494 2.768376779700251 8.119405819072716 2.728552121012134 8.154175259546417
8.076674837089767 6.576623479911737 7.110437268870984 5.87644177540821 6.741686030754746 6.781685343368837
3.5270603876973174 3.4332263667795866 1.9713691270261462 0.5265445186469107 8.043157176438989 8.225849092327023
5.163751137795335 0.4751203277206786 5.4607979531657875 1.004935767817063 8.591577107888082 8.083516455333102
8.799833201279359 5.248525686165906 9.769765373906067 0.20448202682996186 1.3309185995908726 2.579784222955299
4.754870855739543 1.7645745106541022 9.510407470157464 5.8398907985049044 5.770299724913272 4.463935053794164
4.262368276531894 8.082844105370539 6.7416666155428775 0.5130922408921386 6.712171854558907 4.226676660747424
1.4228398060828535 5.396747187652333 4.971289175194988 9.035117542344405 8.154107733886715 5.239824965151452
3.8751224044768886 7.32022673987556 3.293377947980393 9.208808574769368 9.92645356968894 5.088801700840425
9.579118190782406 3.173202272090875 1.308966442118158 9.859041035922488 0.4964039154691626 7.117004833665445
4.80304751076108 7.580982034078563 5.277003643714591 4.172252495731751 4.0632881653991735 7.557454651293218
0.95721538295206 3.697243511082428 9.57207692754969 8.884608929821898 8.636132031815624 8.164972148070804
6.915822884665295 5.2651426803355905 9.097185293945294 2.146471967826707 2.0837120499773207 8.524452596012143
8.04568022275243 8.317685559244753 9.990151254027186 3.9014610421730813 1.9707416259033463 8.253679430508912
6.083463609459219 0.5596571820810565 4.190170617969746 0.8815066390278528 8.358630021337566 1.5301077659894027
0.5958307436774088 4.768546944348734 9.228922704299661 9.743937273531671 5.631951274718612 7.0290335428852195
7.8121555296150405 9.978339597403151 2.4589069809319697 3.3390519976357584 2.5653977952933396 2.201247155631717
9.269255922599523 7.666102790044645 4.712578367572878 6.672527197450988 7.037770704014173 7.315500764284632
1.1502448538318841 4.8646539672544815 4.456201640448114 8.79437563662519 9.022115809068112 2.3122275861823525
9.65267639169532 7.7940048189936215 6.601030886045431 5.451978009427426 5.702895214933179 5.381757473138104
1.2652632842574412 7.079538697942518 6.915329277740169 1.0647948298870569 4.8509762374686485 7.60037023798804
0.7777737989620706 1.5412734697785395 0.523781715327357 6.2771742147456795 9.192733576880473 8.406196672668727
2.1988405521839947 0.8415208615110066 9.982811923612099 6.676854422438623 5.98346994603832 1.4990158658355974
4.066913902623791 1.9106888611942265 0.17622604303206835 9.665515708414725 6.1145423041341225 1.41886624544134
4.184937629437758 8.101048066641914 6.532659155987822 5.608549259849486 5.4893607148293775 3.050312922149969
6.828278108494887 4.920167407945303 9.250100791128375 4.146373936090705 5.982243970952053 8.226484580355809
0.14187081756346576 6.221934509410508 5.655037554401215 7.437767432906611 9.27982613743046 0.7151588624727809
9.195316198828007 2.1541493621897296 2.9962105891076405 0.2425089286390012 8.374542623414785 7.2557372615686
9.42300224701711 4.479470643943518 7.961132239739209 6.290797071145102 3.3500605864217645 3.744102061538515
5.017545817202783 6.019008402239766 6.915627812842287 4.259263117310885 7.339013666913149 1.1723693187167794
4.809840476876087 2.5072958917257595 0.29552325607405994 6.665984314846803 9.477016673383075 1.273394984897085
9.066584976906093 9.092231351542807 5.260473380659351 1.711370076416379 4.048085879324489 8.95209336648744
6.5170085129018425 6.0117724267676875 0.9949406286573357 9.595125543150381 4.391505076536328 9.491928975992355
9.177865982504532 9.611521414122898 9.867746691991982 3.703470702295534 1.0895358743238108 6.998566795035398
5.736178742834874 5.639171317869138 0.43398683757614 0.5207422123920962 6.08607347908804 8.158196066252001
7.721941086899475 8.511544605731393 9.665020550208869 4.713178268345812 1.4706288161037087 4.106467564324026
9.856222992717807 0.7135447975163212 2.612139086905433 0.37221148971519646 7.251423820620734 4.143137277591307
4.697209207026104 7.828074846225343 0.47239568867310755 5.820653336208931 5.8434405921244625 1.4108081188427297
6.152958847094085 7.31833697798856 1.903712535079967 3.6505956282374905 6.570121363950921 7.626205244212459
1.801622983056964 1.0195043799163548 4.441076528860972 7.158958944400996 7.464148162634612 7.042978754498293
9.874719247088004 6.037990048431789 9.650481841177792 7.247439152071587 1.0265892080908143 2.5232628185938255
7.311815439900807 8.547866719169045 7.442258598071583 3.004562518595383 3.0531657135819934 0.9696703139738343
1.2907789156634308 7.154887616193129 3.274041768448437 9.45870664415618 2.2170909735064694 1.6041035594544608
2.626088327699361 0.4463028217890068 8.255543147936823 6.140643658114281 9.127585232997681 9.802807510540077
2.258026446008129 0.5369713402788552 7.593913229029606 6.591444263873027 2.1978153515485612 2.0868489355400315
2.0851828554261433 6.852655630000553 4.857777727560088 7.6750062793551495 2.5670041568616875 6.4253932682972845
4.091753489114752 8.629749408266449 4.423206415649784 6.108443940677318 2.402604032855621 0.5895255481683472
7.178660322616031 0.8428497581958885 9.01557222573682 2.385285055342895 7.351818357571451 4.414963753490001
5.754722561362367 1.607257200232068 4.444488896987049 6.924041701358287 7.906258415374033 6.793720024834322
2.162960632125139 8.780830766081538 9.522047121327383 5.100430285593129 3.1396079094823466 6.0473473392187955
#
2.9412226845257035 7.3946144841249595 2.486407573995275 6.600072095438389 8.693962629522188 8.154678300932208
7.544273305985675 2.7295643881614233 6.729283709586431 7.997511969541086 2.8176813310635462 7.8736567617914766
3.149900922202482 3.3196564868021885 3.4947797800751355 7.468308533895367 2.7070914659782055 3.0400989694264946
2.956944704965442 0.8283249323205846 4.797826088836376 6.720517956947562 4.264946002609782 2.7597803748235523
3.791251879358024 0.5512092137944897 4.206889480342364 7.998711639700623 4.176792225434164 9.341468981022823
2.1379417032906645 4.855768556242289 7.351187663991281 0.4963968966729926 2.659480844021188 0.7192106924879385
1.8610673414569034 2.421786741626399 0.3683313539760018 9.900014714186549 7.960352081528481 1.128016197280496
6.306953288837558 2.749997348524629 9.780564272410833 1.7217881620097408 5.983159639181839 1.6829071430100373
0.44630516830279987 0.8389882977560594 6.11433902181786 9.777823067160282 9.269830986745617 7.1397927465126365
9.095770053389895 9.574686806398603 6.773358483315296 4.809363067350202 2.7583808844928583 5.210095912371784
1.1529345418100556 8.038241939988975 5.182947312512655 8.126167153351979 1.399842599418443 1.2243485039505981
4.734664211791163 8.25623737718124 2.4444489638541005 5.054344312125897 9.719475316714838 3.976942095888532
8.868742262250452 5.189776331498235 2.642293319686384 5.333390614502921 7.897617348364465 8.415176483608125
6.49064566093512 4.821801210886752 2.663020615399121 6.997844645042868 9.188386607062627 0.6376410002092925
6.065045811169559 1.0329775619280932 9.140642976036911 8.774619020830052 4.687000786358723 1.4423931533918695
3.318892173322125 2.568639135295208 0.18711579864311823 9.95794304718914 1.1721584989740879 7.000535506277935
2.802947596309927 3.389534630309682 5.770559533317703 0.8538677653073954 8.706057313051089 0.6978122338996755
6.218124918911635 5.1179230964435085 0.5019260945385149 5.244878528359084 7.713974942258553 9.237997583623045
9.050215145782618 7.843737000598045 1.1519238697369403 2.3562724130475594 9.495993990741203 2.4075011149415513
5.835092131696896 4.329709490570172 8.465480370939588 4.0619645403027445 0.6398645571409407 6.628701172624412
5.70932117983683 4.446808822335863 7.906301590766828 1.8056632902602807 5.106377978892153 8.242316748642436
9.800413762207704 1.0000770943355919 7.8427234887361355 9.96290902642368 1.4361788149890904 2.0580307772867448
6.653553512809694 8.853637038404969 8.445164844602152 4.970401584454906 1.7417783227730022 5.437508121479188
0.755379821524345 6.572649891609943 9.473843847895935 1.0610653896609001 3.637219063585442 2.1732102458652127
6.708925183037977 3.090593279348824 5.846724572753702 5.910100630265684 4.947555368346524 4.673758869646992
0.8394906453298141 7.882748287993658 9.712731491393114 9.134268085841153 9.140377010915051 1.6744257680197303
9.61570732965267 4.972928212774668 3.026333231543268 6.295977159390686 4.372193763596516 4.854985325435406
1.4355568897178292 2.9920217254529753 6.6420492080021765 7.459395854456675 1.4763735290445323 0.3131524205820515
7.4593164510115315 8.93991753922075 6.578162491002158 1.003163605917516 4.520473075069131 0.9235924726290605
1.8877463850047778 5.761599840622302 5.23159251424521 3.559897607753495 9.96487249604307 7.430804842426629
7.57258523731087 7.481627203275362 5.410912791770164 6.285117601890843 5.482970150474685 8.210646773982013
0.14646308796863572 1.053246674314897 5.639468942487023 2.885486811384439 1.6122636902523837 8.199546221678505
1.1861301906956658 2.7166589472365232 2.933399336082721 5.922970947244431 9.475744600134377 5.88851497150923
0.957063191478853 6.087242953441395 8.892469693404266 5.403044937935901 1.9633122635803444 6.061539633202259
1.0936616264385308 9.356489209436461 9.159590457172502 0.5115916706765047 3.1916914085488974 3.619402429221524
2.547364023117666 8.508428184166185 1.2026503001229485 1.9277554524777814 2.742505333361333 7.361977847202676
0.8785425126619035 5.694044771125551 9.26759821894057 9.394277052661469 2.3240276831141733 7.470503872730887
0.5758066299198674 9.421600781281386 1.6881623681025024 9.009256026046177 6.812631545300277 1.5921686716708745
4.08176934952656 7.548073019459395 4.846574933639861 6.3784436740280235 8.46993108294437 7.153993290174751
6.179977759423195 5.50464976889888 3.321732851856326 6.558972788790467 2.0629308259377557 4.008623157711378
4.93718259951267 3.3042784519154296 9.30732800517169 5.797339255676451 0.6406984869369063 3.504128542275663
1.2228454212594877 6.550235945754739 1.138798476566746 3.658876692086662 5.150769757875421 8.703961445194194
8.924687929399006 4.992958711446952 5.369577934783785 4.6564397837981675 4.296821896533207 5.880483431050201
9.99295897303218 0.6603313529422339 1.7867211498638427 0.19029777276802218 3.680387940078598 5.12755656591094
5.785313490041371 1.6251734300458738 1.3466547705690965 7.055178088393337 7.165339901418271 1.6895101936393204
3.407746827429567 5.2149474333657295 2.4569465746886436 4.714077676940727 9.349903515633173 9.590443028775148
3.1396679461211123 8.60178241677391 3.1571557850360765 7.24213556528374 3.161719973341496 1.8621897241827536
1.8243310084041044 2.214407269368974 2.6498520883265533 8.613522905801311 9.737724615490931 7.571427949616087
5.431254468597763 4.406552815403918 4.946606171246759 9.004240587925128 0.10294771805707015 8.221178119203817
9.580157210032958 6.927340547083258 3.7262584215207624 9.98525848694501 4.843110656387431 1.3198888276400713
#
