#
5.894700524780131 4.724361252895175 5.08496153881656 8.64360619687792 4.59450010851596
5.9668454997280715 0.6181152002346035 4.076731783181133 7.062173633792478 0.760275020406179
0.8258216561926108 5.2594195147532545 1.51283679519846 0.3647888465353253 1.9162805666835698
0.8708535332514096 4.679893998226592 2.18052340734995 7.595779936072831 4.936140362449488
5.750160638894923 0.6347848572732842 5.665068188615858 1.972196939290081 4.790874686939845
6.283948104487254 2.0974998307990607 5.290155611499249 4.4491979721466075 8.032576930146334
3.984707509874065 4.641119236194323 2.6180928585510914 5.182926809329755 9.621001620281255
0.44513736970143736 1.3225216184213107 5.619432033544739 4.554394624220299 0.14391598182123033
2.1892536073083178 4.553657892649913 5.0058906762758015 9.842530999447343 5.006795026840827
0.8193306919348728 4.996547715819102 0.4084862556677509 3.1053405261494547 1.2280007328088391
9.821925646386092 5.630384760089308 6.512055043029146 2.5685306055747272 1.352631401131542
8.613385904432132 7.958166900930966 3.945612610060631 3.7211033888792393 0.5332527843730643
2.876553089387378 2.266944611402448 9.404868065718297 4.244621797859348 9.392172545576974
4.768770543141004 1.27598615848133 0.9899625641852525 9.031314717089131 7.936139214757397
3.7433325825010733 0.15039808556912337 6.639898478283989 3.812273833123565 7.883475499817514
5.502929942555011 0.3067789756359476 0.7830101482181364 6.2581309437537875 6.4456545182493645
4.014836133845344 0.36121563848834803 5.367044598846008 3.4300109652057316 5.307271924441976
5.96843800810595 2.5571527612645064 7.964392121349087 1.771544177555838 4.968675663629238
0.4385686270400342 8.282684950282025 1.3896253896969424 3.2810023305078504 8.223774442210274
7.181885467523682 3.5261318920124625 0.6635777063699386 1.3081411054493253 7.392187730162914
7.568940933122985 3.305304549204955 5.838247217724157 0.11736291241072117 2.6223841505293692
8.969927924713103 0.6770708037836171 9.93509739811651 0.16954573954444907 6.119887148535319
4.182004814509304 3.6573657193005467 1.3224541181168639 1.7773923145903718 9.537318544273106
8.197276416757907 3.79771518333529 3.920903884356586 2.9316415483089258 0.8003939522081964
3.886539530995427 2.320207182939678 9.627064509428354 2.798774088720971 9.96292896718088
7.289389609345093 1.3752530457277903 3.4152731620858594 9.869444657494185 4.63994063855846
0.6215717487436647 0.7195135356787388 6.100894712528888 7.25852578664397 1.7619821269325868
8.93180884501939 7.139654491210742 3.8175548145471963 4.899594640999473 0.9064967366299816
8.403121799149812 1.3265154609634804 2.794381682282402 2.9870469156738944 4.373473706195008
9.853551290837013 1.1152148051106403 6.061013364095942 4.508243139683791 2.8053546377120897
#
5.487574549912842 0.8779042747402332 4.26239149042228 5.928021970316307 4.600423571409291
7.921289553463294 1.1189590689421065 6.632699009772088 4.809765777983648 6.315176102441078
4.776835073094544 7.341664280135106 1.5770748968764843 1.3625826664763925 8.862298836794752
3.9066580308500347 3.2992880532632785 4.091348445797653 5.464244896642455 4.548976083611831
5.710594306481209 0.4216593420765493 8.289612317699849 3.232104687225563 0.6042172185504375
9.119556585342986 4.381229208580039 2.3194349931947498 4.997634502069008 3.4175120312877723
3.7877579018794365 1.2383503638180784 8.084670379998784 5.335710244808744 2.5711035879145148
8.497641774278051 2.449370172619673 6.270293574761667 9.704471301835607 1.3486939394610684
2.9130095349771454 0.3621504245819871 8.386501305954647 3.649985094391737 0.20505892346963694
8.719355020548532 3.675334618898419 6.139512186681272 5.326056272158413 3.008929373849865
3.915611601403358 6.839293937359306 0.28914397250375323 4.171780505315815 7.603455525602553
5.559700854171464 4.640856299873175 7.823806929489088 5.7731697348698905 2.6499305029166695
1.7860254108291174 5.370560116768013 4.719984057305842 7.09458985515977 4.250984139507866
8.558201233835007 9.172497997973696 2.837288007393313 0.6641788887358686 8.489930804944581
6.74851116347092 6.7676654351683485 6.044665105686212 2.3562644837671574 9.21935564486062
8.078016356082637 9.945145949277828 5.997576389426267 8.034458963289964 2.4164182822607496
9.088744648717983 2.9660614020228526 7.356653609710432 5.048563527874314 3.8035901024363907
5.15496066839084 7.905763386249488 9.213675979679376 2.2773689459141733 2.4996132672647042
4.646981431566407 6.943722968244395 4.246924815861723 2.753426365834527 9.378743640759202
4.012779799444317 3.0480894228439053 1.4648085352766342 3.48727082299005 3.886939194387975
3.951656911499253 4.342347518818533 7.3347422442363435 7.126382314152173 2.636863680390376
2.7710880104268636 8.984979575205356 8.028264828417047 0.8543873037454635 3.802288105374269
8.749206972564386 1.6979868387216666 1.85580477717002 9.976686450775407 5.4738427719389655
3.5618006995906586 4.944101265467261 5.371930365572202 3.7407632351831444 6.49404455389456
7.066112395496134 0.5765791677233247 1.9746915485301728 2.9355540004758054 9.417277297346685
7.499871963460434 6.909653616384523 0.3299032605439196 5.353400748293707 4.96880963850273
0.5333108179465187 2.522415724809378 1.9903346680198641 8.758490179900194 3.1945086380803276
1.3174683110712717 5.404937246873727 6.803553632566135 9.458724003287202 0.6844975821754185
1.4573335842013666 9.686796689181774 2.106611823303767 3.1087425677708214 6.862140630607525
9.428470066720264 8.666898050070017 1.7010192467949858 9.666881743636187 2.493929944011366
#
8.845600811833423 3.9246807873190104 4.2661973951887795 9.39424981189525 8.195517550233173
1.2271894106821128 8.13899473058735 5.162903128916608 6.85705510133576 5.599203839932849
5.99608465436522 2.212202719660057 6.804708177283105 9.147485979599292 8.506362164056945
5.268538360092449 3.7665861838303005 0.6853434635175724 4.222538731194226 9.814721978121606
1.3584558701860843 7.507945224842509 5.644001704103779 9.640607169454594 4.387819194336845
8.454703455442726 5.561315446978275 4.461070209394924 7.652216838277461 7.755986079272345
9.366611489075378 0.19500894780387323 0.7579379595136118 0.661725020783889 2.4867621972311196
8.24506030040678 7.061492543181286 1.7876789908012554 3.9261457011280916 5.741632483455267
9.986466213161235 0.9968450620181031 0.22421862349710775 0.6045454262184311 1.1561805079938328
3.671162443612973 3.2790914822670376 8.594683601717623 6.449178426456446 7.011402900857246
3.336021309109875 3.8636258745132075 9.522500579355402 6.1393770639061405 9.092846297203295
0.664285673553656 4.829090568395119 9.21764727909296 2.8626657914865445 1.9271753495505948
2.2684616786703606 3.864562912614681 8.363802655137563 3.4388581773705913 4.123701474949182
7.879930392310473 6.550472192210255 9.077972361708053 4.941727395656455 3.0424332412407806
2.603171199851942 6.803117125679999 6.786524085313204 9.975804647949014 9.248881101840848
3.556536885981107 3.968870431887654 9.160104481994665 2.4161317540253817 2.568554149083456
7.162057555050603 6.724279185751053 0.4405756431609795 6.779835873290392 6.005007307640046
0.5034413546681034 9.430417827605368 1.4661975561911698 7.9215197400123625 8.95923762738454
4.17252970936767 6.989687609891335 5.616775247470191 0.2942442885004546 4.535807651045221
5.290827505067183 5.787078086854209 3.925419328332743 7.723604276514054 5.7123730446124386
5.03598797728447 4.307678243135492 7.6942527681226505 4.973486680752478 3.3081713344338746
3.8745202839664463 0.39652189355029677 1.21063923683498 1.6596891819521988 9.421569829427536
4.184891044915395 8.851692064293124 5.235402229215345 1.3138087775939624 0.15997273314510707
5.029148703249905 1.4867442948130756 6.585492933247121 7.6291543764013685 9.3756201980928
6.2323091983288315 5.140535396475004 6.734638520908691 0.20062719563735332 4.321797898917412
7.618325980512502 2.7612617119241647 1.8397673765173566 1.821529676618876 8.404188250483523
6.1459399610282714 3.9877934797754957 6.220106835633075 8.674093535501532 3.868493973235249
5.369352531158214 2.375129200733529 8.793252297314641 9.046598342828592 0.9305703016185589
5.729357252055629 7.66982337898105 4.107090261778117 4.818966587648952 2.090827859970933
5.089573586322268 1.508125862190063 8.165894699100381 1.4884211693514184 5.270528761604924
#
7.1552354373050004 9.71839165838165 5.263437251167707 0.9286396140415771 0.7927759974828863
0.9671007038832409 8.71752751734283 8.725467168045107 1.3928681311530213 6.927874902211566
8.832016232652128 9.25189042741011 5.842217519062622 5.492183321980336 8.019633315729358
7.361280197303575 2.942739516681232 6.484241017497666 3.769617172009222 1.4564537844402836
9.397534689178581 0.10100153841800008 5.461502700231853 7.527771413158106 0.20830124541146233
4.257569547488254 7.221598208106961 6.031826992189005 0.29455822115870056 0.8255523257366262
3.957012619475604 1.3706964340341963 7.15002453550697 8.60541167607424 0.6685726666633434
5.175866760156552 4.456005980844145 5.418180528159295 5.987712256269928 3.430210043159362
8.63974357931636 4.3936156112569416 8.463491610603754 1.9205715175183884 3.156144474471487
8.05049521143094 1.1658370069497814 0.32296205146074275 9.405296124693773 8.939806128221054
2.266355783961796 8.640057998334537 1.2821495259022684 6.264501256173127 1.503937249782946
1.7616919798105233 8.901290676708168 1.5943150218446536 6.2657823282330725 7.8845910504540875
3.383251344047778 7.137504047315453 4.848063333332087 7.006438304636729 6.135139877741491
4.392467131056466 8.128152504558244 3.2951310726919045 8.01629520854128 4.776412938029136
6.916575295004662 1.4928920226504303 5.043928337933944 8.155093412591398 3.749860390252401
5.816960919268187 8.595690021022616 1.6873543974797598 9.355642641197342 0.31970652173499214
2.4941356373820764 3.6925303375913128 5.937366650320442 9.06239964685226 2.447219678013869
6.581022695389349 0.6992593575383665 9.650495196483213 3.9273421949654215 1.5425372334179785
5.528769088601407 4.972518103016196 2.2167326991136025 2.7805114161992703 9.740685118360139
0.8656023350347768 2.4338264480428364 6.423180906864158 5.543384225292454 0.5374359039094845
9.33378787557217 1.2036524781849351 5.071314140833289 2.1990499243720083 8.782755354566675
8.098567033989486 9.655776963919816 4.739896672472799 9.252002559882124 1.1139196170875612
8.754922206561297 4.918994796455138 2.2950399396813097 6.201444624190089 4.791551838266093
5.860588015967651 6.557435255220028 5.8567816040960095 6.953734685132218 2.6393429473948995
0.6595515911955268 9.856115802215905 9.83371296887838 0.7875108377396849 3.201554267027311
4.5864056847142995 1.1288868760640929 4.303720979009224 8.683474256851122 7.577034856734572
1.7844622984143115 2.9758401640285363 6.234064522032641 3.9485097455322995 1.029932621442697
0.4619621133226808 3.698580745036849 7.171917654416039 2.0007077756921543 3.338853622714256
7.890660667964411 3.9238853767686255 4.3207270749543625 5.040502321764478 8.780264820607906
3.39470399789156 0.636507115416812 7.594963904783354 4.007969480743158 0.35880994552485834
#
7.408085935064146 6.438478104581236 2.5424567090329844 5.95228237588943 9.491457172283312
9.406223843585753 1.6549736873025473 1.7668704476246768 4.434975634488504 0.9089301682447379
6.351926284074301 6.702096094901696 3.2729844911077484 4.019605206458271 9.290885413680432
8.205626550632442 3.7738676858190137 3.0833963279224452 5.418766202327974 3.7624910885264375
7.528627330572025 0.8073783620394241 6.421385837642333 3.6117219046367612 9.755650215224748
0.19753884925682463 8.374991565902016 3.7303048255109004 1.1318915201308881 6.828756578331523
4.844077369359805 6.306054580969748 3.211619626419064 5.508601814452233 1.0609077998229548
4.556214633795017 2.8543487393074547 7.79316607400383 1.4611868087926845 5.1905379365758355
2.16943204517463 6.752645453392213 4.5283403595626215 1.1665213176786247 3.1899592111445862
4.10358211762588 5.034610552942523 8.971548545156034 2.2561209984370785 7.389075351608701
4.965494325690785 1.698837751929843 5.821082195027517 2.564616993981091 6.2593372846509645
7.065403132889281 4.602133483847634 1.0720796764646838 7.0554392682866744 4.564143653729498
9.835078736717133 2.8461071305433534 0.8686738247793802 3.6033577746603074 2.949842314817906
7.119595285777374 6.169563149805079 4.476401788840629 1.287664029243789 3.4179494233028844
9.70443696851247 0.9951062077062911 0.8188823372286 5.816759743743287 4.2557777698398045
5.5132777894761595 7.89958234621435 0.37743176604328443 3.1714485134979356 6.774990873207569
2.3148157424910027 9.297924713033234 6.137300242457376 1.977615076519459 2.8627374131727814
7.913941788967685 7.717956630412479 0.8788459643788737 2.992919734898703 7.732135398518791
7.44819374512839 3.8559582327040745 1.6510933556363665 4.196106896793029 0.15748162754054196
5.670121827889262 7.167046863426698 0.30060888676685416 5.3854922172230415 1.5278169254255052
0.5001803159364915 9.297509225655233 7.283730126948498 1.0592929742087822 4.6109072441376995
4.355616063160267 9.110365362269889 9.440746538222475 1.0549939281318785 7.746166407711843
4.866071499003114 3.9781918426808414 8.201299625297846 4.087129674464727 1.8768713930684302
1.1790662829133365 1.6539499319167685 9.45452641511907 3.9672156072028946 2.586132079836943
6.428057949076885 3.7496148499426463 5.824310933466608 0.19540368305645028 1.260625171547435
1.3635653463456694 7.056079221145734 0.18025082820799376 4.473542905231831 4.88319281384656
8.102007908339614 2.5009494109430697 3.6863605368501413 4.632920221957127 6.674568998679651
1.2436169457607007 7.843464788862845 5.263221570130722 1.6260708586257113 5.756864310709495
3.312188284835356 9.351089355652475 0.4595948819791884 2.8894775721103594 1.057692654106694
8.66111488472929 1.8450928702473388 0.3404215547233864 9.873634454683316 3.6199310955521486
#
0.5078715611849605 9.101966567046933 7.689705111444859 9.878057098418488 9.77416779567119
2.0938041983507114 1.905393328158043 7.038562767670621 4.717405678906339 5.738384793114006
7.2996138032874125 2.7179169921129747 1.1013005338262998 8.196943085022955 4.429121398362126
4.051427577738982 9.766386944944129 0.8505129443948416 5.495579732429604 2.2157134200832136
5.813879036173196 4.111834112825299 6.986969786797876 9.315452500308272 4.056790092449353
1.7317351561462817 8.531801423123525 9.491954720798404 2.5584788873112942 8.599864752578984
7.162444499324179 6.178577273322404 0.8796715177199035 6.198427553742292 4.496854427188368
6.597846189687924 7.384277786601865 5.059240578233553 1.551388610760073 9.975420130865048
6.9364379764502955 2.50081168579655 1.1358045716038445 7.725158272561421 0.8060087701668976
5.322031657554216 0.7503967113560988 2.6887760015062 8.144279326287629 9.586671869930967
2.903865092353398 7.590991973793365 3.1714999362643574 0.8454993595125844 1.193718611156502
7.170657438207571 6.220839358230783 5.222733502665705 3.7199375011422524 0.7918091415990629
8.535752781779914 2.643649115994025 5.1709801036913365 4.117791874466415 0.1173080597695213
0.27545130616646496 9.193964871960684 4.612565157553778 1.6986107232627945 1.9071787785173342
5.094777826602751 2.4705369625288376 7.492232369175701 7.389132412462294 3.8790203465216373
4.778644094622844 7.336681061630761 0.9860138563057435 2.2106599006710246 4.758463453643132
8.406813752780858 2.805334911322066 4.703925671720394 2.2080477974745554 9.528955241800043
8.711441121567375 1.6218780326358684 0.635424920773465 9.79191408072177 8.943354140057544
9.990315938727072 2.72014718981696 8.230045601744216 0.7924096094077466 8.63878377219401
7.830118650519317 5.493412613995236 2.1824813840986415 4.550100361066893 2.4609249136436087
3.1551396825129956 1.9985758434395713 8.374389293260032 3.1868580811044334 8.487053068549617
4.58362335093171 0.6461510035898881 8.020579666125258 2.087981653990685 7.6741312993979385
1.1942591737127533 9.001229162479571 2.6063978245845987 7.580280258187624 1.5986564065908673
7.0790872176245525 0.6756988031616658 9.572497469843947 2.401091506483753 0.5881014332729624
3.363102620726708 4.815033666874522 2.027781796520059 2.884976361653529 7.285002550560749
1.8411924825727919 1.1149449721595603 3.0556423044543806 4.776983866963299 8.18681924257819
6.694052236397763 6.3950078946875895 8.152259291848694 0.35113212242748837 7.567474119974643
1.6105326914602265 5.646823864080203 7.063672023456002 8.562141496108879 8.177275362454186
6.276934176526716 9.370944914575887 5.700116391701185 2.471948823919973 1.165031345960458
5.974190977640494 5.448562464979142 5.7047926041425185 0.8949756074568658 3.7412033909212803
#
4.334032365978703 3.097266942064107 6.526122395525714 5.1552701800142575 6.676102320972388
7.785657197594563 2.8402361230669158 6.068457460128343 2.1952399005287417 3.6903150464734793
5.406384052419193 0.6679872345221192 7.9838254138207585 0.38495187483144644 9.797232140751376
1.3841148671307866 3.820491976749732 9.030982277398227 8.314271326354767 5.709489849922129
4.602006730612369 7.204143088998772 0.9944217194906484 6.095829342991539 4.753822581820148
8.984478410108592 2.9985108065066184 8.405981544837351 0.36185539772544395 6.227625678963406
8.205502697116579 6.665428172637576 3.972287882590267 9.476423537853737 9.666615884545402
5.893177409130888 7.511497978112078 4.135440140703096 3.304163060140368 6.177950597397971
0.6329684665852611 8.074922867194964 8.089478603433696 8.27000134250149 2.7643705891478736
6.101810687326782 4.5868463613877175 5.708992204596054 9.911851444854832 1.2912218374296138
4.121712147577599 2.9834089318600965 7.015016354612311 3.7651712037425416 8.612494750125915
9.210892514130308 9.293848256148362 2.202719519276339 1.7765598807545748 5.239298880447005
2.406417039399132 9.370127193704278 2.0835522265717272 8.981724333607527 6.874941169918734
1.7889592722381833 8.479695901863671 6.745178751995596 6.894738969566473 0.9175854249781894
7.396295964100002 1.677326450922369 9.851064767618912 0.3730273780932247 2.290340801477511
2.905127744971571 7.499441491125487 5.7493161313467 2.6479367775604907 2.63507772062092
3.572334437426723 9.35424228417786 6.084178553948686 5.723691732802822 2.0269869806657046
3.730944815250333 7.527251492086158 3.9579481754470494 9.52041408372354 0.11555625122635504
9.492746145963377 4.369008509423352 5.721336238638343 8.035218742789052 0.8939930082634069
6.716606631937112 9.804901303875937 3.0732418309718463 5.913559546033749 9.660446473353181
1.5725402197853051 2.0016255069178586 8.001859116845731 0.5008532306297804 7.836484322926609
1.1575591655232844 1.3551625219418577 8.421581608795464 7.090580283138104 6.823137546790097
2.479658979580192 7.620501514587202 3.7122781850775417 3.189314712779437 3.8561379991718887
3.3946538705482734 6.120795860204565 4.666469733420868 2.1590988190167346 9.465125371286442
9.480933949963873 1.2782976174792964 9.89467358548303 9.532206023177647 9.27469705013202
6.869989198311229 3.4854779043550317 7.6922101877960865 9.626021193614235 6.013649607837118
7.770090761622435 2.881139574183882 5.044490795907213 8.98765142691267 6.507674961550551
1.2180229458650622 7.305728815928038 7.185121411465835 1.0162275702148271 4.4053083217598745
9.53888771659436 5.611752124401217 0.9350210020982237 9.15055553773431 3.5401859099488204
0.18133253188136234 9.147239911439186 7.825570320774701 6.661311230322186 9.629746175925188
#
4.203627699393227 4.960796261627878 4.264705779988948 6.8664792792909966 2.0864842416570712
3.6598369740438264 6.163586784320321 7.143027987422661 1.289706185446052 3.9113778958240006
2.273030186589581 2.0278845475469445 4.8355585192995045 8.153855241626466 3.974200088489847
2.971738610049183 8.563364170401675 3.587406240738324 1.1733416513361363 3.0535087748206005
9.955184775545538 1.7281645343355283 1.0075168546190287 4.566299701136606 4.419715519987446
9.888343509551683 6.908051039664552 2.3105683796481618 7.659184822512135 5.168211189754822
1.2339622239777728 6.1710564177066685 6.334461654439676 3.515493139616561 0.2461408018358373
2.1435320050207736 7.4373738340305575 1.204640270596053 6.99335160358887 9.754680395080866
3.5242409269032624 3.8797802458819417 2.888854598053464 5.979264848104041 9.572011398040226
1.366871872408518 3.9892314801316777 5.971685603941252 9.091113924617208 8.25186272633771
8.615566843786642 6.106576784154535 5.340207285478294 4.217930705954304 6.692389595378747
6.7630011396978515 3.7997652480727444 3.742787370712679 5.287694971388601 9.467014358685589
4.5719826509761585 1.7384192882777234 9.997271738608198 5.2068027185641235 6.804107149353742
7.281913077023791 7.384826340674149 0.2404658688675756 5.339149376561202 2.4852749385254627
1.3141576382713755 6.9159632190982725 8.242751148737211 2.0149327549070426 1.67813178920842
1.6099881642637741 9.736015694212638 6.107329093072873 0.46202736622933926 8.830406941399072
6.555734519079731 9.291755822776295 4.20171822955639 6.366413438952624 2.2439375231028387
6.882737512707882 9.106064889383518 1.2970088014488592 6.375729243928969 8.512921778825792
0.2424042828829034 5.008382613993804 1.4898284806264162 2.127926738624909 9.915958689936893
8.025575045932918 1.5768450722160852 5.812725365060085 1.0006341585541687 6.556396408846228
6.541540899707829 0.22997626531402915 9.70194272346607 6.1619142662761535 1.6513101200343363
9.813043928021344 1.1023674046742649 2.518014757514003 0.537867978235675 4.384477800185437
6.450073838140833 2.1488014037019574 9.29135041296048 7.5796675345696665 9.355542536337289
2.44945078850711 6.325690307509082 5.796514907862646 5.818078544425797 2.3493019877931336
0.8210528325222084 8.743580834635901 6.093738407884663 0.9714375085480125 6.906639429520965
6.493724326217483 6.84220974813034 4.878182684194339 6.769596111220213 6.859327192839544
6.938616292688208 3.1468199887771204 8.671728157396831 0.14774677392508462 1.937969737124622
5.513622496501455 4.948746507614559 6.510781358569111 5.756852857048356 0.20315439099286525
3.635972974865225 9.261859335403857 2.6377273034974293 5.569132449691913 6.537415364265305
4.197416866930997 5.048487137094719 0.9865144520617353 8.959691232934057 4.535455436558801
#
5.305019879726465 0.5134940871418205 3.254710081407034 5.196913031918675 3.371069390028964
3.8337471934463236 8.166062301959856 5.485834679085722 8.022548393502959 9.295821236294188
0.9767868454397624 5.985826544308995 9.913299677209766 7.870679724989618 7.684336592148602
5.449191602668536 9.059179047450698 9.386530228689438 4.601393308572329 6.527336476691378
3.2126897242997514 1.2060492368778326 3.80428509233852 8.389519190075696 2.5825723538716723
9.178058657103232 9.360982658879594 9.387892875526541 3.033185533569936 3.520756980886393
4.4617882910212 5.110546383159362 9.507084504667922 3.7384565936840266 4.935580873346324
5.8948020864149555 8.714159620032683 0.9664991849838982 5.901804267976387 1.5436468947198345
8.95452181233664 3.3639558159080227 8.259281026853547 4.822395547333265 9.93124676898151
0.3865107967137611 5.621521048567146 2.550191592983946 9.13921645700215 3.7777292960853615
6.124883932102212 9.420950068573223 5.183052015894337 4.401301126217307 6.98335044140307
5.446744822663428 3.440050312408723 2.7125702483725194 2.0003400368733186 7.168271635290765
5.138790804960018 8.65990250006083 6.5854217310751375 6.968143190308042 2.624594437441461
5.6243703363636435 3.806437417132882 8.097239031653674 5.65968988910543 1.5041722584409105
1.9106817156217715 6.6787267352986905 8.051557924016741 2.75798000404797 7.309484000960245
0.3981629849058015 8.77294059501098 7.84178446831456 8.18504254669767 6.386695035346014
9.03385695272215 3.3647950380376526 0.2159551331461298 3.3964652869958583 7.306867725671471
8.846580154028857 3.673424773342773 6.729504111311283 4.194557112023364 4.849218825413663
9.301822632027749 1.8806267786376702 6.81170254251028 2.322764193772516 6.161661135524432
6.688617579065872 6.915594297802447 4.925844247167894 9.21944072557833 2.51488885999771
0.7033480610124174 7.533477051342716 6.035808138662439 8.714497813061927 7.497150196471985
7.7920419302401225 0.40753235401528176 9.53852236116969 4.857671885496861 2.086513554639302
0.30408639715846686 6.0537322009456656 9.109731012922648 8.873728546435881 6.869548175884305
3.542142605104517 4.519242487631096 5.525649949413642 8.187219500666767 0.9162750837314579
4.309921355885435 7.988560026334263 9.564335119308517 1.7190606716482573 2.8060312634930082
5.931420383830885 4.926175220863934 0.8927672383242209 4.566861933217584 6.405152595288854
8.174659817857822 7.570247339694818 9.440777487771301 4.775391923316147 5.175812769594093
4.612602805500525 8.390925037660852 9.528623256198742 0.12844493002128843 2.1090832301785896
7.7765051437836386 6.833020943026762 6.361123726100457 5.802724338870664 1.013395597753905
4.058495505482074 2.4421628693333273 8.220151330407278 6.709397291010106 2.4674067961092585
#
9.324606310547004 9.818374409821903 3.7287933963301576 2.0358437102720703 9.688080985969417
6.3961652791933545 2.3131981877291565 0.49533900850111046 2.1745229935563453 3.540157127121965
3.0903535269527582 9.812976365481266 0.8719524808046293 6.296309479220376 5.749409547028925
3.765444441213143 5.8309473239539535 5.226050790882681 1.8796545520493884 6.666248645707091
7.659249107308977 7.644611353728597 4.3365366263516565 5.676752190740489 2.803217802674793
1.2909152070854124 1.9204334189580825 3.202430597728218 7.760625996815652 8.70031391627861
1.6287499688516252 5.726703861280508 4.895992560229728 2.907776555665251 9.311190037257315
1.9539862358253415 3.2100101138837656 3.0896307177235443 7.379368644633649 9.855610093918074
6.506305219851505 8.198773434932523 1.2141371858688386 6.760189972377892 2.4359628820060664
8.376009623270019 2.103035402054208 9.18262293299954 3.4173822653869586 8.502480352565758
2.6137118435380304 9.36750426611805 1.1292975689934788 7.564109691724672 5.393967119707718
2.323366187506673 5.679348769604543 0.5750573521072635 9.966069192722456 0.2463418206191479
1.4850993241032349 7.909897544784448 1.448162684519347 2.68025446609367 9.324201006762266
2.1314485515657458 7.309432707275132 0.15547184078150167 8.880530287774869 1.566009915693665
4.956767401170629 3.336098986092512 5.272799375588726 3.252134641912331 0.7384299520143376
3.655062019011253 8.163805163142692 4.3551343455456974 8.449054672964628 6.67191130903594
6.041702777238493 2.4402061142470233 4.917506816277165 5.431804744522507 3.3066650477602764
0.34804424627172814 1.5862605487080894 8.949344139755551 1.5905704468350317 8.547165030868996
5.711508838334472 3.5539984836019567 4.590698730815364 8.707714862273473 0.6904391049268739
4.84636571358339 3.2002072344185333 2.7350582062231976 6.927879876452004 7.08499703016947
1.8372526974387586 6.0798922569560565 9.990290216971257 6.487696816874132 0.45856153539115585
7.261578900742247 2.1553770452983154 1.6626572937035595 6.086117694046376 0.46610590685533904
1.7515872828898917 7.470661455653762 5.67474971090554 2.921266241644338 6.593382926830878
8.568889622604216 1.5195477693270765 2.4701540059456955 9.174433401628498 8.441195730350724
5.758708324797617 2.159903617927316 5.068606618889283 6.192837060695243 3.1206984658424504
4.536321440754999 2.5951369694306363 9.844605499737572 5.2303950499930405 0.22767705060021814
1.728119397367844 0.6209723089754045 9.508087745345684 9.011413182169528 0.880985429447839
0.47539935540999245 2.292137922170138 5.4569274893046655 8.587100104786712 6.173318191925836
3.5360664874282817 7.708148403293022 4.652536178310992 5.9302259990899415 7.506582112390683
3.8679839107482654 7.80381350481273 0.9678257144097762 8.904150065117085 1.143115441895349
#
