#
1.1120248463847728 9.28361271457598 8.417212153474617 1.6711138758624697 4.029094247771216 3.6410507592584587
6.192645096043741 8.833762002034057 5.183225614119606 4.148026089253376 1.0017145668044014 7.9868824625939325
0.7619089131736914 2.3781795626338984 5.266739333145493 4.804628927366489 1.4435314546091318 8.297159376821284
7.444284676735821 0.6340467242486882 8.579570098228187 5.81057596303536 4.241162912056586 7.822636309539116
1.1743205786273627 8.409390849587366 1.1464567807261958 9.330465085264404 8.275795562734315 6.356662620745288
4.417459081897386 0.6101070926431813 2.229986127112057 8.703075984295708 0.7815361664471059 9.46041862420049
5.627180632384769 0.8895366259011288 6.900306626746968 4.619354970396811 9.47614525238195 6.425565181550469
5.563211003694033 5.285574831635592 4.9557293938253375 0.7333338496003607 9.811219619578035 2.495723286770685
8.909422925943375 7.639036041565481 2.1175148074439525 0.6758782584513252 1.569042383697592 6.429906287388854
2.4538041017492773 2.584548584100452 5.0362302214108015 8.989832115019633 1.5040375966704533 4.3850956294301655
#
6.45274472173833 9.49459692760012 9.154672689806826 0.32845066016969504 2.653113979916813 1.1073497749300087
6.798818245564778 6.706476798736601 6.768127988818597 6.089868517974361 0.6886615976781254 8.29622383467998
6.56460311494642 9.393429560107979 5.279218976322845 1.4213375900805314 5.960515592063431 9.940387196254541
5.10394966212426 7.427759786690064 8.845013969017895 0.7526545624254863 9.111101289387118 7.299366845388284
5.443624505608721 4.0496709055965 9.654411302112138 4.485034036830774 7.146989750954553 5.759804819805968
8.785329323456466 4.728822194593684 0.4525999474112403 1.458288195801034 7.552759325598078 7.90865688208925
1.4486494017296114 1.9535111451529685 0.41591692954905213 8.825758587470222 7.3441153290435 0.7519273644317694
0.6284643149186069 1.0855303130428138 2.8386713441202116 5.301169282861792 7.081588746544809 7.749708806816421
0.40447060760447506 6.779251121131063 5.26132736415866 8.054642649205551 4.408451442410809 8.213713745880806
3.537824784612242 7.989576276563941 1.3878643956356362 7.432065256867107 8.707606468549372 9.119475135037089
#
5.427451601852069 7.805800070766313 3.4284521332193285 5.009319253326235 3.2373219854634536 1.7489797897401682
0.584345943977671 5.602198028413625 6.321805375016249 3.44731116369304 5.099713215872113 5.6621850699913185
3.502147584443946 7.266422354154387 3.850705185858697 4.086069644926132 6.737936587535762 1.7377924533066782
1.1322263316908443 2.3033639299807516 5.256077943115048 7.426673957024858 7.00778212634795 7.596183130761185
7.297887216309991 1.9618974010487777 5.012045469009793 7.630676542380982 1.4163549662722166 5.956563449699097
2.8022270736638983 9.307410916862406 3.9868305539565227 0.7595611200923003 5.566107493759158 4.033132443573123
4.5692071976883355 0.7359655869859187 0.41529746143270607 2.722505376248738 3.5977987244370855 5.884200062261475
1.723486809798862 6.0411851957652685 1.7220873286882616 2.973869491211108 6.1400159011338875 2.425765599211623
6.628152793733904 1.6209090953159397 2.2228370855964803 6.0246310688030515 5.25555945115759 0.5185898391922441
4.278273348097753 8.537361247834601 1.9308337420413344 0.7787645233629181 0.7849177786463208 4.694806321581082
#
2.844510569934386 5.259559344386114 0.8485977557950175 0.11187052115841478 1.2464524426023593 1.5942203637548298
1.4295928376679288 8.052055428736391 2.194609485856399 5.461914409676547 6.162723956446332 8.540296761945424
0.24540884857890344 8.923531824181213 2.5741657584496225 5.562933983680078 5.688868712060821 2.974340137798418
1.6289192174977898 3.760813826744168 0.8401061488059591 4.284423731322033 6.1473690916545145 8.205343590573255
9.459551548168424 0.5215837925606364 6.030554789858999 0.8694862371821621 1.585772515329479 3.716156025013457
2.3233171942348863 8.760654486206047 8.761049315964582 2.5049016201530816 1.5772651258453876 0.16342942687064088
7.9002916480066006 2.673024290060397 6.454796598224155 7.4134729314277585 9.046494310208711 8.260510390324171
5.217979479550379 1.7060723559130149 9.464808861612065 1.1984105415522142 9.561985343907025 7.815365203205814
8.649358919774965 3.4730284385436745 7.098539791616737 7.515126207066962 6.262873024543019 0.5927915265650467
2.060644493999575 9.020667963957104 1.1700979809556382 3.742924298321112 8.777740610257663 1.2866385497005277
#
3.311788271079256 1.1995866428477653 4.292257768158395 2.1245944239605667 2.430814033742252 4.518815488966371
3.297862382477117 8.47073777427914 8.332946639550604 2.300671425264019 9.232405069070497 2.5533411446500893
9.419855313857518 9.397763577999491 5.987062149782912 1.4772208256710364 4.609259147816165 1.386649203448707
8.71473622393439 2.4423715546243754 4.8668473952256255 1.5957022886364025 6.251080059353514 3.616952915458696
6.8389631411500655 2.120651351863204 5.419891745240868 8.507489290520896 8.464544925609264 0.61285304624188
3.728683497425793 5.923489916341726 2.1821334846159752 3.3886397142053206 5.126917666447563 4.962046165161777
1.9453713170009128 0.4100244092894769 8.685457180867777 4.137391757892303 5.3970675490207665 2.7571980018185442
6.988567091929393 3.3559082808918106 3.593109693760776 0.6316119995158189 7.528007228574252 0.7943177238908401
4.799734390026362 8.342533685847311 5.415876380695467 4.012454000525747 0.3115171632407039 8.20238583068186
0.19270898626249 6.091067902311 6.807573134628491 4.927010637399976 7.295193321664164 4.931694329642154
#
2.9216213281898806 5.235996139232534 3.1076177002297753 1.5622066617040442 7.768868808801954 9.5531300088398
8.720302212277964 0.2584974858463962 9.228428576439253 5.691372499903983 7.914218440177901 9.633740624688507
1.8207467731253115 1.79065044022646 5.5048434577078655 3.8591409167761777 2.514800506146811 1.1950876843987697
7.5554817979236795 8.044329698033241 2.55821641890989 7.347728649107211 7.057890808165048 5.727678245370667
5.675434821477494 9.292939982433555 3.2171621150493532 6.424861960409875 9.452508606878695 5.748350603156339
0.27153708374163443 4.385611346139482 9.059397773423559 7.979832670774737 3.0929663078260994 6.122353993768886
0.11401248717773971 5.661372019097063 3.1984793497129527 1.6386376893121368 7.954535926693244 9.668452089214338
5.3130009862740994 6.4626939056470745 4.202674514603027 2.8733032161889835 1.591672344818169 6.866048753940512
4.444677717586671 2.590581733835996 3.1503003089922244 1.5667897120157228 8.192996924194274 7.040950970116759
2.299820452125235 6.361404346560921 8.41099778280151 1.7836541226444886 7.318839115805188 7.076254300104048
#
5.96775587331917 0.4459539150111267 8.83316646006032 4.175117413891739 1.3362632618952222 5.710466400734258
2.211499982574372 7.261789665164377 9.898097720753425 6.138726323537697 2.680932567089547 7.571882903604275
2.680694734777951 0.23156146215776907 6.23309431233981 6.295239678687705 3.738870928550342 3.9353667650337716
8.586521011459762 4.619294832337018 1.0405412610132574 9.231419779914763 3.2047820189163976 7.576140320959068
7.554424640444206 5.564885566293934 0.8359900754843812 2.8890764127576434 0.8758124060988912 5.773971781582565
1.9142032127744057 3.5169911028507608 5.253908992187099 0.8764381346587173 3.893370200377742 5.318831146431349
5.417561991272392 0.42463512725071784 2.3899581260373717 6.442957622463107 6.686112933754016 5.408425265866896
9.659699574324698 1.9966339880243487 5.174090580601266 7.5073361316363645 2.409945096648285 7.193082733997862
5.680500492972904 4.975793117104516 4.671797811082051 3.2792194963500876 5.055524352706392 5.730362387462604
5.202107918414312 1.4058579682036898 4.121628240116785 3.7245585128838563 6.087499735350138 9.667069886558938
#
2.260239925377592 0.9276107806893084 2.0835873620429974 5.991688280981427 6.913359289514683 0.4719736527237046
6.871824679202825 9.02227693481191 7.219710546096254 7.148212960012772 0.6150188600330191 1.9982412139764612
3.0133141644912103 3.9980719547132195 0.1424808604392407 2.724079066415801 0.8126705919771151 6.851252557663539
3.2638047378309545 4.860627160573058 7.1193249987366904 7.89557911300696 5.294899863620498 3.624059309431831
0.6739367557046787 9.628460682830415 5.055100661750208 6.519078755813902 2.2088426502092835 2.041406211115281
1.3720491024251205 6.91461512387372 4.908521544737397 3.3758148914728814 5.054035978369423 5.892458430850519
6.279462462158283 0.7138438235884168 7.354908718542408 7.505732953305294 8.99209634869874 9.574426318012279
1.9803667212208653 5.927141813276601 4.515912141456714 2.7539678019946363 1.723126205027365 7.037651064081036
6.54814635447649 7.780203406263656 6.849054674082216 5.623489331075337 3.876137767272567 6.0626747143018695
1.3322053627535242 6.333422782710619 2.9178960508359353 7.049415656737847 5.403782494704654 7.5987640769567255
#
4.576272460824407 8.319439884873443 3.459322018131921 5.9375968276494175 8.563527700284851 3.102238849818762
1.9977153021487672 0.656950660447345 1.5979586760159483 9.192599800238991 9.206880819182118 4.88360646873098
9.393957756213833 8.974969172180856 8.956011790969878 7.421514692360422 5.768311033728139 0.9627412108734106
9.672979726764137 8.028653619014344 4.1182273694472915 4.562885846270454 8.209753533629643 7.565223976903415
0.8609784051335829 3.541751136070059 8.398057194880224 6.45492255161631 6.851013773377289 7.4869274823546705
0.9154263441603225 5.5441240686443924 6.36055826237671 7.633231921257273 5.0746330402616024 2.1507864298999273
4.762576405963063 8.464615030590123 8.536427270804166 7.772420079941494 7.35573095956485 1.606637284941188
4.680581229420048 8.514003666901031 3.2360770999654376 3.1045647981936493 3.344015745607674 2.492134270873417
0.1378012573085261 2.8785629752624224 0.8711614797639564 9.219142681446193 9.746043984218511 9.436610125374656
9.35800535239 0.36574493104492856 5.043508802934901 7.650521989166858 9.338853660013726 4.707445889585056
#
7.213987670946864 3.2361419010875143 4.0386842790731885 3.043209128243199 3.867816462325355 7.001630970940839
1.780767355167951 3.793519086517281 1.4883414455080266 4.50439166921526 4.386908873761284 7.241660260244194
1.3002178849536499 2.183085104295305 1.8623178327717622 7.96864469354475 5.949525125371181 3.570457906373883
4.898554572963285 3.943186743532584 2.8476155608886886 2.2234689501285243 0.37411422196871413 8.760940339069567
0.7845844561314639 7.458205540387008 3.6120165165890974 1.3005928500207586 6.3180338012678625 6.25149253637099
4.008230773582643 3.850544175366066 6.360378014159011 2.523138234385554 3.2566309034839804 1.4324882743373712
9.701575143693848 2.208744640615476 7.96587402548545 6.473552239179507 1.08708426759976 2.2520935486541345
7.211740727248076 3.172897695522498 7.814972636980231 1.160633211538808 3.155907870737348 7.309060273123686
2.6729493929359474 0.10110682497059553 3.9634825803603704 9.749498594202915 9.125028023932835 9.2090355227606
9.29421471798425 7.10629353296391 0.6707603804815463 8.728418596037296 1.3564950651737147 3.1501193830976537
#
