#
2.2669426336923943 7.417366118209289 8.125994191313161 0.14674753015785136
6.426336718973782 5.475970698060927 7.817738897834843 5.550951865967584
4.385588302820825 0.2689494575883602 9.377146305662382 7.947224835119496
1.7472610651974705 6.336427744870639 3.613713924275644 0.6942638140740485
9.45191237109292 4.773251294210379 3.3247341144538325 5.163853259550839
0.44825365757528957 5.111469602645717 7.845859910989148 3.0539007417401063
9.541100972376555 2.1044894107977132 8.116862564619366 1.8904132578616055
6.29293982548242 3.4619726520990888 2.6849353300721694 6.209012559908212
4.238022596619097 3.3127379891143036 1.3635741815002569 9.970628489768279
4.789537872499679 1.1811098221296228 4.699538269487568 7.663127889999451
0.846959928352609 5.411828363188968 5.176236794778666 9.640011203356556
0.6676223746774763 8.467446325374173 8.136960471395161 2.176755708345853
1.3386981433696805 1.5587870949899743 8.921869528915703 2.6533238592099684
9.79096055939816 6.349358163028806 0.38540329060875855 6.3016552825112955
3.640948003621527 5.729494988727265 6.581306314685221 8.385388237828247
8.79074293361994 2.001585019182317 5.971031180145459 5.064982356879623
1.5276020603667946 3.16996504194568 9.700783697783663 0.8955804156245613
4.82229556463945 6.47961224013232 1.572467968827688 2.422774504072213
8.917349410352145 3.190121475569932 9.31968613904195 0.6915188470253524
7.519966440361451 4.766603966387129 7.799771791545155 6.139685337732007
6.275479151267903 6.111577744423779 6.931235082303461 2.8533452289419583
6.899905727861893 6.957321967651909 2.429680762085989 1.8235567441381408
6.93037821982996 2.8612013640373943 5.072323316946235 6.73157718940209
6.037597224043588 9.406061143510989 1.0750842329405907 4.934387892364614
9.976901809109119 8.705701790856128 1.2077705545718245 2.9107909638110523
9.269490258190661 5.661644357608548 0.9377657985751897 4.83522575921035
4.880790502352358 0.611788157714015 8.280083544699028 6.367375772380591
0.8517915592998708 6.357765934012775 1.5928773741570477 3.7476745757734573
9.428321876767633 0.6623455607361031 3.9731475894626103 5.496587557798854
6.284068583448899 3.3881217777584958 0.29997903221519095 8.914630026757864
9.959938764085514 2.999721259565493 2.3149291842162905 8.175929519237469
2.063172795766306 9.41032421739314 1.2042626340068554 9.98867902407392
0.9985864726008344 6.730549978786276 9.448246312094444 1.6005230237381816
9.156650618837833 6.577200189844519 0.8228496696969607 5.542573910460941
4.596846158999681 1.562694406954733 9.208017463087575 2.217507470484708
6.541354536263122 4.333372804285812 7.996754923799717 6.189864557874357
0.3840442442181615 3.526677002379828 9.580292351248277 4.891417614380227
1.163791390907436 7.453107130644636 2.2859799116235178 2.1499565961304947
9.875237008353052 3.240989618792894 5.758881302971598 0.6659984465260047
7.493330567596324 6.5986852550759645 3.402069045452417 0.4201012476976258
8.01310783144159 4.49429000109534 0.8110802411011138 7.276886194461698
7.358725159570744 1.0757147559490319 4.291141650486072 7.632154030092562
9.673998233611695 1.8399031446990328 6.656607984566737 4.089659598967913
7.117297405672096 7.3351699828135715 0.9865355268904317 6.511128575764859
5.056094912836816 5.66023313009884 4.303594055202229 6.37263246346792
6.967300404612278 4.986672958810039 6.193450630256779 4.522858091972968
2.931619712822516 2.5301227110624596 8.557134187805264 9.549219458317204
9.111903098682385 0.12083098142659932 9.651596921589597 2.940150302366854
8.345064737506924 6.247878386498866 1.4604904589267655 3.25367685698524
9.372629577788206 5.294956387403643 2.1463449956142213 0.5857094252332367
6.853008264001228 4.815096914410846 7.244720741197169 3.990441416865317
5.425371438119414 6.640168797595 2.8224625119642495 1.1345795323570673
6.076136714645227 4.124338636424937 8.67856401077671 3.9343828289267564
3.1210008318934124 9.06332211259597 1.6977392792114379 1.7962754440834452
7.288206065129071 6.687806498966601 0.32233972050536863 8.568523142328143
6.736293553045553 1.1327557771193688 8.966901470515156 0.8307185354364846
5.284039010697519 0.1288682222084292 9.288509047529313 6.650785129028555
8.852220610762533 1.3813259133210694 3.7626525577187193 6.461489247416958
6.647595020476169 5.228530952236273 3.4111886491443 3.544567104753704
4.555380125438184 5.117587819268831 5.711640303037511 8.541584034518241
5.587509476728157 6.324167705880051 3.465691973272639 4.352562822285705
0.39080233763456373 5.960368660653561 6.9309226018099395 9.469872025242045
6.830184738542927 1.7677746345330432 2.67726826451888 6.879195761314872
1.9408923361894885 8.238421704012067 1.4791432013337364 3.985796158582856
5.5485263705483 6.2714698212736915 7.22438729330301 0.9331459969708567
2.2884308037903227 3.627676273737493 5.34311344050642 9.622303695714173
0.3628076835565279 9.340639645138438 1.2907737201407485 5.278151865752449
2.3351344843360438 2.407192105813229 1.5733390463803283 9.938077288537304
0.1915074144586697 8.97856480119018 6.270980600808044 4.727444359957577
1.482330645279104 4.418522326943586 3.076969484804889 9.426787365082834
4.665485509185932 1.121572746469539 9.006992437773615 7.591116477325818
5.684457120912722 7.629985551694405 1.5583601055453435 1.7189044417741015
1.0719802100961044 3.316826415985549 8.245888882548522 5.198426448029565
2.4169163816764287 3.7770437798292944 0.41687528220165326 9.290518502364987
9.258162165504917 5.224416725238417 0.4945944721215856 8.410975062186125
#
5.550000502145849 8.562370698412966 7.55869328787287 8.31642738989704
6.398003602178768 2.4889471519363453 2.4478831075359793 9.549119664635304
0.18029247076024557 1.9343480774863497 2.2868156600829246 9.827971259383013
8.80386545934106 3.4661267698314333 3.9790079385109727 9.163487251315612
6.297723832341778 9.618132244206064 0.9869606677063176 4.973587274277486
5.210285436003535 8.317419356705486 9.111548339450161 6.265519398826994
8.963991666635032 8.122721804951485 1.6601943900599592 6.336801137911808
9.247098237717779 0.8570723908969828 9.156893448440101 1.932921316424133
2.8738947497270755 6.317343301551263 2.275677996903117 9.118662867850778
2.1925728663202775 9.080800765992795 7.289608646496108 3.199503925687052
0.3021110405335454 8.825317207764675 4.303339605977139 9.380614969374289
8.016878529281094 7.152095004311319 7.47242296373528 8.997268851112404
1.2017870089392608 8.703244958644092 0.6976562714082313 9.799081615439867
1.8929656217673245 8.635035094242784 6.963245389054819 6.3105545052235374
7.637688349720018 8.87223822204914 2.897829241130461 4.9874920004600405
7.863049304697907 1.3188736746015195 8.893179714363809 2.698062592616319
6.563527510364896 7.876487097685804 9.946695005660107 5.454525320721912
1.1366488647848945 9.008438496491507 9.106542990416415 8.506161384996064
6.411095839892769 6.6357924041538014 0.8834807094497323 9.34258417207575
5.899213942640744 9.27930862741296 2.4563706415487383 0.5986166732964602
9.106009838510307 6.324602442508238 3.3340665409537182 5.253013615078063
6.921455647230953 7.889481968907519 8.496963403594439 4.2563422262683375
0.4851271556539283 9.479347653623984 4.603125003481545 7.216766648615423
8.020677380676073 9.355120007112884 2.346037330174827 6.7656473318849795
3.8947387480746807 9.678678740311572 6.030869868113862 1.0674320048227512
5.452200962813152 9.747970956097816 2.378753727820877 8.915298170052772
7.697542326908453 1.5184909760412966 9.03405293963944 9.470759042031307
5.866869707153381 9.491605807105454 6.077675347711815 2.5440394487218088
8.81231140151208 3.701318863861104 6.019601092899591 6.748869910393578
0.8855589600129887 8.269022977635968 9.137036204544604 1.2909558492575197
9.820928776792933 7.063438167309723 6.1168449279775015 0.4754328151292704
8.706654749754037 9.167901610796783 2.164605591309863 3.8491212706079523
6.9528983811621785 3.420484278251064 9.608612739704228 0.5135107547658286
8.306260415854926 4.750407551392076 1.3356154120260881 6.568558756336234
3.78264033969786 9.676199205924338 2.4749069019045926 7.7687499756269975
5.940659638981023 2.6516340166101307 4.574577300535649 9.32545153034745
7.913210960562157 0.8583255468188611 4.770008875457572 9.955449657306414
9.3788312155122 1.713447356564795 4.322804728516565 4.104996560643193
6.704334768176622 8.638859570582598 8.634645388551206 1.8575788015284522
8.063842523031365 6.405660341227348 3.5460007347855713 4.084924200441438
4.666508178905702 9.737860667190482 4.654989115033529 2.196139783958471
2.427879453165894 4.3281816818933425 3.7706186078536827 9.415010389840464
4.921283308945429 7.462342356613917 6.05920848238962 8.545425943749823
6.825325113086804 8.522432717860777 7.874236751772518 4.458740649048411
7.031545603457267 8.424040119064514 6.802493803564574 3.9095040662585534
6.117114926890264 2.997885508986163 3.9273779043875114 9.514794554297065
9.267766679268743 3.606816229423698 6.237927842626331 0.38686355979574394
7.354603192304401 5.984587589636116 8.582934533393228 6.146185289275875
1.0203257150646126 9.360352827378165 3.3000531688914756 9.188558591771535
6.905211453711431 8.533852543561686 2.572153191832395 7.785928155397048
8.56040285616424 4.5857603934211095 7.320424506270891 8.35123735729168
9.996634425000902 4.552628863370658 4.9711294117200024 3.008048013587959
3.830672269216895 9.404834951752527 5.1394740300228525 6.039727510509484
9.318171399847644 3.839894029239633 1.2655523503235426 5.570278910691915
7.542989636164389 7.5963980257852 6.156744995505257 8.214236336169819
9.841890500297744 1.5589245412286656 5.206677645690897 2.2119779706611244
1.4884000000167634 5.614292308563434 3.939233409471165 9.806364311430688
6.86477568031167 1.5548034590912985 9.16208281440476 1.820124887039448
4.241174434868427 8.579405411223277 8.62067013787354 6.040274886714824
8.650323479855508 0.5129267793993755 8.877948018495912 7.623302641225351
2.712085402841234 6.672694915561633 1.875910846033578 9.193901723540366
9.310008528376931 0.297746227529772 3.323978006856976 8.762704117599107
9.176327335607802 1.2125228696648311 6.5087022897225575 4.981713359880194
5.994845243297714 2.747443039179184 4.385782752287524 9.127032172604704
8.873871630761743 6.944695227103004 1.9561310024480636 5.72501243973966
8.965929066440074 1.809070200091011 4.425050413602742 5.721404628681811
0.2557053003939105 9.478744447447532 4.0553930131731075 7.676269609650194
1.0606933681086383 9.379027117143625 6.907766085760148 0.24513416355362416
8.572528673643834 5.190176658737514 8.784117676395486 6.268303341515899
8.220129716203113 0.7553403779643908 8.314371869169262 7.651877568802302
9.018681953514154 1.0809581309163376 5.720094522547464 5.307810239600439
9.62551527094923 3.861558478305013 0.20160829195557284 5.360391543039677
7.583475015972153 6.6813019834764535 9.124396495934203 5.244934664898304
8.899218084977292 4.4703819644452025 3.187274635708256 7.0100768716214406
6.7754229705839935 3.9885391294813104 9.758117915621987 8.001265923690811
#
4.190010736938568 8.485482969608968 0.7168566827585119 4.747945694229087
3.362289652813293 4.614241220723893 5.632792884852456 5.4664434509855795
0.46848565217072213 0.479062689870843 2.654333768320347 6.043139933956121
8.436424666197604 2.270687171821642 9.926260904310332 1.1234644745414757
5.156962961518896 5.721371567731577 5.632490740083738 4.449025860661414
6.443230666311744 5.753820889234501 8.131612517517436 3.667544202324362
9.229784149159627 1.3421285805739758 1.1236474588219183 2.0935780916930122
9.018886102519204 7.840450954667864 6.248519895248702 1.866838338579246
9.706821789489318 7.2050195718312215 2.681892819081408 1.8312092926542292
6.685602633849625 3.4292858578682144 9.407513665514418 0.4653433060076413
3.0050841522996974 7.854483056441993 3.6178784422734465 5.811907284604829
3.2023306887951515 4.385305375031965 8.752916444373065 2.184231394723577
1.739543330620402 5.233160605510501 1.705245433388102 9.829248730996449
5.853986484348771 4.021284648792651 0.2512983331226968 4.975650288636249
2.875327994820039 3.4641784257754162 5.967444347105325 5.209935757042825
7.9751647195371715 4.983414485569441 2.157592087473625 4.305992782385086
5.787473695710644 3.084313648853989 2.3071972092048254 5.2294119667446735
8.344740174080883 6.93557149511426 6.242935784811372 3.7190412250741014
7.420909649080343 8.067440155106 1.9635771315110788 3.573739307681969
2.408561377287507 1.1587573812130736 6.121657443365933 3.943620242363219
0.20689791491182863 4.204502388917492 8.496336700009726 7.334781180691156
5.844507679644624 7.680077932386212 6.778132919717611 2.084285401491049
3.107233743266489 9.07981216912852 1.6704607451847893 3.212642551996429
5.645762566778753 0.23562822180931153 8.543017143614827 2.4225971670990334
6.228649450484349 1.108335561970792 8.256397894398868 4.066032102102421
4.591797526237042 0.9853731566191115 3.0956094504673053 5.737616081649348
6.962798675525188 0.27589075195740165 5.120801489770133 5.260353802961845
6.849500915082055 7.136387235831094 0.12799671361641796 3.6574925117212094
0.32488049475356906 5.639070556077424 3.740799949595425 6.919526649236103
8.723588763008264 4.031192579698095 0.5097759184799564 3.9655587010820295
1.7624284439981976 9.664494211951851 9.421296589651913 0.32975162458134566
0.2727051497257085 7.772461766289188 0.30420634135468916 5.995341282022498
0.218046190419245 2.512134198020709 1.778554133961106 7.246982003701148
0.20593940321261428 9.789513000110052 1.9539774098908471 1.3719178935796759
5.2183943146067655 1.4128942871612713 2.063399278142815 7.747362108621132
1.042917299851057 0.8012990081103748 9.365047440821083 2.489596714437845
5.504495060340151 0.10684240079876961 3.0807168857731657 5.336360023982441
9.293606565227641 2.849152354546625 4.188109235567532 0.42663532741755095
8.139973314430094 3.647148816147155 1.5290751869741532 8.305982789619822
4.108920927475887 9.296189539843748 1.4256313714840516 4.236934058551428
2.1293933005257024 5.225607223709954 8.25079636489991 4.82754224270525
5.065950351444992 0.18281613020990406 5.042452784136974 9.021992181444539
6.920942827936016 9.288251039348136 8.0387387716418 0.1580714046508236
0.4831376922859656 4.103407085676073 9.62689608137051 5.55797457376215
5.367270299819594 6.170011679693128 8.718188367543785 3.8346844781852987
7.841258127752519 5.83767389387071 0.2266827741583528 6.262610062866614
5.224933234875773 5.00874337550689 4.766027459296404 4.886315737882702
9.332510786592614 1.3053018099291482 1.6339976011971 8.893472244880039
3.756537927711973 8.449861571751503 5.892051246166707 5.106799233438633
6.020960906862971 6.186727409538982 3.0635633167376652 4.847551332320448
2.1462088955091794 3.9214816384649556 8.755100419443357 5.7134471486237475
7.038226720618137 0.6539228439805846 7.9897907290234675 3.844331335228479
2.707179633122212 9.447238795598327 3.1944343149066983 2.03223463375639
8.813303004126833 8.14229963852379 3.6758424362926374 2.36113246723803
4.552919086558492 4.608582676471812 1.5548883392719755 6.480634017808045
5.410545223523058 2.2999985313159406 2.00851471697877 5.822384242800154
3.248492029611601 9.50633449616291 1.5254941164924514 0.6662425300609884
6.654347533430985 9.038271049430657 5.226956782624348 4.662858335746652
0.16041872059237594 4.204075362592487 2.696716060197613 9.79646819377003
3.0655929727981777 9.317173082699806 3.5134024995526767 1.7196655213063732
5.775911428785396 9.037338969434458 6.655344963144824 1.9563487510910136
9.510607702927807 1.7225861334410926 8.669947741208587 0.4397457632910795
3.4911397793658865 3.2476635258406548 0.8504410829861735 8.47880195617415
8.20533232361901 5.135278034625872 6.471573113841371 1.8630382885721133
4.573484659526377 4.128934375890283 2.7680874877418593 5.320586919614716
2.415086170068263 8.276184673729862 1.9853237454396027 5.788962791519929
2.250689330720503 4.244386037763763 2.439522873049025 7.019387806083399
6.687452659438702 6.195040042988267 3.230510297948613 3.7386860679808738
8.391103819883686 2.180051301682845 1.1829799106421364 6.259071762093592
3.0194716103071046 0.15136478471135817 8.896640142227206 6.035129675777892
0.760273390754655 0.2721007495471506 9.593644950572319 7.439613800423595
1.8978592993337329 9.847499382821262 3.7181934789680393 1.3490274279376084
4.855414085137987 6.453480102565019 0.6497741753234925 6.464130735051382
1.2395582098955185 8.585654048373842 8.255165688834424 3.277457796951629
4.11759701701058 0.5800929660978937 1.4631153089024855 9.334726686236618
#
2.5410893000175916 4.634463356734361 2.6993277600149916 5.744765736301142
6.519395099526596 0.827489253011878 9.959915213661715 6.501621144975447
2.2960720553868614 9.477066588664211 7.4713193807800575 4.879074306420301
4.394661700014179 0.9554110083508789 8.910138188526066 1.7586513497188339
6.234579070095108 9.150202334392862 0.7239558781436539 2.414436531500992
8.386914838672828 7.985031980610227 1.005084185967008 3.4708338972462416
3.68759910888914 1.7507375268034489 2.280296337122632 5.990465740379985
2.507939285984714 6.501127729367262 0.33114993243505 8.01908594182904
9.454642775003947 4.180978560478189 8.82321595998323 3.3907158810274476
7.96921348802727 8.047594429412296 2.740737481855493 1.5037070770640173
3.687796188387506 0.518642981506102 4.608504810477259 6.988419397556786
9.24256197477052 8.546663144299915 3.324724839039781 0.1395622121844351
6.930441342895022 9.525383428292205 0.3917858519223012 1.365852710934321
2.3661088052476074 6.580590708654046 6.649645898886874 5.461560839836383
0.4564635584378758 9.355951182405919 2.838412026685758 9.959472181254409
7.83577923241206 6.82058782213614 7.951570089999952 3.701510602620316
5.827005060919794 4.629396341410325 0.9737135485568347 8.369818791495593
8.185142467155853 5.009136010883175 8.649757416825686 5.524674758565303
9.81027326457209 3.8245896214094453 2.394071004596555 1.001339991286243
7.479516666249725 8.56062687216574 9.139589167756398 1.4288351787903424
1.1743451063810717 8.774226279422694 5.6169529394169695 6.243740426980365
2.066258809463181 2.9308592810018124 6.392526783664367 7.62014348222179
1.0715061244139226 5.745560879468815 9.221407277013968 5.1050216201588094
2.245514292781128 4.44698829606571 8.446828831754818 5.907465488360605
3.928459451319291 9.515764155463726 6.996561429311186 3.4906258582697776
8.091306159654936 3.149135765083864 1.4852262870956268 8.356427615300387
6.954146426847238 8.642974083403352 4.786543582597874 4.232642070456092
2.967862655622387 5.622810162853638 6.959834357842299 4.627029843064265
2.231387860230493 8.699464208597657 1.289465361214118 8.100885276671239
1.917569418197397 8.610376682588917 9.985182199891465 0.2754235398549172
2.3156588485850156 7.991790924580254 6.6885757129263546 6.976735637459609
3.9849911867955212 0.4945052838522246 3.9523860641527886 9.740230304978375
1.4615179254001744 4.604691677157462 4.766719616324808 7.694893424013838
6.698435478063402 7.070583002157646 2.9150836364983306 5.221849284174817
5.169491459666633 7.776783940970615 3.434088779749369 4.857145939093815
5.989510003928912 0.46549402687593666 4.99290573048473 7.268590433783501
7.657602172719223 9.29462200408909 0.61831325706288 7.816968469127772
8.791551734051097 4.681649241254583 7.479766747455524 3.540097888021287
0.3026064430718787 9.684867313163092 8.689740479024998 5.618542354453481
9.28820699496153 0.20693014835867274 9.821017812930751 2.4576672471611913
5.560673926703323 5.680463614903964 6.47112016061347 4.055460543442857
1.5448972177679874 3.2661265164185607 2.666835180138432 7.345247893057588
2.8815263778510327 8.76364458557536 3.1532826542629118 3.7904916964798447
6.903989475535692 4.547523566218447 0.6443713734146135 8.295179276458262
7.447360239456724 8.641034286374001 6.75238184400424 1.6076214285003068
9.84362112798114 8.386285726338691 0.24229250538449065 1.6529868170858792
7.50909414530245 0.20482972577559444 9.169822762492071 4.253137762030386
3.53809161642289 3.4443094216506713 2.2882737164474727 8.25805665836857
1.4462970308718028 2.8567793795389074 2.6169043908051455 8.830383741338826
1.2745038440508072 9.827283394308129 3.888765699518557 8.673706008057042
1.6517266216226214 2.5275193715648534 3.3269563390819714 8.55023982832214
9.798284485342048 3.541524317160138 4.357642164874738 0.1861192310080204
3.37524641047354 9.779016543722017 7.048263642936541 0.9548603520972794
5.676368063205473 4.400476418819855 1.099920961202569 9.42428790837859
6.442909438254524 7.385893165421647 2.216856379752712 7.337006263548277
2.1396861150138275 7.7551521195110755 8.20328278903693 4.430464701443087
9.131787504973307 5.881711208664745 6.89260179569074 1.5249830928107215
9.571654077927036 7.067744266758147 2.593896689369319 4.55674415989936
8.068567493632102 5.283358470986913 5.678280607943488 2.094911213485736
2.073993907781316 4.0110278433796545 2.358001157526858 7.435451403047296
2.6553986038326745 2.489779101717234 3.6845934851874116 7.398785977123488
8.583589042474886 4.66692194212622 5.07951962988114 4.35100623769709
7.4397932303579974 9.015558135128943 3.2754693039985066 0.8097535549336463
0.5700407983549027 2.1222375606122044 9.292979414468395 5.314506775062649
5.330266934419113 8.807193403681087 4.359622956744773 2.558866041341998
1.683271103895565 8.545203460588866 3.6185249252637206 6.123552204848629
5.636547825552185 6.571727153873473 6.355556285592158 5.4503300306620845
9.590420421105907 4.076657503802948 8.89336506820828 1.6102370422473724
8.185504376570579 0.3229930540251056 6.600176070432685 7.178968142352293
9.583435896023511 4.521076841366262 8.69708046867677 1.8889273936950892
1.4634062812229165 8.407966356668148 5.4438593160346755 5.834231666471863
2.546659965253588 7.3239455723841544 1.342861946810237 7.761643613924189
1.335922507985011 7.994048081837606 3.834018478562128 7.209919627397302
6.793121470195037 7.285508699118045 0.6217630656835995 5.369705771380035
8.817821465378586 7.998380555363461 0.13667462411957576 6.8190174281525
#
9.57024344511336 9.358890050325751 7.793637483553876 9.490913553266068
5.414600135354465 9.883129256249669 0.804357755685774 5.303607536585444
4.018770725761719 9.950262746191644 1.6450697233423281 4.6374241154611635
4.303853167489602 7.93023040720267 7.993327573021718 4.6168728636034935
1.389761902401168 4.141479726063897 8.166493675558943 1.9362806367423104
9.905315707823103 4.00775979046192 5.443510953242311 6.0247263676893725
8.823535095079228 4.307290927753153 7.796409161213415 1.8028830494389125
0.23443088663845035 5.6689768282740784 8.123703684977652 6.416949785586202
9.796929680194456 3.9183050258244165 5.912390385163573 9.68326282788377
5.2255571908726255 9.837871058165998 4.587370281675218 1.5985287129060661
0.8150454667781117 4.184098186025884 8.141202039409244 5.678715150949712
9.989449259159027 0.1739355113413028 4.6449505561485305 4.247811032807876
6.812723356686235 4.356192632486623 7.919426172568794 7.179516299960556
8.660316198740695 3.8508666896263293 8.080846904039115 6.694580155900814
9.889691943614672 5.420860562699581 8.268111928673022 0.5990569880812089
9.958348293348298 3.02229541146017 4.867454665158283 9.212058620844516
4.144638689140472 3.5440784928142275 8.430036549777732 2.59350710584398
9.630366773502987 9.430389208435173 0.2717617359295863 9.866755866170106
0.17977552086342463 9.555412774906824 7.681274986344221 0.9792380510897463
4.638901132947975 9.413236056608902 5.658457858722763 1.814419622268625
4.292871840215025 0.1725466356432399 9.79631890432125 8.875815629848702
2.5711683129708205 4.391855612965733 2.673992824001236 9.64633352057923
2.8563576501576127 3.897406994725439 8.628175132623449 3.2315544343510534
9.865899199623591 7.06538455670592 1.4692600770898299 7.165735849113142
9.081542305841936 1.7527899150044628 9.09676573128597 5.181457216323227
4.086413874811589 3.4173172890831056 9.1661072261669 0.8457723687858714
8.135274226936808 4.938610003676407 8.01851419461158 2.628876075981854
7.405679827196449 1.9559126591090839 8.77374389565637 0.9369165334587253
9.996874154346733 5.404514980421987 0.5096263455133014 2.1973651044180995
6.965193705450556 4.322713036991821 7.3056747815701355 9.519021010577916
2.8865944811461013 4.366997224399121 7.943905050562207 7.3191357492630225
4.2485759732542965 0.6160005349121054 9.308122429172071 7.4729711490038255
2.7232547139919485 3.6225809112360188 9.93290916797307 7.443163467266867
4.881142223563777 5.365909347174668 9.280173137954012 0.16588360139072922
3.1137575541072886 3.4406250630716384 6.530188424484848 9.524535968009042
1.1258128507937797 2.1937729813493254 7.80587501399123 8.738254239104748
2.893488393454693 5.103042040731069 8.08600289557036 1.3022092476608713
7.130321121956296 0.5434715707305511 5.181295894652441 9.870660377531467
3.9371571758033603 3.6973910441033984 9.2942165573929 5.3436030389959
9.801764187810889 5.990705181597896 3.8155240428553716 7.286420082309381
0.8635566705869406 8.884890317855145 0.5640535854301536 9.749649612419226
1.2787290809742937 9.709628270696761 3.061610980381167 9.481499439042876
8.255109054410157 9.728081879829542 3.4042668160875946 3.0755531124830133
9.900627580715955 6.949446465750096 1.406339575177137 3.353294342896737
1.9912198062150783 4.394940757668796 9.444778699473193 1.3015619786576273
8.680723923708015 3.4901748758368596 8.187930909250381 1.0176525633241171
5.1808785332904375 0.8386573056198321 9.492322950587218 5.140645145552848
9.704042394611529 6.1560690289610225 5.734356089398347 6.4878021195618905
1.1749597662186617 9.493071691329375 3.2254902451707723 8.81920113020325
3.0937158691565774 0.7887104018681468 9.376975381264224 7.812935111569924
0.3107851362230214 1.4905810730626294 8.31694794024037 7.821202711777576
8.682776007645945 1.8639289772636087 8.908543513426219 3.8131412917895102
9.91888443996871 4.525414194626597 0.5536709418761703 2.5916431118132643
0.6111769784617183 9.851858958811931 1.9481099567604505 7.428515677614723
9.633977207677432 3.468676190222305 6.423061847796911 2.286409853803089
5.456170312176964 9.398000156378373 8.863609129635993 0.19233780373873532
2.070908306683625 9.96222624162031 5.876391011878473 2.572030108194339
1.130464120577197 4.29068126125277 8.076316728658583 2.824434136756331
0.5381154063595721 9.2772675660968 9.231140570128602 2.3122316476335354
9.793625380784185 6.348055472154648 6.837740842576078 1.2414316706572261
9.388466858616674 0.2690461141334479 8.306625469321531 4.782352761978365
0.14767675884013887 2.244781053321152 8.484930354085503 8.902400049882104
8.961790560631034 8.23842777544363 1.508057504416922 9.780853887072498
3.222676106675685 2.356981235394948 5.941419907145067 9.720472810969333
5.338089639760574 9.528947676713333 2.320602522108378 5.040282302673506
0.6758762553860143 7.400589491950951 3.2837732452046526 9.861001555111958
3.0062885731124056 3.3347010147722207 8.607193362330364 5.376609890332122
2.854601254617935 7.9153989233228845 7.952008433989716 5.334948997009766
5.330994321424745 6.3692599929914016 8.062664372570037 4.565748789025412
4.03641620292012 3.707728861867852 9.678131071368263 2.498763573413892
5.601429068006442 0.3995105707201896 8.805554465217412 7.663947364993847
6.231946733403473 1.8701619932707771 7.721252237579611 9.642589980525102
8.755478159758606 0.5612415606414993 9.546503960992327 5.512698117588344
6.421551730174467 8.410351956742897 8.178899629444093 0.5112853445953887
8.231594337728247 1.559919257929995 8.10576467231283 8.44027692498413
#
7.875298014498618 3.1076592920715127 7.553331738967293 4.796360981405331
9.979216089455694 4.1717741526714 7.443367962025425 5.2452157624986055
2.6197765213832667 8.044900221283292 8.41980573811331 7.718235134861487
5.918273521672998 8.308978941980511 0.42730360670883716 7.416548646280204
1.3647005957119864 6.89745617721869 6.323804196779105 9.611248031435824
9.524082832684293 8.055442379369737 3.6834746084021113 5.1822463387698505
3.7374740774714095 5.107248609270259 4.790802622689121 8.662606575994893
4.132217540541248 3.3699365909024923 4.396328257267905 8.280805425003823
5.763648755153094 5.432806934109611 7.0814310068803445 5.960136892858459
7.7541324324915495 8.759149709322758 6.089195647076516 6.019298920470592
4.58548880404222 8.93527585602954 3.153270762647332 2.094972522497403
9.569855952244218 8.295353886588792 4.378505724349177 4.530214599422229
9.803200733697322 4.5491102060068185 7.362646532178076 5.8660998570071765
8.538238954634462 9.044277516215638 1.8464413734610283 3.7131766186475694
3.524895871634338 5.166821311371592 9.315499024900026 2.5449256587528915
5.696761063683489 9.23210783861161 0.2605490718992769 9.76658176551959
7.640067560269978 6.154190298915885 6.96419551277398 5.59917100256988
2.422204315050552 9.589762731091994 2.909556275736437 8.555108187511822
1.7352013235178774 6.797440973354373 8.566552031556274 2.030740861054682
3.610563581986484 4.6888394804529 8.206878952811676 7.599519299424607
5.699887438339621 3.036070113579293 3.703325919167447 9.470837915321077
2.972280170680554 9.322488132368887 4.269904670310185 2.1813733340081227
9.057809259651185 2.031837872388269 8.419411645962255 6.676893580175679
8.894367061868396 2.1866544652582736 9.725184767408106 6.197721091738837
6.059371956952235 2.3097301071881615 0.5439724292592079 6.4857317222132655
7.154356004042634 1.6060090992264469 7.219301805521665 8.654217968975244
9.263720141587248 2.0092912563028023 9.878719548305664 1.2538178359167222
7.654217605480044 1.224629889678822 8.901303073123866 7.563013653110948
4.406077042444627 4.892060955623644 7.93763446728411 5.768054134263204
1.2496488600037168 8.5674173188902 6.015349419663043 6.230332910474467
8.090106298178458 1.7298411023057625 6.7566823652961014 9.395560005620485
4.627906786901389 2.868719084821343 8.703320312163168 3.6161173675363223
9.35242474789322 0.21248620435653365 6.617051854186471 7.500637964217606
4.001590028906145 6.8104903791240625 6.4463549941071205 1.7766874407480207
6.132300886484399 9.446751492912124 9.413000296513317 0.6665253633438892
9.985101756880782 5.831804764988321 4.269012441863076 6.046635485765672
7.453260274092495 2.2625035343953646 6.672564289887101 8.408141644475549
3.273908736329504 6.76223339634301 3.8506731852192133 8.814517191323572
9.64169699142028 6.8270359682797075 0.620841614150172 0.14907421614021832
8.774257286597104 7.355841123546902 6.292718374971933 3.1074701257183843
3.5410349169026674 7.426897369110234 7.241477089256858 8.531436399622223
3.380697431166353 5.993822333855513 7.370566693907735 8.342343595179809
5.446557523379232 2.7141984477323007 9.758481198830642 1.5161586704119472
4.159218826356628 6.550065894960441 8.29057709445259 5.296316258992608
4.581908950612859 6.961978820201936 9.745381377589744 1.5156886669261582
2.151004425180378 2.408085827915483 5.282659899078463 9.652146927826607
4.332480294625852 6.21881325651631 2.2635480442115914 8.230692130834957
7.535689375895469 9.194775799928415 8.46674490906688 0.2534265681177903
0.502590916294742 7.661500283030676 5.471104512508284 8.940722317386122
4.850219399179383 1.2511795061643185 4.9313063619382 9.973792526201297
0.5281241050637613 2.1304973398755527 9.952962334245202 3.236933953218845
0.6324768742505631 4.661595646248105 8.993694969998602 5.751629450498528
3.1977527763805704 3.634615652632111 4.431583811035749 9.65222203240316
6.006467249513713 2.9610593192072256 3.844388158664663 9.166881838491392
4.300474959809909 8.21511133687224 0.4323547634720688 8.988882535285988
1.9528835034237435 2.7378407635930553 9.760413361622582 0.7007496611798993
9.24099750469695 4.220393874675593 0.4823364500264482 6.143816794779575
1.4766253228826969 8.69349033023312 4.713957368550812 6.76101129369601
7.263465195874094 2.033314730828468 6.371179657946615 8.599299192044256
4.28121510421187 2.5160030137901197 4.951384201180512 7.194344215664161
3.88459584769667 5.602455619385572 8.904303890851864 7.101883539197008
9.589860849021902 7.712295654360739 6.125837776129096 2.1099070593621363
5.526628436445405 2.254334849655706 9.422462578809927 2.5338954327124856
3.826619706204305 8.917259489085353 1.723550652031216 6.197224628889753
5.177750923141779 4.518575778060726 8.187702094190218 5.4177352299140145
9.694949517665652 6.431572932233468 4.092654250758386 0.5065417517108237
4.30609506088218 6.742255108755141 4.148426098399429 9.17618170192609
3.761079473772803 8.071899674605088 5.4099841877492105 6.117939332329653
6.359921495059952 2.398148134548251 9.278158250178247 4.865922453886811
8.016171988906844 1.738640939325243 9.960364232214719 3.1571274424686857
8.919197852390166 2.9184898571270725 7.9117894941386275 1.7728963757219947
0.7978283851285992 8.580036471302165 2.775228210428084 8.684399377981759
2.74957710588341 7.435258670823011 8.175181375496365 3.3125159070274126
8.650295330910081 2.0545887803902354 8.00130430463499 8.584791789840626
7.704347216909366 9.845079891987861 2.874059107113643 0.51750174829911
#
9.805848998100462 9.868249733377773 5.112271149168319 2.671827591075987
5.91495804981444 5.24621934662485 0.40140308480509557 7.931263829856475
8.984779335519946 7.620295634509599 9.777069414413319 2.5043403400467565
7.557747142624051 1.7721081384043456 4.852985477937149 5.515433470384552
4.855274336180946 4.167705302363658 7.409446677951944 9.317881635359461
3.8261353885233715 5.088149805655272 6.620658787030415 3.4844354437045832
7.157178193984362 2.0326078769710394 2.0725214565458057 9.04359958579149
9.246633498905375 5.234417433334611 4.454708494712763 3.77585524523767
5.478937961563687 2.6378601419943988 4.353255025414576 5.409838454951494
6.505309433619331 0.864220923002395 4.336690924616225 6.437320759260869
0.16684403086938904 2.0674334839492645 9.416187330164526 7.816141571958116
7.857081709827083 5.640662227731818 3.639308401311121 3.952231127396745
2.674193395610012 9.504570450250657 6.645877616711863 6.7734120059580105
9.029448010045908 0.833875744390272 9.217264760464259 6.598628650617001
8.554886559514536 4.2063468594002416 9.658742669226775 4.219521450989302
4.987317685372503 4.889789230618577 7.722869073174165 8.830166375329757
7.653815478017511 5.617133337461188 0.3232161019167892 7.554058759474209
6.596031170488808 6.379563422112158 0.787663119108803 5.042593141620185
9.780742040423384 9.437148491243633 0.2975023399217749 7.068819698462919
6.759371649895183 8.628782932711482 4.37258425991111 3.258430064122292
6.193397478722827 1.8590542101089498 3.5300863117398893 4.334095915473088
4.193388022608913 8.499197270895634 5.221079570024991 4.651706197020063
6.375860438944274 7.665361494527981 2.8620912206154525 7.124150353105308
0.8356065126800916 9.198164735186882 9.125055760279078 5.301851618185605
0.6278114746738712 6.015669970043392 5.397736259351423 7.742950847091375
4.659837895354684 5.925908482860752 5.118253399377748 8.660629610463658
3.0317423146408378 8.440925860519272 6.523138061019857 4.875764677795992
0.9750081925943972 6.403195754916686 6.9985129796547145 7.301696059981291
9.30004021738424 0.7964109409708549 2.2422152142487963 3.6478193474462763
5.430211189664018 7.848083797539138 1.3538108009155394 6.689393184855438
0.1850641895400038 9.504898199219 8.330979389692885 2.8864309535679475
1.8338296293941858 9.813635650571351 2.020185746431859 4.84675752606633
1.6658340861359222 5.953392246948414 9.479182809877486 4.496917349716396
3.4093491943924104 9.330636915536747 6.926905685983809 0.7092570183936635
7.689118194868582 7.282371396346104 4.593390682326488 3.2773503598122273
7.083288533015477 1.7067131846809556 6.864946980428637 6.418994560295016
9.944339845724016 3.8465567292637557 4.4460387877877885 0.12318515481268566
0.6661056831283734 7.622300562279369 1.9065918872963148 8.664815350811653
0.6738931354423734 1.3174091157660373 7.878661393962954 9.453013460012855
8.543700092074857 6.719507697473631 2.602712762973437 4.75716792217157
1.9273986625199666 5.933908543615581 7.4275230146892195 9.74158001371929
5.127204722533283 4.083557455272776 4.715745803915371 4.385056626129676
1.0813796920309255 1.513021552041876 8.776544724946502 9.347778698987742
8.684358848755798 3.6698133457032527 1.4290293608743294 8.853504969785806
3.209336173455076 6.172061027568313 4.326180024951738 8.982696258237748
3.5608355955245985 6.770683849444772 3.938520516452501 8.131353596547003
8.202408936236148 1.5883401799803458 2.9148544572444757 5.373381306329598
2.355616520951878 5.009522676248923 7.242831202897436 9.737508090815393
1.2234874855199562 9.248913579620169 7.969495247169281 5.201556250255451
8.45273893473268 0.4619125115247238 4.647288986224981 9.093296240070671
7.851877428056178 4.514003224825487 0.41509766431178363 5.71111301972091
1.9835764639623403 9.869215531255868 6.85465135611702 3.9937398753463613
0.3036766077982431 7.542215381118519 9.659150607653231 3.755585976109278
2.1769858649296183 3.5397659393003593 9.195319531891801 7.626751776779246
9.003927819303685 6.41374610044615 2.9621418319437978 3.3237229329705524
6.608588527529172 3.2310891261978743 2.7534043275060602 5.764102072574688
7.230597844552388 4.031292991126257 2.9782609687252575 5.1495955927995025
9.924231100728324 4.559294958694208 9.956920066291215 1.724464653729103
8.672687084000252 6.133931886447577 7.114741662602113 2.5478258045850843
7.525706102996065 0.3939038802739008 8.836811358944235 7.169095300817652
4.809666708079089 5.527997057903091 5.25446711902145 6.105452183996199
3.6256613629114955 4.320591320602826 9.720109825108691 3.768557458258829
4.96407390805289 5.540678602687707 9.94424706392322 2.559882471363498
6.410258722249479 9.215021573953567 7.760357906462243 3.168820950509706
5.417021986531797 6.003204576520529 3.1154565914453602 5.228950473405177
5.460089771614896 1.1730904245337213 7.794331198778081 6.082620007785181
3.549752628244402 3.391298159896698 9.689319804645915 6.757348272718337
6.9084001446744425 4.409481672607241 0.9467795048832839 6.833349265945924
9.255244812673247 1.1778390008788175 2.103689885780608 2.9465499923090794
8.619241631908631 0.3605783433212375 4.328996131936785 9.17190691852521
4.735960476260157 7.964966062948799 2.711897762413578 5.772282535983781
4.5868554938903205 9.685313077023093 5.163337231663367 2.147741535514998
6.23879179074168 4.710032547628514 7.997674183255917 4.102496294875745
0.5101533383969565 4.248177012893878 9.045879281567382 5.358989618604301
3.5907129696432296 8.369074225150765 1.8486413845789245 5.563122801974677
#
0.7606755504875151 1.394175547325093 9.080527044467285 0.5933864438774492
4.772068411536065 0.4352398966870359 0.3898333150287696 8.025557368708672
7.598977731878166 6.21013674516234 1.2438262188327092 0.5413209424333925
5.779683700955864 4.812371404064439 5.819694192933313 6.383250772611529
6.787435048990286 0.37202023501089254 9.094886134552045 3.9278949165199637
8.427029709023664 4.161163330243705 8.142977142518614 3.9875322169013163
1.3146817452657689 3.6187515298064685 4.106934935473123 6.89935006048748
0.3523050958063223 9.031764484774733 4.745137989054233 1.1220058465311311
0.49846280383608743 1.227417960664587 7.952551170183009 7.856877623057663
2.428328695306165 7.821419010560824 4.771403573644674 3.4422636096813397
4.891372433617099 7.881384182076758 1.619114208190961 3.0356215975213843
8.803718327394154 3.83243125329782 1.5613113353055224 6.370809856131862
7.3209284834961705 0.22408706198308703 6.260842706940799 4.36058436816339
4.771151777501486 9.953075439437077 2.187041630814094 3.45045540228031
2.5878758507636084 3.440083373358958 7.926745788118976 5.108225701762882
3.3878998017026807 4.405565046043034 6.361070959505408 4.99190102150708
1.0698358699027062 9.01515310333696 7.432060254966388 0.41390700909865696
0.65571600003301 6.267949340636364 6.4861373533113245 7.819519798077996
4.19936085449284 5.314131662474044 4.060287764880408 6.503962424060787
1.0100984139507858 4.153058379400302 7.579498910584836 4.949269344541074
2.5250709757383607 2.7801261868630824 5.756428979385278 7.297059152798508
0.6477951145260112 0.8091768058154676 9.294090375803432 9.806880841813255
2.324399103055335 2.9590226236053327 8.422859983978062 1.8215298541056755
8.570366404978644 9.399723965802632 4.15113233875044 0.20264408878345108
3.1677752743516523 7.197866985189697 7.392515273984175 5.731270439895166
2.3809940215272345 1.0105004469073604 9.597500076807918 1.1389757282540605
7.219005865875866 7.3089145702912734 2.4865082159257743 6.622562902297956
4.965479905464565 8.152065775916462 6.771740707271206 0.4590467773864617
6.024882145778947 1.6053572778020415 7.668961164243278 6.170734085543252
2.5029769118067287 0.2526668462442849 9.974654715583812 1.1180369927473448
0.7143906650283345 5.140476445502246 9.258972611722763 1.8921079617557361
8.774182931153145 5.189641962465746 4.497621124062599 5.056419404807133
0.764410684121402 1.2864484820832605 9.162960866958127 0.15118297368781164
5.992577015013103 8.74094267776025 2.3211878413034572 1.18657514318744
2.416906977181068 9.10947486950538 3.97290032960542 5.018856430442272
1.5445939919433074 8.453229782544827 6.419363974865844 0.8936790594699975
3.3783251126362766 3.923095336922699 1.656628048677609 9.59341726497361
3.3201523503451957 0.3173514240345332 1.6833203899053202 9.317042622986957
4.639618352495511 8.449005361599616 4.213943801532486 2.215297771353576
9.787268674917815 0.8438121054539947 3.725356193882263 3.4651783080341243
2.6648523229674557 0.23852578832035043 7.662401881397795 8.421394288766058
1.2829901379609918 7.3618093615192475 1.0931129686401948 5.023722705890825
8.760672142685081 3.6740701960222957 4.907862149006189 5.163300302883913
4.970749569223437 5.834105694639521 4.901695354015495 2.042211902069908
9.764996603251202 2.681761683996711 7.16728481559951 3.74157450890438
9.156101755892415 5.9599771455186366 1.8533837442759848 6.00375018246792
9.252772357012791 8.190714086671527 0.7489737028719325 4.351596789295225
9.798942309047316 4.19884926377536 6.109142318963805 2.9384573687306736
1.3935799154554442 0.43832016626566617 3.3934844192451523 8.475146511808305
7.138920525668404 5.954841548834192 1.0969686227261475 7.822040023042829
2.119893552379192 0.9274482696264625 9.59250626211113 7.973318358935257
4.118830312851078 2.256111946610294 8.218904849833088 7.5752723275277
9.478262381774435 5.565540958199543 2.737749182709434 5.264247660505177
1.2252493093896768 6.634942843994345 3.7726312021311905 9.047779784863298
7.458141393891569 4.529386399914367 4.891647157827776 3.852001577103976
6.34784809150683 8.600637354923094 0.21646459632703596 9.0796264257351
1.4979657939979725 1.8997368469018805 3.0972196890849664 8.99923723965167
9.09721034493931 3.5445174706854194 2.368069681715702 7.84304828727456
6.643607371531801 4.828702095891047 4.953916725750061 4.911978369849263
8.695109076692049 5.969960238626218 2.6318934553027833 5.268015094431586
0.2068576761188119 7.8446014788687695 4.793229879146263 7.033091220744674
0.17779672744865405 3.9914713912041555 8.67925924040127 7.1660908319326335
5.544028198112274 5.755237084069577 3.542016386634674 0.8895127689092215
2.8543164505400496 6.7165651484314735 4.121997461065649 6.3450779098074594
9.527444667782971 3.209439650564324 6.531845192304311 1.939217632983163
0.12828506743029777 6.762219231974385 7.394251419893525 1.0332312666306338
0.6198450349899574 8.649263895186424 4.223679574852269 6.430679565104814
1.490533135491547 6.987968295262654 4.838383691941477 6.732346523223059
7.089967446574002 8.845065746757916 1.6612759277716451 1.5050609924725862
9.34379104082328 2.5672179708297405 9.006668948488466 1.9236917792525352
0.7092830167522841 5.978434214491498 2.0752448601008493 9.779810103338633
0.3277620759275184 6.205309542164977 8.515664671353452 6.131243406301653
5.222254617924861 6.152818577201762 4.548047456540644 5.29270657625578
6.4502073427895565 4.8398743828269355 5.317613550105042 1.0585508235284475
4.057623669576743 5.835506100064494 6.295326748640585 4.348902931529773
#
9.677340549772453 5.5693954989592065 5.718785446758565 2.9076278309471966
6.3892954912593805 2.532342446265356 1.0984136787588734 5.355565515604234
1.1052848958073378 4.9450734851404725 1.733600989585649 9.378529430327129
1.7213292825667486 3.694424476717697 6.790429998128775 1.1996630935579682
3.87744836898694 1.88165135461177 4.933313915129591 3.9448363611695436
4.604521119258022 8.407583409305099 8.395004209863256 1.0598288990580076
8.690444504618748 6.0058734017321544 4.537166976343646 2.3577039017127133
5.448802427132335 9.957149724989932 3.8688256084729975 1.6743898050450694
2.9557906373883105 4.312141524432725 5.824547385069203 9.622666017728083
1.284455870053371 7.209089245032307 7.131949971332668 8.44452777993738
1.8964511836055782 6.2111370192750215 5.470751357572328 1.2963335655970338
7.854379046872347 0.2215799756514789 7.244573385662998 9.967481074858803
6.774508341919749 3.5029191979330307 9.462150927635875 2.189697617045533
2.821486562763221 4.338855023469975 6.072127333940502 2.6207284752909854
5.354114517221253 3.4729668598442727 6.843546145361277 3.4999693834572025
1.4038025281517301 8.740503958051676 6.830134200905481 1.5923115231893745
5.429166949535526 4.599877737264586 8.788925595567312 0.24747998353500833
8.199250498704902 1.7598071114881444 1.6740373024307273 9.479296081031043
7.251933896937858 2.509170043994479 0.38489267030611884 8.217481673082215
7.3701856458839465 1.6680799764390284 8.723767344694064 2.2739073286587153
0.43587191796066893 8.703707090475064 1.4220233852444268 1.8808726877511646
8.089098293017386 1.8133113001853483 0.4047420563769384 8.851860065921644
4.005272497366013 3.7489941255885624 1.2751054136606639 6.9928141389840315
4.6402515677712515 9.04448166522069 0.9472796281094844 7.744450036598009
4.520742550741588 1.1427708616463397 7.256120116730714 4.41322429756709
4.102778920706543 2.7496086362981256 3.9138323008464253 8.060792444648872
7.596538982574488 5.487602334664576 6.1595048437848465 1.32561844037278
1.5355135206332227 8.665611607305616 8.54112037215175 3.849058795254458
8.840971405196695 2.1206335109822994 7.208462652088716 1.4742524027415205
4.091488814805981 2.8958566182632595 4.683577815125132 7.1097838131850075
5.8065917462707946 9.04985532702409 0.3424566852144091 0.2747629639517424
7.996695177593896 6.621782741782205 1.7824367337702856 5.162932494914376
2.257672037139458 1.5296916770003013 6.0551186494541165 5.192163374517617
4.1502477629809285 2.2647921022062167 1.4636580543158706 8.790424492335976
3.6641435275818552 5.3166092629466695 5.4809772272666395 9.326410058181828
1.4728390338650992 7.087176948398626 3.7974633480067044 8.54690090746081
3.8185062705698667 0.48958831863468166 5.472378263813997 9.984964601075035
1.5488422560502868 3.2791677301351836 7.506736986911096 5.769695267109129
5.7046794436300825 1.882279374364828 4.302724662621674 9.338776925785648
7.869852530471946 8.661884432917434 5.28836986840199 1.726777251408616
0.8693109101893635 0.47883491668124556 8.518107401432495 5.751279716217256
5.294398627068008 2.833912372119704 9.93274812982016 1.0538062717541599
9.917723710874032 8.158358989914031 2.033284581122753 3.5697959774219887
5.179518528010118 1.6921492656092503 3.486526086073491 9.57368575779807
3.3696412943582144 4.457003671025625 5.927613093745339 6.813348857048747
7.224621921632118 1.3050166370475234 5.045626840506594 8.953678007820546
5.539842121230867 7.198360741941342 5.326613156585165 0.11816271633565467
7.5906709047827565 0.8719760427535448 3.710081543903817 5.167084690257228
2.72421403014432 5.899401050608 5.758349838342599 5.883713047703195
2.0478782004206155 7.775011182070013 3.2562891538036727 8.439396472901432
2.5496433293446064 8.496406629808808 6.789689656891788 0.47722139340527825
4.922639414126202 6.65355286740315 2.258907331435221 4.091997821592259
4.939720870505488 8.024300538579539 1.0042198298625227 6.833207324911656
9.028314991942214 5.526611031213918 4.693177585150854 2.990935875042559
0.6600947561231658 8.650854008645018 2.804563668941744 4.322364683419551
3.921754103752727 7.5614048459128025 2.993005253570854 2.594750894150871
1.098898143961303 6.796838073746031 7.319151508707821 7.445313618424189
1.3577942501073221 4.6227071220923 9.722012435195971 5.557468494355555
6.8118375753895 5.11901296911971 8.373947358043852 0.7894676619766896
4.487235709870522 3.8555979414157564 5.717343412611481 3.263145538026733
3.8316311059244046 3.539683843587917 4.38867702953021 4.524249316489848
0.8226097974396795 9.706700526819727 5.045445015652907 1.0131435688033568
9.78269432145932 1.4109532615544627 3.5123953656904385 7.7010596473587345
6.539075098649849 2.334401175725367 4.921139729039543 6.437114720136652
1.93259936228455 0.8565938841799721 9.282829204861269 2.607681522066165
7.641835031446963 4.504650742317235 9.777828864294065 0.7676103354705512
1.2059524719966461 5.404598731141211 7.974041576153608 7.447624544961757
8.67705990926527 4.944367302044846 0.1451374160114529 7.865504249095801
6.053272775212133 8.949021676205803 4.214038703954787 0.5745225912948415
7.787584588988121 0.2730002203776962 3.8638043985734236 5.584564253858888
8.980165229628367 4.334433642887611 3.0641847210736444 4.869357157689369
4.93349215336691 7.727428464725946 0.9433352375387525 8.930206455006312
7.1062656951966385 1.4248327707813195 0.6231948424766758 9.869153438536253
7.06017451698663 0.16812866419044514 8.823352364351356 8.793706990835188
6.6918049423354224 7.385110001460442 0.4222696615551289 8.674817227554698
#
3.359357593932505 6.253965199483551 2.403185652488187 3.193269528970883
2.121130439446105 1.7598401009826543 4.165272578391077 9.78471913697075
8.476037935802257 8.639535693868421 0.5242834497648943 4.453614885593675
9.642721650375222 4.154017467355359 8.23005074425136 7.252308239648656
4.663208381206078 4.711529572718201 4.131063802582459 7.817116262616384
6.396346636127296 2.3295576669926654 5.311624898845708 8.182212010266309
6.367192679764049 4.968584128846085 3.506976587664563 0.10984875519290682
5.565053791509721 3.026403449470271 0.5948581943858544 8.197625217504712
3.496661721017831 4.166327052823344 5.3196722148847 1.2466015799195969
2.4746285933825716 1.6713408630390973 9.785902517530113 0.14816484292926368
7.283038267268109 0.6932551635064312 9.562981326066186 5.709157712189285
5.564507655406954 8.966427859667789 2.395777821388509 4.102743105253378
3.2418564020869916 8.023815764503976 6.22962082882403 2.6499918995192253
4.653358624480515 4.861720435463758 5.142128683950782 4.920533975812265
9.125700606702758 0.21898021585517036 1.790656848191436 9.673227360035114
7.162842705941955 6.213544549342139 3.4726286230195846 3.61156298480033
2.4396553473523013 0.7079058067775108 5.3136356975100085 9.370634817476532
1.7866038817997563 5.2134172897002236 8.811043668622395 6.162258662123293
1.7359743108008923 6.220674053479609 0.9999394498648906 7.846521814585785
1.6140390054239049 7.979623390787659 7.213980707471254 8.774906720017295
1.0974253907677305 0.852262991900151 9.392255454962667 9.97414631501868
7.917619790292257 0.9739416605848676 9.550022768182686 1.756800876955222
7.052265642956426 6.909337493954072 2.235802355708042 0.23017019615046852
8.446958777447454 7.565836854957937 0.5350334195385296 9.545445948349183
8.148340830485882 8.184179905530574 1.5851652453968215 4.472020547935278
7.07876788890659 1.541119892986286 5.7998535060207015 7.670477609154879
2.192958930074926 9.886944159827415 0.3116259165484516 1.4462069275081637
3.175868508761252 7.636348239096428 3.8064864034895987 6.114691510602062
3.9575138813833504 6.896263963809764 1.173166559455722 6.641750140439661
0.9613585979238515 9.79171088830142 7.060156567769627 7.048261676751604
8.162614132210756 8.36876391598926 1.0957172739425944 0.6051749880321262
2.01845403538748 9.40064295787612 8.783594998515582 6.390627315323946
4.359655847123278 7.322664615575379 4.555245917757332 1.3721541953557526
0.4646101771887876 7.80206304009819 8.522548695111775 9.199261423817198
5.123705471161219 5.122652043209563 3.3692238269651362 4.730775268557662
4.756391880732586 7.024214462790223 1.5281580412243856 5.57685029260508
8.594709899729283 4.123639838624196 9.408234522388838 3.5601472648349928
9.72025516374741 6.43906680294058 2.926641360222511 2.557566296287711
7.234947405216505 4.467685230010582 5.7743756700829545 0.6102780838870157
9.993790775291572 0.3832755097032692 4.967735119587214 8.470592131377336
5.214274981982139 2.4394638022150525 8.235913944613634 8.036880466408768
1.1637461525187232 6.3898643571976255 7.485267231644892 8.615058664503753
5.9815991130032575 8.967914491407088 0.25157138388640465 7.123818296048283
3.343777611338016 4.898436230758306 6.284899765657005 0.6517478400612591
2.0541987865707365 7.4138456998075934 4.2582867278503915 6.822283279772914
2.5512260851685946 0.5594369301827236 4.437648880734958 9.660976061693155
1.922806869254635 9.9481087663905 8.339816369858994 1.141619163633235
4.227729316516251 5.457911632863784 0.1877917006466978 9.853138726228647
0.7984996540351998 6.0155816576829135 6.7399414945603215 9.232739458811176
3.212652138588636 9.40389563628796 1.684267279676689 3.1168403868719095
8.139664480483546 4.806288004819371 3.0398652953770626 2.8438841683077354
2.471521640853379 6.141319762959918 3.4837082664560777 7.503626302549063
0.7429108967056752 8.43540639446243 9.251868011057812 0.6292921479277522
4.6758101353016235 0.8535870872213467 9.106275824377377 6.703955001745828
8.166591415465016 9.189738205922707 1.8085175246369363 0.10469169182579208
2.697295494668021 4.280621572218514 7.551363640860972 8.193904981236884
2.762968263638431 1.5541118829287845 8.357229078842147 6.215307014008356
2.598730115929788 8.471840857044292 4.7048141982999665 0.9146342943340153
5.2659107924941715 9.785447605032346 0.47865325087417165 0.8982595696459192
4.3231263530378055 0.6309986097461069 4.016795740245561 9.820345426087814
9.193248463781377 1.0016676549687205 1.2243128129686953 9.041482495584404
0.7869574500333876 9.624210180545742 3.766209506130826 9.155390467170019
1.1195795166933857 5.2145747641019 9.211854414213882 5.138705159511582
3.851921108738035 0.7570886091112827 3.32761400604565 9.509910290446111
0.4625693256297536 9.81949932576844 9.21526822528459 9.83881546312217
4.399378732114419 5.113154010000441 0.9480412124418747 9.995495835655717
9.34771985404606 0.19659883537017642 7.4173678124014675 9.4260684098527
2.817252527565521 9.458095349652716 2.109849652755039 7.096120480575161
4.057720920817861 9.992547093015757 3.994855679535506 1.3180265416316743
6.599634362279818 1.9097267767087849 2.8254658075923715 8.586504069537973
5.490529700517778 2.48442911250387 4.1990117840583 9.23676981292357
3.1889650292086795 7.654039281956861 3.0526011580374557 4.712915235213683
8.894072113382647 1.2904284760450073 8.89152334531339 8.00620748350774
8.956946899766788 0.7805539844628777 5.7649474629468624 9.11345850079401
3.738162230674215 9.553417687281831 3.783500154906301 1.758121210478274
#
