#
4.488031247197192 3.7475499754300223 1.2658739471845033 6.734002505029553
7.954968704051564 3.4130460346730063 7.62562367068036 7.082241001313609
3.575828497886152 2.585938759831697 7.170269712531071 7.796212798577317
2.5795062140863165 8.264328979634291 0.7005925300416047 6.1821012460701406
6.155484613335106 6.8723891102761 8.76963225719976 4.262910560940604
1.0360879097567137 9.69739394654692 7.5921384094381095 8.778892541078127
9.106279768272369 4.21611499063813 7.136372910110833 0.4139270628019993
0.5623016754659593 7.970416334509015 8.204456218810392 0.5002962908824662
1.0719839396239217 3.8177444511250926 8.68155676553295 4.840120301160524
9.896462198334389 5.311014079177057 2.7657569869458105 3.5871407043508112
2.8992829663560915 4.526873465738462 4.175885968614809 9.025579198886543
7.973874736256868 1.2026566366322 4.273173691337735 7.360800745526981
7.554260787857757 0.30523467451688635 8.985419643352603 0.9348551671916745
5.064257480044444 5.439893438036063 0.5628359821887763 5.251961724576997
5.757297410771087 2.6701009003725136 4.083860040300959 9.707155607584202
9.135889220304296 7.064300919117942 1.2706551373053 5.228025200142996
9.034893770675383 2.102684434585432 1.5267229613328168 6.472275523613737
1.739758398521169 9.515168092554706 6.436977707242355 1.1690694265111974
2.008037019324963 7.438441046021982 6.982500192041625 2.665962800247586
9.267102862502705 1.1157471756138246 3.4681229523425277 5.513296008380897
8.350230806600356 0.14127439276577736 9.465358042650706 3.6175172727712237
1.2832785978059462 2.482324515523464 4.584485793866795 8.922972222131904
4.998840287455553 3.490641366467029 5.004171057384035 8.273379688482587
2.3602750676940834 4.286225911540963 4.808834755993177 5.34069098310794
3.9920994547526583 7.905587676622809 6.202586726390893 2.226341991190878
8.311841142517943 8.672762686461853 5.498272836452413 2.0151445289294103
3.721890605071534 4.940497024890616 3.5816870144409325 6.04314337074597
9.783593776154703 2.5833415401711455 4.232034878894229 2.3932495841624326
3.591617055130567 8.321985702512782 5.264064517178122 4.866611349307143
4.052712987852914 7.964500828556368 1.7290055843486924 5.65622562568314
2.9192741735999643 2.3623707488440835 8.65761832792955 5.372698927210341
7.364664275877798 4.947139959339317 5.043010733484525 4.329878139910259
3.1760903372955713 8.456867780188766 2.4240712180207646 3.9156078626554476
9.166638962788657 2.8417296837064736 0.1542867959952643 4.264548263911751
9.18081589379134 8.017343109046887 3.744997274990891 2.0423111379361503
4.0532467598103095 7.64704128401285 5.564820244236574 3.7454719484540333
4.531386482525008 7.07757291868971 1.7322220808086497 4.144836089037088
4.163921320674457 3.3492293120127234 7.8561852355269215 5.0720023240013985
3.542432484843869 6.4226034201385 4.279783827608866 8.181787620888041
9.5143589025746 3.9662624224126946 7.601054594817351 2.4598506275354532
2.6167882014919974 4.567192923048789 0.4068009263036769 8.523355372616406
5.587937819221508 7.8059087595334065 6.177305667993451 2.6901353406347646
0.730147382984903 5.591731080934808 6.320380932807545 9.603971337725866
5.853954439913843 5.075242963276161 3.553776355414599 4.771772497245523
6.8311071028656105 9.709469277099583 5.581063983666493 2.772016755054243
5.0662013684902805 1.472499702154309 7.6272319546382015 8.132910086629659
3.797078987664328 4.579503416695982 4.629419366288795 6.018105817322644
2.745214351265508 9.304698900122824 5.453990200325844 3.299216242565125
8.618578969959305 4.298211293166553 8.519521461815927 0.7038638975829494
1.1812936730988537 7.797797670412761 7.766412638131625 5.324625267548166
9.10201628409606 8.459691523716248 5.956511937036764 2.1263673096374527
6.324685066071033 8.647378356102244 3.6391481169008526 2.821118791674058
9.742335061005395 8.167117421798668 1.7322287815115942 1.3206958624233245
5.260264958140968 0.41655141489267056 9.644688533734225 6.425804210169195
8.703741078044693 5.267810961561699 2.0769842491780834 5.269187666736354
9.092836791286906 0.9525273249956143 3.8762584513812923 4.451233559032258
9.808487664386277 0.7504933379358825 0.989605174921361 8.645378344947328
0.8517829085471531 9.851563288853868 7.061421435515261 2.5869572390189757
0.9659822420021476 6.821281857758593 9.533425587993912 6.507919340128526
5.806949612674524 7.69776541859558 8.231478989748629 0.19637508905641088
6.949438395863268 1.5207104046760844 9.99846159858826 5.7693455558780915
2.6130963515870027 7.459188162630701 1.8358453907738075 6.342075568459014
5.764636487633604 2.0425434013112778 8.948363320040135 4.376748552016622
9.293309270228098 5.874642324336953 2.2986422624785083 3.110930007291243
1.326278442325135 8.40381358276443 7.8822222885750755 2.310760404230272
2.772948438586422 6.797510004194339 9.374847028712939 2.374596306990039
7.170476009817905 4.691193706854524 8.072903821157036 4.859656920914924
5.894923273018776 2.9352878578671455 2.701079425646709 9.396601968385884
9.087865167050126 4.689618589877993 5.035557228346717 4.427118978457786
2.0447116837824484 7.307944671776598 1.1575082314218177 9.786681585464786
3.6479434729548967 3.681355381438358 6.803984035750382 8.77297750765527
5.8936781178330255 7.2356826777070955 8.781074483117806 2.529663624167364
8.031949041779606 5.732784549818091 7.345257710152133 0.40314658373900336
8.409636373761957 8.14976870026434 6.663454042285088 0.4742706315648437
7.565476360827562 6.113278611950408 2.276678692835075 3.1437144884126527
1.3675231037469397 7.693837036412171 4.362711784875186 6.28017916307556
6.08806647375181 5.00547537329967 9.044552286526782 4.0523574472177675
0.4122639653883553 8.643255464521529 8.690054725166423 3.798368991689842
6.8389950426735435 9.503567944875353 7.52168681991093 0.24473610906739118
7.177644095436587 7.078067715006896 2.211244244841217 3.621814066840292
8.065434254616367 6.549850370665046 1.489893270223376 2.8640922989961903
4.099164803104746 1.6066658971963133 9.400354730838526 5.557616983961225
8.507226716088416 1.7179717186763814 8.626160841848739 1.5646149155485007
3.7882110141539505 0.5654261692230182 6.663830627783628 9.443283640568444
3.17260176970684 5.099287517240571 4.300009787653109 6.669526089290047
8.446412042038611 5.493106511501387 7.384100562574831 2.011045381394458
9.655521751731989 0.28257633855859154 2.592937599109238 8.959308504548229
3.673408324695986 4.191338100782907 9.291987498370462 1.5957096739312884
1.1638424656153283 9.496345161052036 4.310674755079829 9.870988271716282
5.665808956282168 7.026354658551597 3.7908385310417128 2.922039625391373
5.020132355385025 9.979659006611831 6.479631609243721 0.6044112231476255
5.468048906679742 3.686690150582392 0.5279284316296522 8.062698005166068
6.271761374460012 2.5760930461171294 8.88015021708099 4.682197454183409
1.997111978416124 3.6503413196188257 9.70004301079317 3.4524539820157116
7.719645281315232 4.036031434588607 8.704385839182507 3.730469948165228
1.0863514015535705 8.597345521079223 5.583859269375415 2.066846986887242
9.133819675814319 8.47707665539977 4.267965668513897 1.3739877100624112
3.047621966408943 2.2229054433696214 7.59797938246 9.123628434486136
8.9585233559619 1.7628638698283727 8.474892618093847 3.021723108732077
9.16122872026433 4.389630417162466 4.316238145662061 3.887403963165684
#
4.324412466183866 7.345938952894867 1.808200480197137 5.351428602566344
9.41591291482698 5.269824784416665 3.1406968347939417 6.5614465283489425
0.7537680523711643 2.0632965893515607 7.871684904192035 7.879497100931941
3.312133971569625 7.299382701644065 9.961572539296833 3.509663212266672
1.9044747210234574 3.0591620774495323 7.869616493773558 6.341319732854916
2.735315354630657 5.592641030401606 5.551653955341702 4.325381682411623
3.369367455276513 3.348457230603894 5.6315594691507425 9.629770572292564
3.480120555202039 7.5677547634853415 0.8857726656449421 7.349015569011451
0.27150570545846175 2.855446861662307 9.313659392661336 9.56060986961485
6.63013305314354 4.944261132668299 7.30287407444624 7.523705209017197
3.955454610382545 6.409483595904774 3.6257223630500306 5.586879115071352
9.736822650625097 1.8347943116409686 8.597697495843214 7.603665149038114
9.669156407546055 7.431436430355868 1.6746654351299313 3.8679839107482654
5.405420843082345 6.277487670264088 3.5756046155760073 2.3046273801370116
6.79947810230066 8.329730099295203 0.48640932951504556 7.990632880837804
7.316574577862996 5.243369830631038 6.4170341563567135 7.066836064499066
8.997800804406358 6.9825170094921525 4.790101794162789 0.8775682322977962
2.0935421056681176 0.27453619575233557 5.204793902219923 9.75361537516667
7.287802190458821 6.138400158120413 0.5351649902726434 5.477022671542834
8.342434030466814 5.34740177513971 9.644829882377486 4.612349292114923
8.842289864735745 8.717383430331802 4.464647089344134 1.6128504754423276
6.167315161930703 0.7206847710699504 4.329939849995994 9.794770036950887
9.977455194510393 9.832271965076744 0.18608540248500294 3.9817035112138144
0.5377204959252193 5.901447844517288 9.67201505604247 8.487489102905963
7.020683943776107 6.2289961306096515 5.460296008971123 1.7556579910464714
9.808093533049824 1.2917598321898276 8.43645565723685 0.5583818356991701
6.877062644280275 0.6544588333704642 4.326099376793974 7.667529408195412
4.649989351071414 7.584861291603851 8.1675872224424 4.033859524010648
7.208368556424595 3.980715239357835 1.9891289172086695 7.651501372852712
8.255240998558058 5.968145643551402 2.272362543484746 7.544646403983851
3.2743902925924373 7.859804417265067 0.2038441554070083 9.327684072260205
1.4131136285753714 9.388040883382327 3.5434241174239256 0.26312109304431797
9.997102213359229 7.743767459246742 4.322379230422056 2.28343248968791
1.401110039570161 9.364176605295896 0.7113673502722211 8.234900458106981
5.378665058391324 1.503778205475252 2.962965266968348 8.526660845283573
9.603057029459872 3.350962456781641 4.688492696601546 6.602544339036696
5.967632264135785 2.446257531292796 8.605305670354355 6.183517862724494
1.3895004643452116 8.646250445930345 9.497225099114521 7.478856129531948
0.2973872501047756 9.130808552326823 8.511623340719758 2.4526805665117406
3.2036915561542125 7.2339009384354345 3.9113816622321913 6.582236052777673
1.317345296583917 6.432535821172068 7.409825688335072 9.991979822153688
1.9867468461247033 7.59603807564034 6.789280522158202 3.2940415941746997
4.035931587891171 5.435997144083026 4.64098166548437 5.978366094135764
0.36602237518318503 7.331614085492122 9.858197362792724 6.797062714408865
5.75865659085304 0.630631979643514 6.847472858707763 9.227716397977833
2.998914492164951 7.7452512442821755 4.521421527646347 8.508832344659332
8.96845221186952 2.479261277762535 8.71457249351418 5.932775371075323
9.933944478441017 8.200507188227611 4.771533376425862 2.1402000338049136
8.972921530022965 4.08995564694981 7.112261918457752 0.37758779307538326
8.727181381657063 2.638324115539045 4.362295253321597 6.9605032894551995
4.918625806008611 6.9130813820667285 7.087459876187486 0.44188684187640526
7.983782097821539 8.937160450054137 2.4960369359110564 2.025536109059009
7.6852717193857 3.514803822376952 3.1553577123687964 4.998377192124812
0.6728875597759352 6.9705650760607245 7.075876444537629 9.232901644865727
1.505370780698808 4.575539237499595 9.035483474024916 7.382229960042105
9.220682019849932 1.2522659120853672 8.923434980929231 5.068498285095789
1.5036014101825654 7.6250900692946955 5.974494291056063 8.951981784916013
9.470510099507056 9.198535041801756 2.7376515396143426 1.9088108871967555
6.77464908203684 9.215422834727313 2.254457354732895 2.155936485995989
9.865246198027219 5.754976994452294 3.4811238373702214 2.7811149358589002
6.956006449322683 8.021056782913174 1.347838040487337 2.158933763208085
4.361868434448696 6.367841536928397 3.9354613147874966 4.9599667989672085
5.090445516733556 7.824169735557905 4.35959232298415 3.5468687973676407
2.074102896201448 7.340229949376134 6.047674352884682 6.744019643332348
2.1337909969929116 9.354222080647997 3.5620171159300993 8.470479800673314
3.3887355732123217 6.566444664964556 8.203023676749558 0.19269571854795675
5.400928313343536 6.1923818600695535 2.6972421356819667 7.49777334110061
1.9120606128736535 9.505445762131234 0.644061036592829 2.068487916891111
3.520115280819618 5.2655760385598 9.344564996216112 6.005396720593654
5.028033228679102 0.9807147758385897 9.461882562984684 6.030155156431755
6.009026581505086 0.34391976422488657 8.966593897416395 8.138396985011267
4.895723826774797 6.190309270643701 8.262010257507677 2.5213084307665254
9.418313598974681 2.1707420775482293 0.5261746430714087 8.840483904278484
8.666409090072012 9.902758560993885 0.20069849923036465 5.514556867690886
7.25727793227585 5.094343253631225 8.871254521054508 5.826689487084907
3.7325771705672555 5.443301150014927 7.491978881145357 5.9353349865845715
7.55561864946634 7.684491003359317 2.172900024294597 4.006065379305758
9.873743680520855 2.6247369316813387 6.9069525761662405 7.5470776780967315
6.285542062724834 6.871242605480655 0.7279482823512389 6.099730064894476
0.6856997625054086 9.764281691032062 1.306642187935449 9.571270259265152
0.6939157347995586 9.096943773596301 5.412046761848509 9.408330118623173
7.852414178103771 3.0661737534022357 4.431775505999516 7.0258332922299935
2.7031136387384294 7.099697169207431 9.925145005615228 4.9913914315498875
3.5922917469968763 8.2976578150754 6.026073271216841 1.2776851612440505
1.2301108111348258 1.0426311957399896 9.24476520831109 8.705716812693447
2.3976295480848355 8.339952926358663 5.3005877738703475 0.5482580601000819
7.595995753106195 6.899233578436364 1.3145484434591017 4.5738160665668115
9.996029854250613 6.594241349805203 4.568303794487916 0.14432719568589825
7.165976869272063 1.8169297765863428 3.3225274349033196 7.620467105198294
8.22844405997974 7.294959124374427 0.4690849052320889 9.919078522936692
5.190951116625441 4.069487894563816 2.231745551452447 8.407339392615794
4.474179423606065 4.315869484833876 3.2317717265993755 8.272972628270036
5.552459706226936 2.679811954621647 0.9815869160070045 9.226684028719712
4.026914430963088 4.744221737653534 9.482603058878473 6.1362847344452245
0.3546078879164076 9.493851566022228 2.5369851321417336 1.9573852486459966
5.718931170336187 2.33964361254816 9.823574424994545 3.5189747736949877
2.0567535338706224 6.926920355152553 8.573461131663867 5.406459860027875
3.6708655819578246 6.672265966847135 3.2577145664272162 8.864567129620017
0.5285215902092215 9.882644779522122 3.613380924464059 0.45243723811638414
7.835281637796499 0.5658728435672522 9.615026142230496 6.212071378939336
#
9.144491678172372 8.290468951976036 2.3553601009318044 7.040640232220907
8.420541538454252 6.32842838023287 9.154310243321655 8.11665431958778
5.053752236907313 7.549394558509671 5.723181617300301 6.230150908133981
4.563500496887951 1.316961129863504 9.224315312941165 9.200615848635932
0.7739289992311802 2.5436209717284934 4.411971881557715 9.036933543483478
9.778573658836208 8.984031390010852 0.9833523287981167 8.822684440033669
9.313782690666566 1.7144129815661375 7.562675824275398 1.8257775880572797
9.86254164034327 7.455093309354291 0.5694638971051811 8.575541004963577
8.30789397669907 8.376446630346226 7.699812267825429 0.28927865040937384
8.830190186221197 7.950670035998494 5.58348026129731 5.229436681205275
0.7638917034989898 7.526175765338395 1.528882438614704 9.250983059569492
1.9697773746959344 7.469465482751715 8.105879524712423 4.866587275643038
8.590267584924648 9.243973693250208 1.0985886761333297 2.2426779384707745
7.617468975127551 0.8336513134845651 9.598273361438949 8.030554253696593
9.339745505826954 8.130473792175874 5.438675279284054 1.775626295578113
3.8805154077314103 7.231092389622026 8.360317330716718 2.59462086317237
9.88742639376722 9.768158673499283 0.7944225886241583 1.2727936273493783
8.2416605453686 3.7310873832509586 9.660133969809426 4.055283351686151
6.487103162714537 9.27566155258698 1.393259809944606 3.278397621826361
8.916047918090143 8.732243710868584 4.608876626882441 7.870801900448464
9.931402067626221 1.907998292697127 1.562259921574094 8.143394598386575
9.541006565534278 5.236436347986207 2.3510981726462714 1.166423988066712
3.9809735679372613 3.097641884080982 1.9788148319648609 8.298448440397262
8.874759998294703 7.2332268205199455 8.149505351344008 6.9337453403472304
5.816859790977756 5.675399400183325 9.270361241237346 0.7298179536545222
0.7652355344303032 8.801810715406159 3.1204553066218397 1.6815934318191355
0.12176302223740176 9.204758291424895 6.904958389805387 4.867284512942955
7.497864686871847 8.905407220254514 1.6812170099772548 4.235901440350782
0.8687114058804486 7.16588229416308 1.5750456949055764 9.53003949482926
9.157191676974108 0.5071945158897879 3.72509378080142 2.318773884831176
4.918553382174241 9.913333574883485 2.3648328457295036 1.0970512047985217
8.678777276149201 7.008587665171033 1.9440707813236093 8.040082558777668
5.936809470850697 1.9984020976928063 3.1721505890419124 9.647777237393376
4.263017998080006 7.413870038549385 8.707262835664968 2.4799954346218134
4.590809434172885 6.662575019316882 7.7835505721935885 7.055132495031025
8.878761292977437 6.67980901983795 8.326695619005871 5.0622549863793544
8.150169255700934 0.8512667216130687 3.2352739745018244 9.592187896892938
5.70542194467397 4.604666985747094 9.935934149261083 2.6567183380496493
1.4062485037036816 8.085010820425817 7.624948278086946 0.8812109575446714
5.0222889490826725 9.085642702699555 1.5266856291742723 0.7336294527127469
3.8401110979006883 5.472776426636329 9.672746714256412 4.380349203671876
4.524516104505052 8.262593811054852 5.405278839812446 2.0081881896728153
3.751094979211011 6.8327314413112425 3.3579320683628158 8.635252400321246
6.406464577712226 1.0147347448777246 1.255959389336863 9.010177044235212
1.8047295206819491 6.2261029367279495 1.9984630355957105 9.717368520742134
3.9471944853656913 3.344640944012124 9.557722645743684 7.714584021634558
9.174287438328445 1.7249517950636686 9.844172491876915 1.5873535239457506
4.734286563676848 7.890424013519759 6.0185412247126315 4.74724890179868
4.2236243003917915 8.601673310797585 7.164122118385071 3.4833779842670487
9.171024278975331 7.876260394027051 0.5074629404715871 8.974410757218584
7.476098146016266 8.174696887243702 5.098467947740216 7.0020710206479
7.081690121472741 0.6612466961637242 6.297080380457239 9.02076734042977
9.382571703715383 1.58550896356709 5.469352775420843 0.15218468613507774
2.234055108806131 9.382810063877333 5.114255343252852 1.046180219481741
4.6406304744283275 2.3194091953731624 1.354664680688796 8.759394357588466
6.883912194109036 6.954614282051244 8.904950272421107 1.6930861123937846
3.96006727102447 8.761316855417405 5.822693429415276 3.806798026514425
1.607915664733833 9.355609792309256 2.5321905613602578 6.194549167515838
3.237531820961165 9.948795757861529 0.7932691065229633 9.59554512194487
8.872891855221916 7.613677481367178 6.413106739978097 2.041652092568495
9.618437021311475 5.59656759161655 4.944488919688037 0.46910387096439976
5.259867977795626 8.796465592097134 2.8831818917377805 7.847184979030207
9.591261720061595 0.42861571129844833 3.7641993090776253 0.47939222292727557
3.1089022667051527 1.7633537172603773 5.632324990463053 9.480461673725038
9.410014496012593 1.2994490559327994 6.082589145827244 0.5975915256765649
2.544557889968752 4.962044789062823 6.110264415866757 8.444668388668138
0.6008917521105355 2.6538087577567917 9.00493309070704 9.848088659741471
0.9743812677274413 8.79259518125155 8.966888497843614 5.426777133573028
5.428232640581725 5.831912301243728 9.172691477025555 2.8464818051775174
8.869248134204943 6.019678820592742 8.369756922363248 0.14651694483973898
3.7200926384353292 8.44180033337134 9.282495100943487 0.12264183083843427
9.391880275528385 3.0505462827162226 4.493373620613332 2.087935747145194
3.3011184538833604 7.266077199954557 3.191065306575285 9.160578512356285
7.411417124877083 9.452799244970734 3.0421227568975002 0.29433651248559656
6.965616096373558 2.6110679840345554 9.420007012055724 6.235678861286882
5.120811926915965 0.23826770637842465 4.168007345711349 9.298101796453842
3.451164535805854 2.8865729660579404 1.7679393676384207 8.80201293741167
6.680428759947054 8.195014121603457 0.8465577086891409 8.920580942479564
9.971049032062536 0.32253733015911035 3.3513149501758894 5.049462901893878
8.993873657715477 0.30595096514000275 4.772389570442584 7.660664894154916
1.0027716021176358 7.798773375281312 4.885015847611943 8.52135036647584
2.5960160730746606 8.235847993284894 7.132063424583073 5.2968265358467645
0.9479001795868154 8.320525020726613 9.474710121779868 5.2834817736021895
1.233331085528091 8.54637325534047 8.596911980758168 5.529067420861466
2.3536708138425997 7.980271865318127 9.629843745259532 4.2759922001571375
0.5487486451395664 8.41268273414175 0.9477194058237872 9.78545366954884
7.799122602457442 1.5401224425272364 4.848510470986019 8.5216815983345
5.782587295103023 2.4733596872359884 9.441146584248903 7.03681651884383
8.519063642683687 0.8375797625136512 8.608685844218984 6.806377316163009
2.3233816841788077 6.141818162028636 4.450031830486848 8.840306062505187
2.66662102502692 1.8083550504544643 8.821775320375286 8.225988484005441
8.483200330318232 2.15100044901506 1.239413562763811 9.668061173385489
3.2635275772105734 4.792980544768036 9.260272338336863 5.7148756914690315
3.831852572570055 8.670145194120739 5.705749048235767 4.177235993143924
2.3517685034083593 1.7714740702699574 6.368843788751132 8.54851557402837
2.6466656793366803 8.043350586340146 6.595152331922471 6.82743533432424
0.6443178784321795 4.395676205341163 2.9762516083955415 9.884495720205479
1.4839384935875275 8.151230357075397 3.3575503541872718 8.409725163262273
0.6163583529103445 0.5670100498984123 0.3433940137488287 9.981955955487667
9.580784697325617 4.80899436042155 2.9106102038781643 7.736192878146236
#
4.99895521131087 5.54904429085996 4.685577418290912 4.980100516586122
1.6173740976414113 0.7120157095515198 6.3550709375657775 7.835181394635043
1.0142285571350316 6.029342674878273 7.286095039438479 8.569442839738784
9.45589037120945 9.4095256259105 0.1241161768031569 5.631091855974191
5.780307431060427 9.387553387074162 2.146343405148094 9.73443036828759
9.737798320918298 4.049113064585047 1.074942234280738 3.660915937044405
8.646823269593721 4.058566606233028 5.151159986807303 5.147406876296133
5.554471265548949 4.727865372476602 6.040621096615358 1.4286100563776234
8.048796695028152 3.7139619239754884 2.5701486121211543 9.60802385463799
3.8637359532093942 6.988016274324156 3.0595096334837164 5.902611429535926
3.1862856239397743 4.1641472014398655 7.005114910042638 2.560023329036781
9.875748850318079 3.9892877872426267 0.12954973463889807 6.39193782253236
7.637994795662349 2.9702762916964187 6.599998569802846 7.785203126430326
9.659882556300118 8.645066915544465 1.0185372520397733 3.41609566818599
5.248997801053104 8.171306184032305 4.278007710289212 0.2624715144076548
9.243352978116217 3.3355133280589975 4.960082612561546 5.128913185111925
6.910772248837345 0.9933371806385312 5.149252340243955 9.526744357886898
7.1980907130632765 6.8345236799643665 1.0432362251899283 2.347536761708915
0.5540068437121821 5.903064885258923 8.714845373706158 2.808402837500535
3.3672329344826823 7.326244727167358 5.416694168412754 5.203743657505545
6.250149032752995 6.973687529872099 3.1323301001410764 4.149081116891252
7.0308087750759 7.479141625116846 1.0248656752693615 3.212682016301593
2.6960324501958746 4.864315472267176 4.684227426032123 8.688221198934649
2.7427251242549913 2.158791589366456 2.6936415116869936 8.922491982037316
8.211731467270695 3.500044181465647 2.3810365330732974 7.147845347970222
9.969602966429573 1.6522777504060127 8.12697854693443 4.966678974013002
3.0379675073986796 1.697919997653905 8.449313255096627 6.437013299108253
8.004162904725913 4.700714326987675 7.812642569528577 1.7942920267917892
6.662785274328847 9.794126598896488 2.2452768016129907 3.561891185588178
0.5014723068921523 5.390710050226354 9.781573898003337 7.226880413498003
4.51175656925462 0.675340819201744 8.352693196223745 6.15274436236423
3.2102213139553135 5.503668126290121 4.230507881585627 7.975561437109849
8.057005109150662 4.052318833466227 5.62019499858613 5.3682788120858085
1.1938389034112538 9.25460184714864 2.526244737435189 5.795979695265642
3.822733706485651 2.3425380234822017 3.438657324548964 8.04103517653212
2.740551076920365 7.501181304327021 3.753590678727159 6.25197156171826
8.399972888280166 7.331186909340598 2.3212577088669075 0.4975928280846196
6.055611675513352 7.705067375361702 0.9490176364777181 3.929054059758562
0.6678636045935242 9.002184004581576 8.573489264474132 2.7908216774093035
9.312325014630874 7.140136520003466 0.48825797439512275 6.3085003721198305
8.334178893520539 5.641789575478013 2.512164658904579 2.792110061003386
2.502910778381142 8.257822970488998 3.5931861375559087 6.800148610549548
3.142947775403258 7.258459242924223 8.360442786223825 1.3520124654755952
7.975177629973082 1.613229661007232 2.6330727237004488 6.239479206337006
0.2257230477118215 8.055979046436487 8.069016311648072 4.254148258921725
2.0443515861160937 3.0811759911084486 8.996964004856293 5.985487051246568
9.670267053092893 5.87370996082288 1.5218856531129878 9.179666466226259
5.3230655435177185 4.491248979149677 4.3695219072791565 4.726153145794792
4.978830017668388 3.7371208902651256 8.099527067004127 5.582183812426446
1.604976024631172 3.6633786378459487 8.340257136428324 8.570482036476136
6.417212544420551 2.1004755145522007 2.1189828168994236 9.849850425985608
8.276946232706994 5.641652924472385 2.9809138339550496 6.030411357474609
2.623508865938873 1.5790853958877462 2.4947904461167725 9.92009312046461
7.435040355144311 8.4188014670901 3.7042990262746573 2.1088175508796274
2.808786808293961 8.967896224096858 3.6230714686152226 5.880154928339215
0.330581096462109 9.17412553579177 2.897484815318017 5.115225179531897
6.100459639367289 9.38434403618666 3.6239063964863085 2.112493735845781
5.226389949716718 6.181368368498834 6.352688668249801 3.474617042211959
9.339623330368108 1.7708749532049692 7.691874442701664 6.187811157768083
1.606943627157468 8.957318232117062 5.366462718745801 9.464494811397627
0.6494464355752445 5.2669929156817945 6.567629322506867 9.463766679869444
8.142917274146555 6.6072659028128875 2.5935065365032073 8.445188441126419
1.9928020687640644 5.100647308153716 6.254916643981104 7.443539656301388
0.4935514144700832 6.113203039454111 8.986644530467839 9.111762137283051
4.110795082049629 6.3023165337863185 6.1444276190582725 1.4885171528296812
5.8657110479696914 8.487724178409605 0.7984369689245794 4.652131042792957
9.715271477323322 7.129463309813166 0.6392809782385083 3.5208452171811
4.416929551182997 1.9806464519423073 7.463104941326451 6.348814772208876
0.7032568189672324 9.117964049304828 4.530942030223305 1.9253777862934807
7.951100787241268 4.08209128753098 7.09259386627064 3.565507108023275
3.7936853755134354 6.54816744544035 5.940895661849272 6.0267908572630935
3.829949865671794 6.460876991718746 6.016763171173344 7.647030418132672
0.530665856641872 9.906621107099722 1.6250770109181931 0.8072392515738578
5.265843119312972 2.5883194617317797 8.944558793677613 5.1022852785075745
4.254230428394915 4.0772655666636455 9.129876594496862 2.2471465582021386
0.9156074844220665 1.1381550315972775 9.752780502616144 2.6803954597633317
9.43000450925436 3.959189425923207 8.920823278806829 2.258755137656991
6.468052474157432 2.62786759829099 9.944540239845995 2.484521260423241
4.157828125080053 8.159905665207166 6.938236664558816 0.9420361747713839
7.888730038013014 4.172546164929528 9.828252370813455 1.3891447439182416
4.1905096361973575 8.953882686980972 8.602898781083734 0.1969943105352554
8.505977384200314 4.213807311878495 5.6011365213550475 0.9486242358336741
1.0943361108527365 8.126995378215097 6.96101671266626 5.664031098669867
2.8702340406878464 4.849122758954559 7.713209112073111 6.286807428355517
5.659830315739343 0.5581142731961126 8.526701563521453 7.381453946263402
1.520688198080912 4.9666001837040765 8.282607284824506 4.963310698679022
8.577519572486057 2.597773637261189 8.614037619825462 4.012825473482447
3.11946388379891 1.2971530682517103 5.204794227228219 8.81969963991309
5.189734564474722 4.2654782278964944 4.724473945487866 7.074997091951081
5.118854413476972 3.0165592570711293 8.532193023544316 5.469311052192773
5.952938288730322 7.850975769758452 5.866916146459271 4.126889615011608
6.051418430009256 7.101886607183117 1.6073199683235302 8.594099819973135
6.445437410402912 3.5450556060520593 6.552891689958724 4.797973153937601
9.990247078458836 0.31916247859344793 3.7634397278105465 8.315435623625628
2.504392230732923 6.859527974205447 7.491576809003385 1.9575438941846466
9.891948432415246 8.44954686230038 0.28329535371933456 3.785185818498764
2.435059462670483 3.1329911600991593 7.731328223129113 7.2115495785748465
5.745096707692159 9.630676511018695 3.352292538248536 0.41886555463281994
4.289195083603075 6.889586834339329 3.127704201749922 7.708861697385753
5.875115063885486 0.612596483310357 8.499805976857852 8.192624068223552
#
8.099577215092623 2.812484453027715 0.18759808790348398 0.4632111178974645
2.5214872798350374 1.385249602476891 1.2838041684901813 9.529890899192516
6.01791707048377 5.6361037166989645 9.256379727811176 9.293765307577273
1.2973686686128767 6.841544626721075 2.581314276724894 8.088922949889424
6.892723069885449 0.8409543789669298 9.97207917927813 4.143314264200933
7.986210373099011 6.721318346348433 5.30727347802773 7.9397305909985985
8.911671881927568 0.5989298406869468 8.745596192636434 4.044766359844889
8.484957654782328 0.9497654298552689 7.2135095537788025 0.21206775963354563
3.5433967614065383 8.660108488474531 3.7236815644366854 3.789125041207095
2.343023445269331 6.455898410921427 6.636079043030292 8.89419616513052
2.206090544503203 8.01571981938689 2.3183955521249198 8.4599451408279
5.33303948568251 6.7709596985068545 0.8236345624256955 3.2908595024936034
6.871819983870215 4.6427192289830925 9.530587103841963 1.928382561746608
0.788283954104009 8.22928014497256 5.532987746988187 4.107056059841312
6.645664637162272 9.562801919182018 9.241178974577036 1.8643913188517067
5.892297302801697 2.2873156150424188 6.573929091990909 9.47971411545987
2.1732966220060583 6.779434985930434 6.382457835351223 5.158912810755175
2.027149235870956 7.230167395267674 6.405336236500958 2.200800389086548
6.119990485038141 8.150999718741748 4.783614020057398 3.238807690583357
8.063485066921796 1.4131925548806765 4.702109004429567 6.182236410335692
3.6702441084711444 7.204411550460945 6.212080370835513 3.681338285080003
3.8348762399947445 6.514388717842379 7.858496807471033 7.036865880919356
6.526076168281975 1.2561377036399524 1.0895587332405983 8.524370371218392
1.8407422239172133 5.9535579043681635 3.1027911011485356 9.005356196187286
7.520406568439306 6.915299151084688 3.797531108778792 2.450449128705181
3.5521065872633146 8.30944214564735 1.5908653376951962 9.463511806520053
0.9281438058191309 5.1370935770652935 9.700230457598863 1.2806559883129442
2.8017211579139625 9.62657294705896 6.292626333083637 2.6582693375666318
8.649581840890363 0.6653704705683907 6.114468591791686 2.478603557783319
8.329364587128946 0.8242302427008346 0.1511256293163452 9.6197895813663
2.3346241314161156 3.4411116304553837 9.681354598149507 6.417345818566938
1.7545712831673606 9.648205755068503 2.7829549806967737 7.804599450937147
9.483680249316077 1.260892339891496 0.5576765192923308 2.9379199294810925
2.2525584211578957 9.949689954798597 2.8654072272394333 2.30686965616347
4.8035181089428995 8.569027622048516 3.3280055626709952 2.9734063382547826
6.325580724392919 1.1474451747484142 8.463381859220886 2.8942745516412596
7.2490166178669355 9.726097001153068 5.268341001686253 1.9039880130332865
9.279025017337181 0.6999947014846821 8.531270474819763 1.1740566557562104
9.64961003062772 1.8638974237986599 3.910472125364577 0.9205166471354929
6.869218562152055 9.978841430956694 7.502978000895348 0.27695083220651107
0.4724015111621469 9.94244735238432 1.2224577485985253 3.452660281607569
3.914743806204 1.225217820465382 9.824214797367858 4.436056867937105
6.980021127879159 4.125030046625768 9.161565684716116 0.29122798562544094
4.383400607442809 8.726345186023122 0.7575159558345366 7.292362990379884
7.305458365230695 7.697606959763823 1.7355658698793417 1.2665803215970701
0.9529242892057921 7.791632696390533 3.7438244675737393 4.77138088068957
5.770449210289039 4.419870906223047 0.24244447327042984 9.407045482997095
9.36912811820375 1.6247473349503117 5.022936875017578 2.2833787480679755
8.617643997158773 9.087814066986976 0.16417099899010967 7.6506676735590835
6.927312296716802 0.882385035029702 1.3827653773670932 8.706445375261001
3.8384654379888588 8.917392560389683 0.8436529919956 2.224336639296807
5.224970082979409 1.3460584264472257 9.029149705446127 9.975040385179465
3.6663378568171376 5.869724460160295 7.61642086716984 7.8816209540776025
6.071899491600203 4.731034143427627 8.108904049605808 6.6644922547774605
4.0980484503200385 8.988799840267468 4.6170645931426115 1.9925805514079005
0.682345679200334 9.119260226182934 9.48001276811818 8.61532636300319
6.7695988011824895 8.641239216781976 5.652756037656859 2.2362715870110015
8.420241341430284 1.1719743667920057 7.2045900215056236 2.838023888410074
1.5867243701211926 8.804117870925488 7.021078699773894 2.304875552783458
7.22993667856323 7.107980895358599 4.001436263101976 2.8557650493936992
7.797136910107717 6.367579951350945 5.296086851541439 8.497211995755139
0.9509416994175268 4.2954232083506465 8.152448045602638 9.978860779322885
9.162864576911755 6.533979461850594 0.1079856762564706 8.299723724543519
0.8152306615759688 7.8191875658391945 7.280365696393504 2.357708092245205
0.6995302646303383 9.783606598999725 0.5280344166043287 8.755314185005918
2.307170632285338 6.975377206510253 8.041901452721074 4.429236204661251
6.865198792706988 8.12422221842553 3.8511240662311024 2.1626188432594335
7.693340257774885 2.8834290755292 8.126880140876603 0.7826360037393485
4.399363825528268 1.266842884504432 9.617920511674118 9.876220732397918
8.262667882980935 7.008265851637876 5.6429945241410735 0.45342770665963794
4.877957718523209 0.9208975499428096 9.71254285980541 4.045344314490292
6.051641897415193 8.123149492818198 9.45283074772517 0.17589266750167365
3.6803063699114844 3.1024936263571705 4.666587819768252 9.313152250638966
9.906068221888521 0.9850265986600482 0.3399073293641921 8.900030206947129
7.479311217211492 4.107033774875345 9.10151059193339 1.7930053996255162
7.583007863800276 8.096840301795593 8.784734708102125 1.0198870253213412
7.404366367253095 8.86998885116074 2.690197744532534 0.9832371191199023
9.746524408714969 0.7181256695809131 7.832328743809445 0.18089902844068018
0.8733408586176434 1.83602193712397 9.8351860816556 0.4579454487440975
7.062862206509537 6.55571588066074 9.082500206709955 1.6160492992880866
6.0807603495034295 1.6778409667145087 6.472078199782892 8.883176032787462
7.70776407983102 1.3367825099003454 6.846400944468659 7.02262500626329
3.407220973227457 6.583048232373094 9.366308343926516 2.4480492075202167
4.866689637120974 1.7141641865633805 9.57616309549803 6.943621694737492
9.369246264481742 0.266869909296946 7.3683108735639395 4.969958771024821
2.3631071162207764 8.836953482075351 1.622365860867399 8.210856793881593
8.118791260656154 2.6616762635325255 1.9979600864108553 7.1799345118761835
0.6325542884605362 8.256746052044152 7.621086211425971 9.35381146839443
7.148042994504339 5.065819569028871 7.59626280158904 1.9539124727723913
7.733419402568465 7.49091442826691 6.028885007877575 2.217929773816822
0.3351202568237479 5.893036551457605 9.73479232841283 5.793278763383459
1.9963512400273116 7.076740083779846 6.342121429204038 7.3668106191365075
2.897166657551929 4.4781902633905855 9.263434480040669 2.5112464159636865
0.40586194737252335 9.250808751397024 7.52756966598741 2.5614088394007197
1.6120447522173738 7.693291884554386 5.6259663138016975 5.177080520923966
3.2758772585601257 5.721916779519971 9.06033936164117 9.141525442710037
8.689106770474256 9.612040473116107 5.7984531766615 0.22608521067911802
5.133580744495518 6.7305369761494305 7.335055088923559 5.695784821744493
2.5301933139283657 7.040175975158386 8.807634469903455 2.338890729679002
9.252171022515318 1.0342013357170394 2.335301983469469 6.565531824998448
#
2.564226534546871 1.859032618955018 6.789882679549018 4.2913201630211715
7.718459312214623 8.026088114170378 2.2992641093789747 8.753132752376407
2.9778998545435953 3.850780407991442 7.818143901966545 3.444035693210092
1.288533947369673 5.834071527278067 6.391283467887268 9.739507090065048
1.581387925225167 3.854664916359974 3.76295717808254 1.1083246845654964
4.955008942635033 0.15624221186298914 8.809993483838625 9.366614610077026
1.4243636017139911 2.6282672017529296 2.6558760548489806 4.798664942162266
8.551647688192698 8.145501117756474 1.1387374579880238 2.613577721143043
9.035902529579099 0.8394392456136268 2.2346211741409774 1.943913848417325
0.7112394053398718 9.425175978563534 7.753105212655641 5.133942960478352
0.8474674391787183 5.936927183784294 9.444641608208102 1.1685240787264246
8.958674899723539 9.12831926769072 0.18865754349125918 2.5093007134644547
7.7810279799697515 0.9311178783609337 4.295122847670019 4.212803868358676
9.13214424652563 4.75088253372835 1.4211609999349246 5.052042986010677
7.474244513065611 1.0622401494328488 2.571683902903852 9.950450248317898
4.258270578856643 3.815822863780386 3.7630256096164287 1.7059695749208257
2.5819087653029493 0.5170232784624726 9.140061012955861 6.809424497131124
9.209465985875452 5.594320244538672 0.9034573766061698 4.016228351827298
5.169444824433756 7.257442022279706 3.7500652538146975 1.2890349972152695
8.074152897187545 5.044066660081517 6.0437658146474895 0.4632949884779034
6.958198893048847 5.644040866450881 2.302277494094399 3.8612377504378643
1.8986999989833446 5.320726433459373 1.7569067812540813 9.348102538636443
3.6212735365543685 0.584936041486201 8.997517510118783 6.283728857579112
2.467815704950554 2.304846053094334 9.960564370479101 9.869378383462173
1.0460339357834387 5.956301806496061 3.346011580060239 9.389265652941369
9.321293590886354 5.0979066653288685 1.219089238152161 1.9518568298783747
9.794905466294127 2.758421496699662 0.777131395863166 2.8941990021951955
3.135007972569439 2.5992806131367754 5.543414112225504 4.458853447672178
5.201663210255015 2.279005471018377 9.522081761218626 3.3056326277916392
0.928514995257955 9.236974333037384 6.131540032844418 0.6766421593322045
0.38704142692429944 6.396492177608072 9.11818902419605 9.836888940722423
4.638138313123057 2.3014564931745305 5.322903553390154 5.90690077146443
5.747705060615601 6.8957452067746186 4.808254383378255 0.11696385754434413
8.255768065202462 9.710989668211198 2.8550458567461567 0.6656609219535392
9.853819839890074 0.21664130402883508 3.7221800307212813 4.7629765003949815
4.692658535377741 4.677140421915599 6.35896269062277 0.8409624834291076
2.7487546136134196 8.460903057831084 2.3619797477293707 6.964874409002921
8.862653257188539 1.2914217682418925 3.815925050076545 9.304856755038458
5.911248976774805 1.6833814407543697 8.492378331777262 1.7686060380233926
4.679658560834279 4.107328831697192 6.5960449107331325 0.9154498092982566
5.715142839067882 8.498094052134103 0.6209103176768194 6.958014350572604
1.0398709994018702 7.479562916543699 4.503332227457625 9.736941197977155
0.43903052375862117 2.4017210383321435 5.892597917034895 9.892663215553076
0.5233028144513492 9.755994258403312 9.801622866827907 9.423400011070399
7.881455061545468 1.1598117703594757 9.911768546994256 2.123654827283149
7.898020135063683 1.313914170177633 3.8142385889459955 8.044769268295441
7.822143603878129 4.9045132059032355 1.6980416660076099 6.872136809332794
4.803610510414841 2.4757835299535147 4.627245678537815 3.2215209949229657
9.715748575671052 3.3431990504714655 1.031141518610795 4.065438208220396
3.6373434564767737 3.3811182800287187 8.595987408223094 1.3849220309953485
1.019202036915626 9.082758692030971 2.62106748890855 3.7525860066298824
5.400285753503042 2.451932703983488 4.021234009734176 6.094295170145178
1.5582771777194635 8.498809593624625 3.2066958544675015 3.801455611607864
3.7889982003809415 1.6212417101886216 6.439285999138208 7.7171834748627575
0.9031093480421948 9.533750245925912 6.051390954130653 0.6846890558569427
1.3833496546916075 6.834864673597008 7.776591897948317 0.3523169782018094
6.353084931732873 9.832640019683783 0.11125359778787303 1.782586327482151
3.989906554631867 8.706643651066498 9.60207167345846 0.14038067066352333
5.79570797450042 0.7960514610507641 7.072611362795023 9.836024840475531
5.119100267269904 1.5392766211156905 7.058490367794524 5.876772905845841
8.753758132877703 3.0888322507121675 3.244939746566801 0.8581793230511661
9.241020006335113 0.6604899408553004 2.9624183494626584 4.081287369139327
7.911160508580776 8.094045629222888 0.6939720165552501 9.746290803816237
4.508436920693711 9.816332751504689 3.3842799791680367 2.4923024269385032
5.996977664215252 3.1520325686321664 2.506680040191086 1.973154874733452
8.86025534828898 4.301242940582158 1.8733101872781543 8.598547807440289
3.266397151517774 9.091231307932462 0.1279728404893472 7.091860612980524
7.7211863968919925 6.212686907770737 1.7837727207070615 6.773823392699431
8.623073952242983 7.511585891703513 0.9229770429136641 7.5426936527231465
0.6420399091187949 8.046755834249025 9.376008460839746 1.88043652431351
2.123191330878341 5.5225380479992685 2.6335427571515417 3.3354129489011624
0.12441782829687398 8.82535515536446 9.977223177772766 9.364171285301953
5.08342295876551 8.04872102341585 1.0528902278055643 7.636896292978641
9.25747712638869 3.583753188986739 1.177779026475683 6.514023583699954
1.4472641034278233 8.90724114986538 4.727445328067393 2.4782039243560754
0.8558127348091942 5.633350748914142 9.218936232027815 5.555565326452619
3.794569594004324 3.4662895621071312 7.0765864631921485 2.7847077412145924
7.96878926000064 6.270158355175554 3.1792283892001088 0.7995280332978645
7.876371242601046 2.21748806218791 5.612601059899339 3.6024803329381347
1.160923955661925 6.997151789592381 9.050187056767797 2.0719644130724397
5.886832548779629 2.9711445548155213 3.4024878681992385 2.2274933457554997
2.72456779591147 1.4524261525604931 7.172012261795349 8.588029213607783
8.736103069127095 2.032314461325834 6.090385795184501 3.952387191309218
6.725110545445958 2.4636129212597413 3.5252332256350742 2.273269692348146
8.481799758931576 0.6926334295521102 7.782166182071009 2.2275421177450427
0.5348170654347202 0.6594788469629078 9.973889729036923 1.4336610679243829
0.5478846324835631 9.96833865188955 5.3800044083572 7.181436792419161
0.8866627965207821 8.314907851644072 3.253045266750977 6.826267270645189
5.693583494458251 0.6918959304089407 8.316571345521735 7.539521548708324
1.5149325777694886 7.316511062943961 5.067178013808368 2.7897735717566152
0.27933026173369235 9.790998530048178 7.447977395634627 9.851623108820437
9.450690012588327 0.31757504357201327 4.794124862096301 6.398609085718311
5.767419678884889 3.5530159258989187 2.921624207164073 1.8811433482056348
4.538558267706204 2.506769804716289 0.3110902498618442 9.900473432277906
6.511047086273564 2.29051869857137 1.563792446328744 9.834432073935035
7.908812436591557 6.011560090319617 2.393917183471824 2.4764860065715584
2.1998269961564394 3.4309271843361033 8.219484756833289 4.282077945916
4.701507699897398 3.629059589719181 4.534399440811108 1.1962753108111848
5.54313329353303 1.6470794386456435 5.6742247464424524 8.782727516799403
5.750482311821655 4.813498436022433 2.549468497931833 4.731146720769151
#
6.933741059918828 3.9773175357904558 1.0358021214338482 2.37125422824669
3.613921652981993 1.8928783789376906 3.692171291015616 4.1186465633028755
1.8328837953235215 4.129761909246389 0.13044788930109874 6.946734393689953
2.4270171531422564 8.011642908412414 8.379712435866173 6.547206158492995
1.4372359079279087 8.998852102516418 8.443224197019177 1.5005451497273854
3.460271992024563 0.3176341651165 6.363878212895681 3.3898109910869527
8.153490928072364 5.2784339475977315 7.994251679942071 0.1637358105773421
0.6104363421817389 7.140848304305889 7.571486421143982 7.795437464780509
5.246610013511174 5.557389300667539 2.5107263404551716 4.145482018821752
1.6651839750388597 2.398530786868308 7.284570305662828 6.682392531524504
3.6726408786891587 9.650337947788728 7.729567339708928 0.7748352237802072
7.565421789399213 9.760770015584018 7.080434241013236 2.125023400335345
2.7584190833401907 0.27398369778506027 4.8064854554265 7.8575624777720225
4.1658796547017705 3.3769188893323108 1.4892399413136852 7.015984736421608
4.376243701187485 6.52597130585368 3.2555850475341046 5.502873909741844
9.570157712074034 1.8300678957905774 5.873445897345302 7.809388402071638
6.053189432482046 0.1631386827475243 2.382637325705177 8.892486600750704
0.2808225015948578 9.303288848175036 1.257188137366247 6.787890353342027
1.5821147820754238 1.0684754381930626 9.081215879957009 8.720798670517
9.546307409344312 0.6839802657798817 6.735184530235172 1.9047965529968018
9.280139231060199 3.938239167604651 6.288067031427768 1.2753103210184045
9.886401921519173 6.766252262218914 1.966011787093247 0.6349649303092066
2.548893537511791 6.014447238125011 6.87166357650926 4.0222059504995595
9.742813832800094 0.877078523167194 3.439955663538993 2.1026272239053214
0.7084045815650377 8.99073661080113 7.661450443815312 6.830657254504192
1.2718375981603365 9.43747257983486 0.8532138417016739 2.9737685127471964
5.009199982196837 2.587837110235783 8.275703675282585 1.8409642622086597
5.862704227960832 2.3678365401266688 1.572352086082648 5.816850534003891
4.209074886832171 4.082250465530029 1.349542697472391 7.329923602095787
6.083326668020646 5.352338033402883 0.23073826916067297 6.304888471950518
1.1956929097756954 3.0191297868660483 3.8158303574113708 7.136191705308434
4.761382712729131 1.3845426241482004 6.094527989030938 7.132269115648761
6.650400374527182 1.7237974462736854 0.4775880212028474 8.60704578551395
1.2615765284541003 5.828590585076853 9.456695704885455 6.64062385530924
1.0350651985465227 9.942084696142022 1.1430198825413869 1.076063247822705
0.15933180526116164 5.494290127173134 7.4596161409303585 9.402812217677202
8.232942485968337 6.359073684413236 1.8660390694197355 2.280594023976147
1.0338428930574661 6.597951033676032 8.799669489299337 1.8275579281797532
1.3781501420140612 3.313768576589359 8.96520838935748 6.634460642324868
2.814905827065209 8.32845435875432 1.112826475888217 2.263505136201508
3.0645050640018896 2.6580000186357644 8.501112383429685 2.0395643798842937
3.8257349806082743 7.714835723271788 3.1442493414260095 5.091735730516197
6.529300232133665 3.0688667583090403 0.9847168726694573 5.420691039755636
3.3034634532764233 3.9656303481235238 0.1433035601613346 7.5052507262805594
0.15893801045812062 9.876934404514483 8.005996477058156 8.112198642562655
2.537905666275859 2.712591118054136 1.9001060885959546 9.186131307654113
1.9744588241503709 0.5860215069577146 9.449031647387667 6.915690089963769
9.474111396568853 3.748739660228309 2.5190027573772245 0.9781497942349286
8.746276547945168 8.406064500323511 1.2037833942924117 0.8261895125676384
0.7558799654957555 8.771664780709349 7.274610269704045 8.865103573099502
4.335856570695959 5.900412603200044 4.115915274262874 3.8276469306502596
8.819092718038963 4.867569685824581 2.0466928490662695 1.3514783569847877
8.293102644021413 4.655325272727135 2.3066255150029025 2.220934931903829
6.675439230288714 3.5610835699390346 0.4227574552113085 5.9504460236989996
7.598486651258657 4.593208359587753 0.6421176045416193 5.40211883025526
9.61205264824956 2.5952101815830004 0.6975029689137591 8.051881583873621
3.9441926511223873 5.430168719608376 4.477980941913086 3.731777131529938
0.1064192837934046 2.3974712436896444 1.205210770795869 9.426026730420073
2.6914694074870713 3.8094702285852913 8.94386070582407 6.417696901286882
7.567410678816357 8.952546112263237 0.22426721799985128 5.837362199390158
6.614849028635036 1.9713642542067364 2.386941419783267 8.32305528176321
3.7277523624891766 1.6872038402681242 7.992986224415477 3.33940218370161
5.556588904351599 1.631033705333488 8.375486334558921 0.5164633813701709
6.326121019566459 0.40893621467029106 1.681772149501315 8.605490747596019
3.9448116467089416 7.942839191619502 3.143796521889464 3.737495970583403
7.7928587521526165 1.5309892991280618 6.6071317250973385 0.5396297836652089
2.146824495796306 8.134631531099936 4.0937859711339195 6.662063165826737
9.642570274880288 7.708989568557355 6.495560323434313 0.422413568774334
9.9813406571586 0.9335194683828201 0.6069053944332765 9.94294849212583
8.603387658100898 0.2679905701703369 9.160447656179418 8.275166733918052
0.8275079121760802 0.5985787879323068 6.987681027114783 9.452865519002748
8.502763921151116 5.844992926249978 1.1277607130999114 1.347240666020019
7.289012081091993 7.943992763616609 1.0209738715018544 3.74279619434215
5.251287307008469 5.1001678402419595 0.35023068310698235 6.427124603622855
2.6612700146882022 5.159274169269314 5.26949303623277 6.760508358341294
0.8858442873311789 4.46978510630312 1.6682730060113293 7.728705505300011
9.724641554074978 0.42455107918347945 5.522877010906319 0.6019591392837365
0.785916729675586 8.713063876461952 3.8048425645462336 5.699759735434726
5.214588707188281 3.8225623648782636 0.36627116557589456 9.560853621226467
6.879588924541508 8.70831796241885 0.773163832892469 2.476833138481442
0.30535489301089047 8.04925086991844 9.17456133503573 4.968221956658694
2.0396746475923977 9.044990720412459 1.4320375431520018 5.9826543135178865
5.346796132553554 3.102432605473425 0.11699265189631625 9.509428623542057
3.346356054278173 4.0307022044157375 6.553915090370904 4.269189241765809
4.252478085086326 5.351261735009323 9.503405795701177 0.44719683201918237
3.7704666998983516 5.408129204054859 4.101175447332481 3.8435740912550997
4.398504734097166 5.112976239682868 7.1436446895109595 1.2349262976983852
5.761524782146217 0.8652475204819918 0.9070133638235305 8.448604372818629
4.150606588274382 1.1344476135644235 4.111846426260156 9.291134736533541
3.7053862112936065 0.8496202157576613 1.5026535615214733 9.66191809017023
7.652599974652427 2.935900731311622 9.328978658672185 0.2483587322054328
5.580733549345921 6.178947757424076 5.197439679048824 2.966408361055983
8.375422708998766 3.180868079101403 6.98391261355344 0.23710724697148056
2.6704722742132074 8.27065060996 2.2324950551573406 4.660500204635435
1.4539077040282788 8.379256331671321 3.080325246166979 2.5466844584319466
9.46655565903442 3.524998864688677 1.8725464523589577 4.936545534847896
3.29908346169374 1.588594965738848 7.921812807599039 3.9603970207530996
0.5310642730167743 2.5030623751583185 4.918598945571249 9.16773986730672
1.3062659090050182 7.783464232933117 1.225164355448252 7.757796654386398
1.0096493838726657 9.145700480834511 0.9178088163183551 8.548452045279195
#
3.1863639809043063 2.3458828428983414 3.626752890594479 8.996675554231432
5.847574361110473 2.1474057443201087 0.9379612553371022 1.9436184896374162
3.8784722396238873 5.019183534004069 9.88437040069475 5.6716103151723765
4.424936690664603 9.760986044679534 9.127362701431235 0.4005088440725828
4.487117379190661 6.322423278021724 3.384672342551563 0.1918961773956882
0.4725732930289981 5.375055410229846 4.421682119828574 0.5345483388948598
2.5108352758597663 8.846249459240644 2.921969933009699 3.5785852920097727
4.086174553454894 3.887495899022905 9.178244817705881 5.3336213611726695
6.6353026719729655 2.0386227824465886 2.781996980712748 9.145946412998239
8.341998424844816 0.737305506292568 9.142380242187619 3.6134398777418397
8.630987238087922 8.10024562346522 0.5982733308450019 6.216880441402756
0.9816073961396716 9.632801500540879 9.943598882130718 0.4347779262077003
3.541204029552453 0.6825053020688943 4.923268300568049 9.664825296289013
7.5515512236630435 1.6953203254484848 1.933047053144091 3.3398483094502813
6.199892946996235 2.6550063280400367 0.5407683776204397 6.404470734799856
9.881510767953356 9.267794595406809 0.6239908454180672 0.28652808676392905
3.8873778633860354 0.5315616647902779 6.8005969767809376 9.078784188634899
1.8997506516868596 0.5347764324827056 7.539411451571949 8.487723111183783
0.41967613454202013 8.112256925078634 6.740271919660799 9.341966135378918
8.546861161942795 0.45661069499482565 3.767681367280353 1.9556836089365377
1.23706028142177 8.566052396995028 0.5413928453324806 6.683517445166017
3.2899197974800876 4.219662705126606 1.6761903256471706 7.1069880180659215
3.983467753053053 5.0581414923789305 2.5954481406708823 3.2967032922540564
9.452510118974025 3.0510538096774957 7.172943793195985 0.9037896042349249
1.0832465028002032 9.289139743414507 4.4187473202749965 6.0683640375310475
4.065958451995616 3.1295689702684912 3.306544831571296 9.080909563095986
8.432809137921502 0.7514669406231178 2.919942752544289 8.054383419361987
3.1377821027738464 3.8028739086242562 9.925874361110822 7.248289518989225
3.3980345123326483 1.4298596164630393 9.776153022406193 7.798688167787317
3.1649668453994595 4.62203140449059 3.457458233858332 9.943054921970017
6.323695738514349 1.5057594445198208 3.838134321381369 4.3774502034362985
7.456415705873262 2.5473692140303013 2.3815512563175405 1.0411196328678907
3.3504434023984806 8.395102717342112 2.4874142099724645 7.008888473026196
9.958152788180893 1.116904285821808 2.0802448822255815 1.7471480752567636
7.067261975192759 3.297920393000338 3.063642570356289 1.5932591159928724
1.2587660272858954 9.158664589214293 2.6773060415469354 3.083796263307751
5.6371439760520925 5.4349659296416135 3.495544708996439 3.16439731330946
4.18167684656374 5.92277581318579 0.2513042547277413 7.759451071082021
6.2799897523899535 1.964654842883966 5.311066684420469 4.761026907016296
9.923162784630705 5.595024290877633 4.794708358017893 0.3378590832901782
3.1679138777120768 6.186372966094961 3.3584268992553525 2.6889411080253636
7.8910394017447345 8.279626848113171 1.6721861888706182 1.5578709127399764
3.889762652092558 4.353295045230373 0.6247255854482585 7.273776148591138
5.004663557897942 2.5113289980360602 7.18031264635043 7.9438264239099405
3.144360627954444 4.768814801894783 2.4583057732107827 7.961857153454762
3.667568912174918 5.119159183667311 4.379131256982016 2.6727182152268285
6.70981612989209 3.927965994220685 4.067007848461393 1.0807930128720566
7.023144332639208 0.9287905446669988 4.756463629195109 1.6821185391936724
8.727398337371973 6.236867617160749 0.34670217868329534 0.6799831708497326
3.237776944061689 3.402918909874958 3.9791661230449487 7.13034293208745
5.820480906630513 2.1417663455921607 0.17601377342967606 8.334982166505647
2.997897704864828 3.324466406734303 3.646218082284605 8.224911030795171
0.7741510882331406 6.592554748068228 2.9586580472785644 9.58439588063266
2.6469812439514744 6.63523973791982 3.4136012110774407 1.145688956695536
7.690801180023886 0.9361865602168686 2.0040308057223513 7.497459129534535
2.1131353367965513 7.6820363632245074 2.182114514273618 9.111564209536082
3.933113636957275 0.8995535844121019 9.402029228897772 2.0267002910787
4.104617308232611 0.5640390522577885 9.4780482935086 8.061764733472785
1.567080186451105 0.8786282987167651 6.053633278562602 8.301592190319578
8.666341492956583 0.3169142717418518 4.537860200597872 7.0693937483987295
9.287364209265766 2.8862799837571287 8.97421712373016 1.0204312067642878
4.591697933092177 1.331167410728793 3.5846171163568776 9.306009868335913
8.359965648690697 4.332565642726274 0.8871583189203305 6.211879635570077
6.801335172041164 6.942451321425022 0.13745012848811378 8.239118422681726
2.0006765126601502 8.930280167348748 1.5145664478569674 3.613367476957703
7.6933312059481 5.10429226005317 3.071930245012494 0.8281481024525466
3.321143724762635 9.570618808949511 2.5956448675006727 3.3631965066337015
9.260309352402182 9.622173743106465 0.14655122514733776 0.3612098183043315
6.321580356329582 2.077991641202939 7.383527425428277 3.9191689601096247
0.17996303451479445 1.1974793927854575 6.021362713927255 9.938526851075824
9.507456046775323 2.585230548315502 1.1040599303213083 1.2654377330363347
3.883560525703607 4.678727156209929 3.522519493958102 4.010936492998371
5.032254132158648 8.77419640401476 2.032658004314326 5.657717688057506
6.749248581938271 1.5237260898048346 1.8518722874349614 9.188723831982056
2.91933129899421 8.400558756070808 1.4043290600307117 7.584942608218394
1.704002059985418 8.038498837148886 2.169957380746481 9.471297781314071
6.688884408571497 3.8456781119796624 1.8334287282040873 1.5747683544933717
2.46470008553348 1.891371287810935 5.645689698074872 9.674625038617435
0.7545448682980016 0.976252169913205 8.631616862137246 9.988085533570985
1.2041050994894706 7.0133045935452225 3.1358575096786616 7.569415864748745
6.794614281701998 1.2801415070961553 7.0600273504643765 6.854286828195743
7.575887155631996 8.260714271946512 0.4123566711233826 1.7917786062559524
4.477070893330283 3.5182822501678674 5.5708829996923175 2.2910691104924927
9.86405282749656 0.5506400574233004 4.726027298433713 1.0820689101545296
1.3022137286263078 4.563890520672754 8.194751040065835 9.82661820144314
4.183316985944592 1.2927447410167061 9.009135477933832 4.844631496978605
6.534040957569154 3.753094374924687 3.7961124314335435 1.620813930120974
4.931717797085112 3.0766565386966462 3.730495162815902 2.3693302621178627
7.933344689706187 8.47937347058425 0.10236368506503357 7.584854600121
9.628310446017029 0.14784373473325818 6.432724939119705 9.636850594493293
9.971020758645846 4.0225228059274425 0.13911280638750423 2.155322810403379
2.702498847514507 4.707940443874788 2.7332562657266983 9.903078917752271
6.244886429280715 7.635796050002286 2.9583449052433353 0.8368699605313283
8.405632006483067 1.7968478551476368 8.273655048879714 1.4672615204046617
8.035580606103311 0.9435121826579582 0.897188372269083 6.539710923212048
7.547077625081194 8.744965851724839 0.2116620847400421 1.8115375939201415
5.734694471439508 2.7705475377665243 7.964966281926019 3.9490483810890114
6.037085958334404 3.8507812331898092 0.9225012722593959 6.328884087963701
5.460722484395542 4.257313364885587 5.350387220666834 2.3322170577436254
4.633738673521145 8.37546126512472 0.11197491336194165 8.17713861002753
#
7.460722683535591 3.208082830826305 0.46946092830492603 1.3706864786382496
0.2571635803457264 2.7793803504503747 4.226024412893696 1.6635907175283853
2.431904157666001 1.7530450488214946 8.071741994871232 9.962340010658917
4.128395537491514 2.48015839055417 5.702089187445139 0.37102162512508663
3.0939726879456946 2.329552038125589 6.355885839393801 7.418182718839539
4.628197245201608 1.4993876499704517 0.8234293715500804 2.257946019132609
1.9657465203934685 2.848411001404377 0.5039946501734649 8.875620327523356
2.9248473628365543 6.773477609228221 0.4607272846416395 6.627380841406383
6.531848336356191 1.1201131572644485 6.775612134632098 8.853804620519234
2.7035370876671596 3.8539285512883046 0.6227158470947094 1.6731153368770877
0.3911178768941008 8.77494995764572 3.6477152986912325 3.534430974229339
7.548745620669505 0.20777069126669545 2.1141266144030086 9.260082722504176
5.922494339866678 8.381256176864555 0.20573420081188232 1.5885156959850608
1.2665494365888992 7.50485077476009 5.299518708640131 1.466812704693715
8.631103948336351 0.7139143158132004 5.359202215520013 0.38977540362155416
6.030888573378531 1.6948028407862412 0.46202959288191714 8.178868636099825
2.6230889483059494 3.6155421650888258 6.806524639426852 1.615673241639899
0.9487054164518378 4.117639056026851 2.345254428986286 8.543109946160836
3.509057138641145 5.958554565768818 1.0531836042653726 1.306121607626816
5.867445294539781 3.4586080832426918 2.7170941771397117 1.6178118515451927
8.431373988879233 8.088006855230315 5.092474513557384 0.6879814544315401
0.1845752525922313 6.330293061160551 8.998734643135391 9.4309163465353
1.2576441055647196 2.499732688220621 3.769922428559494 8.654645841243827
8.262064635314061 1.1379390900926518 1.5892170915471424 8.339891801748866
7.1048919012665035 1.1529097904690793 4.019231834162313 7.423495947540155
0.7158773451731246 9.05095028227683 2.270545837008521 0.8705541291554812
3.454095665762223 0.2691890739880476 7.650560517632533 6.975827112497256
1.4082252894430942 5.810140770012546 3.223886467533625 6.097743674122668
4.157999798610806 0.3908133556462854 7.602502054989454 2.377016026020752
3.137884724719423 1.4941001176703952 3.8429747874832185 8.576024190878035
1.2039013999639776 2.0505623540376687 8.26540819618744 4.189097567354119
2.110711116055192 5.669993940582497 1.1169933496199063 3.7183368306766114
0.4624274376110229 5.719417424236754 3.842910385130185 1.9512224920562518
1.8091712868910212 9.796124892808992 2.1758448161244957 2.718230189468765
2.632643899457213 7.2395811983127105 7.429045609403179 1.1333352300299642
8.332825923171551 1.4539848600756335 6.625651841069491 1.9468895137302784
0.2432792443999272 9.147356024686562 9.401072273089333 3.3618813985986353
1.9901630521146956 2.7652312364697527 0.8154958475999283 4.13218617839324
2.250050461222429 7.292390097454747 1.4985827865192158 2.6390666004477685
1.1080685895537181 2.952489777072912 3.309951568525273 8.543936894041005
9.028012699652 1.4398414602479526 3.9141150488434624 1.8942206286229704
0.13473658812808242 5.587014680410971 1.9626927309233442 9.709137012590453
5.446803036028706 2.6524176346609405 3.442291836997562 2.2280250063114853
2.1541235390128852 6.116812865102387 9.448540195659394 0.5090142442516541
0.29462130964841204 0.31217772761876095 9.462731959487481 6.137761113440562
1.316212674944245 4.631164845237779 3.3270216288690038 5.777819333511363
3.085446867494715 0.629303963477561 6.505356121867745 9.103125530493708
5.565449545582628 8.821876679168055 7.30109560830777 0.188986507206919
0.5764094004469014 3.624235779716222 1.3832711548156267 8.917125334420039
7.24485194773759 1.491509179198534 7.852399550425448 0.2979135537864437
3.2594032380751807 5.966104842702882 0.18466268904382854 9.097629988274452
0.8510055071443796 8.259687531555464 0.7330346391263962 8.627019910229608
0.9747986521396781 5.523879682243308 3.2428764141148134 6.903458700108682
5.916457801746777 9.217823553450366 1.1283300561779943 1.2177112790447913
9.091843337738386 1.699438600067384 1.684005366785918 0.9662896260889919
0.1304795879825198 4.741648404950194 8.469550353013805 9.851184536633358
9.039618699785699 2.5406365265815136 4.7496307677355665 0.31374647581571313
1.1238580918577163 3.8877293725353033 3.6472482617705237 4.542872432431409
2.485264803337693 6.929210829217734 3.926617071492741 1.6744709280376484
3.020250526110234 9.717499761857908 6.068686392744697 0.1331208358945135
5.097577570226877 1.7749983887711998 4.975413071765893 1.1746958041621123
6.856698481949675 6.93907092858317 1.9018573024430907 0.9628089739505219
5.262014014486226 1.3765586132711163 5.759116701178512 2.8648076998802847
2.3843744489444356 7.859889661639437 0.7357475248597902 7.528368635493882
3.6359585684691456 1.9366994179987111 9.539011270457184 0.7030065233942597
4.1255727298035225 2.3188313836392083 6.698740660852925 7.43890418745319
1.976299839403084 2.5046999720983902 3.1644723625654523 9.054432732333531
0.20226012721011788 1.3850138331612136 8.726232067001106 9.162028514969169
2.9895541564420687 7.9500314938137375 6.023781640029927 1.0643579495871336
7.180400283339061 0.6261677463716282 6.245132780958697 7.276970950171112
0.9623718216578405 8.379531874165295 1.9602386324690273 4.427993273823055
1.9167708751202488 5.675645413022871 4.051718833577288 4.360579451548536
8.640949740421714 3.793148782207432 0.14093604299494356 5.582020821918738
7.206001693884843 5.1272903241862755 2.987644015843431 0.6983283101926387
3.123175001394277 6.931667059818671 4.6361471071574245 1.2366030915609096
6.963038752929549 0.3734442922806931 7.895864216737883 4.788521613049908
8.011837274898271 6.907787736844687 7.238000454774126 0.3139135416047445
8.766632711844666 0.22555630462606313 4.283278784722388 0.8244025339778513
3.0332356747433624 7.588323533520644 0.3261146964682524 2.369142347392426
1.277108027186968 7.352689259942316 2.4697581297065496 6.689695288133736
8.073592592106106 4.22876272303489 0.2391508115430243 1.442442416351391
3.180356652040583 4.069849767098168 3.3964699177878135 1.6408854789545022
2.808018073779069 1.7860613553635916 2.9173979652503963 8.700047990342147
9.783931496654155 8.777488871740058 0.8501335214125296 1.2084845447816148
1.4484669038091007 8.27208526111722 0.9134530689715064 5.261407855574835
4.303836170247252 5.986405367948209 5.481760739286374 0.8898417787253488
3.3138491233260945 1.584545108823698 7.115445953273551 1.4990163867708794
0.20481238738978558 8.13206434589393 2.0200930153415753 9.693617366287768
5.915452747015621 0.18579321080720756 8.586998033741722 9.518946217179518
6.816827771199594 0.10277017132676391 2.4588293339146365 8.260113797222756
2.9933100721666843 2.000783385068826 8.890798521493748 7.267661832067571
6.513626506543631 8.653139579925487 6.731174204470863 0.14448814855294412
1.3522148672729295 2.6688040550376293 1.9115414363242547 6.644159387749191
4.156511013979676 0.6368028406954371 0.9979833240499678 9.039585945403573
3.81771445355092 2.7275283725414257 5.4775418365671165 1.6308337814362792
5.790592403859038 2.4523112257016613 0.18265091535464162 4.998992206936002
4.576365788915745 1.5924607734527578 7.493500590730342 0.27183552664281674
3.2316164095144755 2.5213905656643654 5.721376574242342 0.4970804398290527
2.432077891887649 3.811094366493889 8.81808439939471 1.1676136152394143
8.40700935936929 2.2500535983592393 0.43591194238651276 4.712116002934546
#
7.985362548622154 7.465282206473705 0.907740849945168 5.032838411788186
1.0544728314980096 9.164237743875532 9.973527407023013 9.524166876141486
7.7587145077783415 1.8407562061889924 3.7193336910496777 1.3006191157620908
5.370103256525495 4.354655221082423 2.418350242210633 5.794133611266532
2.1353007734718963 2.0350037574500317 4.601094356260982 1.951579655427853
2.72849723840563 8.198663861036454 4.449006669036812 3.2993830501915378
2.2986686964865464 0.6681276265806808 7.886097655220912 0.5376646797842488
1.6954145916843353 6.469103859858379 8.019011277511952 7.136508196542623
3.9855339967495604 6.266423184661293 1.6534269082833606 7.541988573733715
0.6195224262237362 9.330222767377325 0.3324695145204819 1.7387810570860234
9.401325380790823 7.666290229935266 1.3200029631773944 3.712317836089599
6.831791923004619 0.5225638884987127 5.237360307385065 9.799969745555419
1.4859976908275847 7.8410088072044335 8.947800490958103 9.34240690886332
6.6619720505578375 9.241135531801529 0.3363413176001835 8.820045983504981
9.249883526540334 4.7259625987326634 1.3050076958618604 9.83154160459096
2.5760166806927915 8.283639543441506 3.5728697168694037 5.613446388035884
1.5514487833952173 7.129109004670546 3.9415232150795685 4.230355715467677
0.4146326973020633 9.68746234305144 8.182966635733138 4.5721940331445525
3.881433120516928 1.1573510933684532 3.750236860499772 6.972696203860151
1.468141080443314 7.916221890427689 4.241339458406749 4.550577249657497
1.703691764654054 1.8238966221394706 9.511087613404051 4.362504826046644
5.161692542166377 6.33367402795322 0.9596785562833947 7.3513277241264765
8.015058775563972 3.3705801395980126 1.6869864903942182 4.240536005629817
4.760980336324074 9.635266863644418 0.2796596841490029 9.8216316106896
8.723284430772365 4.121340264326739 2.596013081154323 3.4183994399310085
3.84479675402278 8.18051218230522 3.1797591876773534 9.872993065794695
9.766822373079329 1.6979481604294726 7.804764513660865 0.7222594777523206
7.1128207045287875 5.0042485061693585 4.089997732066548 3.2163931915225445
4.278319144302122 5.607650770958897 1.5172490294480805 8.413679550719372
6.74363067524825 7.8894439798173135 0.21295954090611957 6.251397986617265
6.857709437540665 7.317056827937964 2.054250469804799 6.757924014541302
1.9624277846218146 9.927699070628197 5.370445626257091 1.1665502042315312
1.2598907035100013 8.560268111412942 4.428534034611316 4.110000077183358
6.3226044782140765 5.709183761258419 6.469309544008995 0.36092657933731687
3.185964667875311 1.6308401963163255 4.298791151761261 5.324101029167441
9.006455567864808 6.402072203543986 3.603926191118994 1.2684788932834001
7.012315708553026 0.5197907333191925 8.451296492596459 8.533973688675085
5.188629637690873 2.972904995671218 3.691042338973154 9.433368789982836
7.837739530319287 1.8153840279126032 3.0885092731422064 9.312892550570632
7.169840095359795 0.13180466985371986 7.678263305041069 8.413294927604333
2.2178615174647094 3.158342083755029 4.395816117954863 4.462567301330289
1.891644114987376 4.710075098359974 6.139473056604498 8.83139961354467
6.425476212258329 1.3166117436407623 7.831976921176999 3.91127853779152
2.1178312041721843 3.8880695824599982 4.722364295896227 5.274139693664419
5.055186954910212 8.184967269244364 1.8710728877971579 1.0724333707761091
3.9416172001025678 8.46828038655647 1.807765284869299 0.6493782253235985
0.18717485564695036 5.27729080122134 3.258944706690717 9.757000467951176
7.652184892958539 4.152177528548561 9.011020901766845 0.35022523633675284
6.638483813984433 0.9234509303638356 6.1516757604437124 1.3925435031863258
2.7664895348987746 0.6470413373077841 8.121233236992554 5.633489513626203
5.93641591116004 0.5690092243298439 8.163955144098484 5.458358975664796
9.478662692878551 1.9084612243712087 1.4672646667615656 4.264340512155169
6.33059210336781 0.5750326699169888 9.198247294209024 3.2419101598420896
6.231511674072014 8.094610998440675 1.505701673719031 6.259027360428364
3.40840322663039 1.3354867894168674 6.1644819885526045 4.017761992213261
7.944398454645276 5.280811507750957 7.827742392704296 0.3670086070934788
1.7175315606332222 4.063464370605876 7.06728583448969 8.993162774677193
8.777786203619975 0.8875596119644023 1.4852851919679164 7.249522418365703
2.828428742261237 0.7183186622728401 3.7954815765017367 8.482058186627008
9.314233497917707 5.130323082623147 3.3170467416446296 0.3797683982015041
3.848494855151161 0.6309811353639185 8.006047851419087 6.988469886788742
3.3778455917089816 1.698055297915836 5.781496594923431 2.1687381109732056
6.283105074459012 0.9527350168215882 3.454630606366468 7.036012791769116
3.962076486137713 7.115952922419169 0.18642166159963658 9.947129597071822
3.8501608684193718 8.101661947381604 2.8238527798964297 5.401824425755027
8.69580842078333 0.5970705212436309 3.7036995242707658 3.05570137298333
7.945314367207539 3.6681362821529935 6.399647408851806 0.7808558987292589
7.9626793806470655 8.454635321256852 0.4736910173026123 5.496465303969212
4.636397912140563 6.2497801045421 3.6720144263519936 0.8395329609488904
5.874740437656813 2.3076498673897348 3.00173869208706 7.474489292717653
6.991630103798031 6.62157875412879 3.326693893730802 4.911107361447324
9.534095602967799 4.151997805876191 5.069161680042549 0.3643441614262626
8.80005856341451 8.699877999478456 4.9894161210254335 0.41128588173568303
6.984919035163456 1.5151054061169513 6.091573894126707 2.362915481187616
5.915977425655811 2.6746907020976507 7.866434609544564 1.0690776370743
7.260621557689882 2.420606696435857 5.372080339612923 0.8858723279405085
1.9429734011862827 7.037534777956907 6.978630161524897 7.870355707854115
2.165360486464426 1.3652707939537403 2.326922202384314 9.966109461480777
2.0468215615714014 9.215839013612326 2.719370060406944 0.7714067204905222
9.716485058298913 5.991755645289494 2.7345211795728 2.4656394033030695
4.125439082243349 3.9939390132306 1.8350442545453651 6.803403591679736
3.7914827251437773 5.059181463604136 3.5072882199094835 1.8392960729983856
2.537293104009538 9.470146106351201 0.570036972016104 0.9063869944672067
6.701724578149553 2.8196311618596384 4.380695710920425 4.227862350940207
6.251052325312293 6.116893137541342 5.151019783760658 1.4934216340406379
2.8717423673071294 1.472483331878316 5.325236310804085 6.503576830530906
8.621282974437644 0.816736842218492 4.127807645890351 4.824516786582422
6.966770083274872 5.178726526589302 0.991144916704191 8.488774326313003
1.9726146855909872 5.110784005713832 4.066383127196781 8.77030995712157
3.8603342481214398 8.907006440860453 0.6447685635170819 7.361504549838488
6.441782918011719 6.91420729839341 9.625603025494051 0.10016235777879157
6.9379415985168755 4.726684359176243 0.18999274441506486 8.859875971407135
1.6504625675502376 7.248013047570831 7.423196578019577 4.055395712355477
9.91879607228767 3.2090305481010652 2.0678747783689464 1.6925154300971221
8.07138228214378 2.1367786092420054 7.29431691720251 1.2131542270917333
5.32366000213047 5.323645999113481 8.309110229196751 0.2666367377426093
4.273834640654696 7.220366922246843 2.1671598729950277 2.5534964363797323
7.17103553349642 0.16889531957425508 5.257821670246269 7.803891594394551
1.393910877626368 9.05932276796301 4.031349401963258 8.339446565739216
7.929929952016084 5.752819872904294 7.714521142901974 0.1643728014813668
#
