#
0.9338364482819648 8.17571650741755 8.033304330982105 8.428862850316536 1.3433948290286102
3.1023952456546002 3.8250467305944875 3.4605504250178463 3.4612072252927364 0.7248524907452172
8.214739089427688 3.324786343978435 6.852425699309079 9.091555680041564 2.564764017591896
7.901463383587884 1.758886337631588 4.811656773058152 9.708322926740703 7.721326761290275
0.8800989013235307 9.778354780731807 5.485349243468454 1.5164614190967893 4.96491097037562
4.422479996753968 9.394077481432836 0.688266855510479 8.234816603661706 8.587727191005303
9.724771815555815 4.748672700905863 0.8615456783006765 3.2759377792537996 5.148476324160228
9.14649129516829 0.8284136803304802 9.996175815245643 4.878973682929988 7.112890011971558
7.111059214887456 6.8087303047670815 0.9095293729006144 6.678162518592589 7.406784883061606
6.649589216057116 5.7668575343947985 5.240687816075675 3.8568442629433335 0.26853471473290913
1.2700743036857043 5.518422638524422 5.831185052539498 6.726971628232154 5.419691913544594
2.9766151128864413 6.4608075920750405 7.967126955515036 8.677718092554183 1.9842299173432933
7.704790622730458 0.6364721320770848 9.067187888039552 9.378234562517198 3.509280898785051
5.264757303477907 3.532039782167887 6.8063364780639155 5.488261953983051 6.298100510041253
1.8437265814733053 5.843819113842635 2.9472538496361236 1.9986684638887335 8.077615461807609
0.40162314538648847 3.597383412240861 7.036450296730374 4.015071806350041 2.867955838567101
4.702843479382071 1.7214125423159943 4.9601651139581024 9.36720682820706 1.7367756245161345
3.893282962158155 3.0596990072889483 4.0006657168387125 9.776288350328404 4.903600317531637
0.2486629146148127 3.2521274594595018 6.78898542845598 7.2367178406535455 5.367343401330836
5.301518279535584 2.8188058413259696 0.5465380839296934 1.1978591615212748 7.86285864238461
4.214529994331423 7.097420267119869 0.7879138595512867 5.5407097158931915 9.871670420333201
3.2843912104457593 5.701374535693641 1.9630218398554762 0.8928675483313544 4.286469937450361
2.012982495376603 3.8264508770723946 1.8574419453757445 9.438772806639033 7.121048342546226
8.259786108185022 0.9855801707682152 9.736630192698591 5.856471530046889 8.460016377575233
3.7871365182886683 4.391199545688275 0.912218848816635 8.23401313474961 4.577655507118361
4.981343297597799 2.274375059391459 4.327733721346067 3.4621436617831103 8.381209896605277
2.1293255351435683 6.051225022413122 1.9622070187032699 1.9026689611032297 3.369774248106352
2.613602566989977 5.8613781825898625 8.058292715951868 1.6573252975026431 5.487230981569092
0.9895276039697984 6.526308643719253 7.864212465592244 1.2962815873199793 1.2984835623177888
3.254977307376679 1.2350439968018425 8.342315245697348 2.749068850534751 3.174012056767012
3.173406398045692 3.6817508266381336 1.7115042333867172 1.5853177388280901 1.2924311149265684
6.759356319184731 5.072653905703373 3.6442412320045383 1.431348308893234 1.723975043714506
1.1777818916197353 2.7285685927091556 2.3257871466399602 2.8891969009393814 7.55304671821721
3.6330201292836617 2.355758554187081 8.14152228091646 1.0170785756239384 1.667581367613184
0.16526178906561295 8.69404373407458 7.337402888920019 6.293509304556881 5.640065650802587
8.497273636690172 9.093618468508035 1.7345150235538633 0.2575797016051542 5.609008902255215
5.589739420879571 4.548646331578178 6.736556537772193 5.980345217168877 0.4732564627712721
4.534511285155199 3.8647090049960435 0.6359220267240699 9.220801247183886 1.9847036065614554
5.559349679250584 1.8300984673155698 5.384749079992703 5.9328234584729245 4.728166392393915
0.47109057521938524 9.841590137312092 2.9127380838996584 7.808395478678493 9.65625845333707
4.005719070289218 2.6884311700096424 2.65146849518676 3.7729490003136332 7.951542729372518
7.422137956850262 1.421671532646676 9.732078262507468 8.48519063962977 0.15806804853679246
2.052240706095993 4.349375419830758 8.51666326279907 3.250994531251721 4.510453016301723
2.883327564604889 8.869940189812318 6.453925536806677 1.1168136015922792 2.765256575591689
6.486312491292207 9.909015327961885 9.675513673533107 3.6754863585870448 0.5860786346569835
5.397968465100966 4.893157916246717 4.29496637576841 0.5741498459652412 7.556120842603529
3.3330101418269353 1.9678121094633383 8.626119916158757 2.4031176612137624 4.428738243546974
7.361937285706386 5.4106956885337585 1.530877466309088 1.3969486056936313 7.334718281213362
0.3428712021775704 3.962734918369151 9.908786731878944 8.58664126683414 2.6078565033054573
6.316410963392446 1.1211998420933256 6.0106492810791 0.6346751012803695 5.448619705624557
0.9279704380961995 4.758500746616279 8.82477491413587 2.2451590725442294 1.6115946871837585
1.6945742285681358 7.480161895307284 8.212632083697857 2.6261762182405626 0.658058171162395
2.275582757947403 6.913442786681336 2.437132176567598 0.9043307684022768 3.944121130857179
9.740191983964806 4.020440284155877 7.03387030481451 1.2728763246729211 0.5734407262698369
1.0085729702279371 2.1982589809569197 4.432625100734323 7.0879997910321695 4.939556480848593
2.3872646117204015 2.8422285184246086 7.85625795901433 3.6530834537937964 2.3571810901414554
2.3889004153522895 6.56246997486159 1.9159517550994525 6.029845868395605 2.334443191691405
6.372173457248643 3.6772903528593686 4.5634076782067785 8.590060563860476 3.5062912373701787
5.280174611352891 6.933098564618988 5.39628184261878 0.3580542735774195 1.999331229564112
0.35623879798367497 8.57161448293403 7.064217057757595 8.417295945684263 3.319604356393591
1.0845129010813568 7.904920365441339 6.9405818322185855 5.172612860082325 9.931660218718848
7.328192907566715 9.89236131050679 7.759395197315467 0.16690987847207772 9.498260047693798
1.1432271156677105 4.362836016414882 2.0906407358685133 4.023123879957274 5.480618533359519
1.490715174712407 4.374890202988146 6.1137899375902 9.268365699522748 0.11014275170400278
8.701209703681807 5.251524307206628 1.2408160726751234 6.374652728863213 3.0465488858280114
8.235809994974595 3.0873951861954745 5.139767690000536 2.7558170415707433 1.9287087225538464
4.309616182316005 2.1334402853817305 3.9844282632075316 8.857251852123824 2.9217864600643013
6.0549803434417075 3.6142800357109586 1.983574804345512 8.767913173073417 5.466196234923833
1.271600869954936 4.744709605070462 9.58945339234533 3.6608394033533607 1.5610468914990885
2.6312354010951786 3.843477547656157 2.4609141745397154 2.663799217719072 6.598742456535982
#
6.670549934571737 8.696739608735484 5.81144022002384 6.198968572693171 6.288951551876718
7.27401039659139 9.86067786067973 6.622461737127151 5.276385770674419 9.41879952556193
3.2185294157286473 4.060473971583525 9.833867227957553 0.29325967241154416 5.3969703899805825
2.640965967367162 3.939724367924436 5.273946740157889 8.268892792220901 3.655304735667376
9.311335975202113 2.1568930407303597 9.96241176603651 6.949171460326568 3.9363635608661833
7.3040653013051635 6.462528538660269 6.967811031829987 3.545380420725648 2.5246978062844594
3.9311139577257244 2.0946550677634432 6.737933245251871 6.33828053418274 7.86352790131083
2.207188175888077 9.434666370620175 3.888162871365939 7.693467020230244 3.6486188010076566
8.743960266838307 0.4599630610574881 0.584490722495711 9.43910965583965 8.863907699313458
7.800921493408019 2.3191049530331753 5.285253898621363 7.231224762504274 8.20293481118347
1.724411442264544 7.356278374955588 7.472169093071057 5.16325055356446 6.840072742521314
2.6701993156504344 7.434222293129243 9.809911650200354 0.5212261658793373 0.8797763524879176
5.472049880964227 3.4867559637494283 7.747804652363483 8.083411099629805 0.341346272474933
3.357004976437195 4.059112507223411 5.507843533218336 8.638905468207994 2.128151427693234
5.334492088361758 2.2201489696442493 1.2034963036313409 8.71452590438177 1.9244109027493765
9.676496503228904 1.5273692184308003 6.610157296471334 1.7456246599544825 8.230469458662082
9.659001090007136 1.7941314358134126 0.4192338489622882 4.474227305856586 2.6078531402763567
9.227253945748615 9.658535816429307 1.6574636219552397 0.11865693409197409 4.299494880006996
4.441170951838412 2.216834770158593 7.133208666225711 3.50968203969758 3.9638390752751933
7.417610411501399 6.467057372517198 4.950208537839401 6.334664286739347 5.837243933250951
2.644373352032707 1.6875857665058187 6.901847889845224 8.509414618918536 8.39417538569406
8.331328215794947 8.147527551394312 2.898179878980894 4.553673928697517 9.012397007635421
9.179902198661562 6.117285821323117 4.9761392163639275 6.8199325155163955 8.320313235179128
0.9119206087575105 3.3802491456107813 8.67194660215684 1.0892083420276655 9.706224053133331
1.9404715979682443 2.1320258492794877 2.084290481762562 9.581867721777378 4.975131107476803
7.112837141650457 8.629532890505981 7.5566156781061125 8.156341057202393 2.6450404304068162
2.114584578751722 4.9708186046734495 1.1189449691141355 8.199079996126024 7.661672184758743
6.985017261429461 7.596823726721766 0.2944866709281886 9.618428412049177 3.1353685404605622
9.6027551359387 7.350007226946765 4.428458362999013 6.185541756226574 5.562943699353594
4.430326229468995 8.91834417776399 9.682775359235885 4.321513804786726 7.035567687145799
8.945131163251384 8.485816040876278 6.041260653010397 0.8414090632673838 8.81983209577618
1.1592583918732724 6.035461917236788 8.717359068539775 2.7218163148667234 7.069578957026726
5.176519008010281 1.8712584076033107 9.988818169114836 9.283650848882658 1.7914129926686666
2.4253186182992805 3.2466889619586725 5.369572978983534 7.063182849090822 3.4746712886320124
4.083260978556531 3.968824584972771 6.962849501290556 9.234168292089404 0.8143831275320572
0.9871504402805931 2.973756791703346 9.29910169254269 7.330115801859674 4.010631241058146
8.121624332613225 0.8486716963347671 9.761387180982016 7.428426233487769 0.4424901840492357
7.479417282861988 4.853129516542686 7.681748371299298 0.7758995844577203 2.3107011028939626
5.074539543903558 1.7047065880742633 6.184945077876314 5.875651009479922 6.154305490153913
4.709455710919447 3.5242413648577036 9.536562213088983 0.9260546686304858 4.8185780690444115
5.005265920435838 3.047139216143903 1.889571746843767 8.892359066112515 5.453119450086523
1.4757377920732218 2.461134836732208 8.710822305772645 4.599541987560117 8.913268592363053
2.3429612280784546 8.56619278905359 3.7144494871293308 9.702417671226993 1.6927885085211103
5.678117497574565 5.122643998677992 9.905335166830415 5.197822407434653 2.4259675699695866
1.8262329477295816 3.3214518464569585 4.234976178613718 9.005426416419313 7.986050420612108
6.582431435778838 9.921726277929668 2.416971667662023 1.3925207756558708 5.759333811329988
6.134914153717671 0.5418336165118571 2.2030682485674196 3.8904818447401004 9.78490543356978
6.421813875872599 5.117531581308583 7.993726929846156 2.7635809227157337 6.228841668688422
7.751990007772574 4.01943984177649 5.642121275256416 3.134288745346546 0.37301153566758405
1.5375671719870447 9.805054781552183 8.165762270897572 4.725363343366273 9.094587417353083
8.99136972926589 7.250359980878503 5.231407321752377 2.0011488373044757 1.836102419320052
2.9777962898434596 6.2699583990080185 3.957618997364216 9.56400716980314 1.0432000247978603
9.921388213981732 2.9240610386883046 3.9023504354414413 4.314466652219292 1.71101754844678
5.170186468008949 3.6427202208416345 7.1083338059620775 2.7912064849262137 6.546468548708704
5.870959309586547 7.6697773038688535 9.556042963686874 4.728949199076497 2.8149594234686712
3.391223235111968 2.6420570939760784 3.614920214462308 9.72537594604664 2.561269745070317
3.2202299720771212 0.7425858791900293 5.660144499645137 8.42865066830503 6.547452849009412
1.152095660823885 3.698303335473943 6.970469546672066 5.112152820793481 9.605142015301423
9.250202525639953 2.8139055644776447 1.842640081046298 6.301349726307985 0.36757417223825417
8.5386468123851 9.406134039875152 1.8799040408641803 0.3600717637245703 2.318428560059617
8.114274797859666 0.23421154983439685 9.222915149543647 9.540123965169798 7.095207163469215
8.020090286612998 3.7680040866876956 6.431856705965906 3.9482267555078083 9.14180997249014
2.331658557495488 9.397984323172826 0.7039348761676658 8.440221295550051 7.067355441585499
2.4875206329015827 7.587174730616895 8.076237364398835 3.946865984959729 8.83115422536646
5.229702982860548 4.651440072851591 1.753277413617651 7.7550981197285225 4.488140957089639
5.220379534426699 1.5540352570368055 3.7365490623718474 9.632235421375892 3.8273893996089203
2.9149575586349137 0.9154426591157545 7.120149284314865 8.819264891759786 6.131468791487038
4.520579050823715 7.632979714819924 4.4770364170956976 9.27538776191077 5.709040833674148
6.82992027168626 9.699003800225679 2.8773431154031637 7.040172324001364 2.476239182363785
5.518528879356694 9.889563065147858 6.96024342112016 3.301895050832977 1.7018650728165783
#
2.3969731120036384 6.873023579484556 4.051453649858351 6.1431445324079 5.331067296159702
4.434120941041996 2.572813571808583 1.561936720416866 1.8716153220323877 2.861405697444315
8.863430905228814 3.488488672868928 2.181119603950325 1.8511623886416575 3.724306221160643
9.527024579578317 2.0487342837962164 4.073584824666284 8.037342854097332 6.539121936724783
9.57878749368917 9.657921278757957 2.297196192235498 0.6826689080178427 2.352136876108622
3.09801854334027 5.131666540140674 4.839568787438228 2.892871274157164 4.009048872478084
0.6553566630243681 2.2482312215255176 2.2151358987822043 8.541545427681772 3.565483617530084
3.66998295854311 4.378093302652261 8.455356805097628 5.98722555058478 5.391145549817278
7.426468459581134 0.3801509283553228 2.8904692692310707 9.041449944044334 8.654838926136689
4.77871761564834 0.8001181054511379 1.4696708921854547 8.325297306542122 4.273155230405544
0.8274443626816952 1.944199745076289 4.963453402676026 6.622548661863559 3.4732039107529453
7.589504756578129 0.7485161165470524 5.616434850838602 1.5967488775837113 4.700174822437152
0.1432669978805965 9.080907112856142 0.7883497463861362 3.038416233213715 5.332807609551309
0.5549141539272178 9.636648976403904 8.771631065132476 1.3318179090697821 7.826954026305339
1.7301440561376844 3.644387080053423 7.83940959120854 3.625379594549392 7.231007106062259
6.1046874786621625 6.526286024524897 3.413362041852288 1.7520130852474858 7.548319096839595
3.264830079072814 1.6331117415295706 6.021970557810731 5.301237149664955 8.197105948754379
6.4486039915817335 9.450500705628773 5.270552434194961 5.008827462759527 0.3927621837572097
4.675093397503973 7.9759435615795535 8.67153666527512 0.22916894240285401 7.154090695852435
8.897113285154829 6.322139234601552 0.8431244178659103 7.915744476291757 6.522497370553319
2.4074194571835497 8.169826391297352 8.823367766517533 1.2573275567049453 3.769792681098867
2.0634927237903447 1.2065941397930944 7.780237419188543 3.917217423596237 9.48644451402045
8.160296746997698 7.9129921723536665 7.808657983960272 0.6407951803623684 7.305627383374523
2.336136551756909 2.9228753554105933 6.05425406054227 6.308152562533075 2.898106579237642
3.345823095994029 5.477639664064077 9.233261512029745 1.2330343552592753 2.360649882934673
3.9757568090748405 5.82460849584886 7.355349376775639 3.373651553276845 2.460715815753377
3.4834774252803706 5.043345678735838 1.6615889683858462 7.562201457380365 3.041172527147264
2.181431012607978 6.052978907782347 5.2773373304231415 3.9418964536841714 5.130663864193639
5.881019130007135 0.3592844461112472 8.778763150896124 7.934203038919764 9.92729457590666
8.997491583215886 8.377538146504094 3.681681864948869 3.9590397815008274 1.5696062500401409
7.150109533243838 6.2454547466233965 4.560163051241581 0.7840110815675017 5.333837945778816
8.287804268891412 3.051630143891468 4.290034824362964 0.30237426498261577 9.408983961553076
2.9864037242569967 2.2954126642657005 5.524284153914611 6.96879851306295 2.3458540231911122
5.968499229526729 1.052456037467917 6.019012862459992 4.4965014704844215 9.647819716669112
4.186925792772538 3.5360690713594822 8.157137103939228 4.266871810452284 8.319982240737877
1.5854152159614987 8.49179278438487 5.363462391987783 2.9880848792237424 7.8330471043435494
2.923939515551072 7.7168915136873 0.15301992979436552 2.139904137954559 2.589543002713365
4.0639146338715015 0.45840752294948484 2.7975606760120857 9.895525881705229 9.365156380835725
8.024952825618664 2.660898200588044 9.50620750090019 1.4369401872593301 5.851992791262919
0.16818794247652047 8.032400570503064 3.813351920215262 2.6270936751684855 9.721910716819556
9.704663275707201 5.2074894380423915 0.48426753637247355 9.709472942086744 1.164130598146964
4.696232453371918 5.274441400478697 9.825923285301757 8.187928219288105 2.0255453061022664
9.232930035838608 4.541509693393369 2.4104141066690006 6.507015936928107 1.0701335867215254
8.447043871995305 4.08514389913416 5.4925555532897254 3.9922942361427225 2.120137061963355
1.8859586480623012 8.790253600208148 3.3015723752210784 8.057980850899588 0.476424125006055
9.634252360622458 9.804117745755732 6.49819057638482 1.3777808012039818 1.4061906476170263
5.150935076456735 2.4762179853688497 3.430183226517444 7.969453996471002 9.50957082734899
3.5951867687621117 4.9817373574785275 4.832577229729522 6.220320518214796 8.359119781178684
7.3557028267545865 9.279644319491844 7.367174082136986 0.38642110364428195 6.885198039872385
4.280168349302879 1.371474981033586 9.641089246652808 3.455522032665443 5.394482806451731
0.6575913071184392 0.15985821036385772 4.4954257990572195 8.201427858358116 3.0901585957361752
1.1607779808367549 8.675658524205364 4.35806043441595 6.570801915186644 6.300094915379327
7.765131095846913 9.325709379482015 4.005173740944633 1.199555458186556 8.388520856792695
2.3044632786080386 7.166210612472195 5.259579815298687 4.864994827195768 2.0563228840488756
5.842562643297147 2.076799125835951 3.893167268425032 8.932201789268806 2.2197100885840384
0.744321723141316 1.2513680709063464 6.865099077395885 7.299588885984754 9.892061899495792
0.24841215573214193 6.967656562993689 5.63909215645145 2.1302962196712136 3.2969827394576234
9.479727964040293 8.278066995001414 5.88793467496008 6.200620181870326 0.4698861567117003
7.585230046937994 4.011981231011911 3.730338817690578 8.99650219342357 1.5634308550072435
6.8399129283358135 2.223997010238002 4.9565457293779 1.2819490441894037 6.459910262611208
9.851345040020846 6.40949624356802 6.434385067663245 9.679407662462772 0.7214599481251689
3.3266129297848352 3.865757682294528 9.263662356956317 3.8765432831194584 2.840368947733745
0.8122558560367334 2.8651814432850062 0.41781863376214545 8.311994654769542 3.6545913032732416
3.696957224874514 7.608728787502909 4.073140187962712 5.8279100384511775 5.370404500030075
9.227272083977534 7.220241717987284 6.393942464479232 9.854547173880167 0.5518644097731125
8.56254302196031 9.509668242246768 1.9621486048009587 0.7482694029804007 9.249939591623829
1.2802291556099026 8.03131134553843 4.466220825611665 2.543306128586015 7.994654088617455
2.495734443083809 7.324407310056129 3.4131594256877804 4.219292317835915 8.801300627563917
2.7300304200919414 5.425646261446095 6.812394927735998 1.5011580646622824 8.378095863044283
1.1593141342534943 9.239597276758776 3.114195446312473 1.8758271990404056 3.2694101743445287
#
5.07407077130025 6.317440188598688 0.584401098576933 2.6171675922039817 5.095496643531485
9.708819495620862 3.757290441777392 9.1920871630409 4.496474109856988 0.4195519975082833
0.6008257247160245 7.608682756186156 4.772894128533754 2.026854476397124 4.458085192602147
6.310998093141475 7.8241177227055 3.2220459317257735 1.8511567620796048 7.968442639805945
7.962035908017316 8.923740048467586 2.0744930306273726 1.2747103810600722 7.0386729086024395
6.506986584760478 1.704151181167492 9.220423384702396 4.766249728090187 1.2335008090090702
5.614271856091048 6.286300127286534 0.3637680231392766 1.110048219691973 9.578922957607759
1.7659699856340811 1.8388623390553662 3.818595576395419 0.7827386971406494 4.243921294341311
3.3972666445065443 8.085716759188966 5.708174324677832 4.50824113661848 2.5972004401840265
2.9914510062759394 5.183400874266727 9.386053858729092 5.273456249624364 4.0590348002754695
7.015082269060677 3.3091052538387253 7.112881241357625 0.4514398498929655 4.005308285158898
7.421734363392865 5.1888468723136105 3.448667001491102 6.524573631881404 1.2957385629987663
9.63759892494129 1.640741274387282 8.124812214513032 1.5643224288277144 5.345464068766558
3.228093342640924 5.120282525282884 3.766146189443801 8.829314348795291 8.75114354486604
3.310345137436023 1.7602160987002344 8.682714825410562 6.668113476461292 7.822612510172792
6.483040065745134 8.836053458039196 6.686257631596238 7.673375966288935 0.6832993734006996
5.471475270907738 3.9616398040698 9.335874587876226 0.7359695631512366 7.665260877952739
2.98057005354915 3.0070099094316847 4.51457789250756 7.701500676700729 1.3468682964092276
6.489176222365158 1.0130424889184164 5.687450537210668 6.040573555508296 6.129399885488534
4.902635607624575 6.481056367240626 3.5543099268349607 0.689029179755372 7.688564867092894
7.379716645537344 5.527953119547561 8.951896010386267 2.06334572783982 1.8578058762959682
6.299134967650551 3.043176940896822 0.5972671259071829 4.447629744884937 4.307064890246155
0.38696908837579347 7.304097903555748 6.943096868575806 2.0961277909917118 2.304949055368767
5.325754332536774 6.365649367500015 9.611843529614118 3.7713643244051758 2.167406012610859
5.380708519236816 8.178539619368626 6.180868517265392 0.5481721818442855 1.1583598730173796
2.3374401992157656 6.086510967914133 7.6925451468775385 9.690869285152496 2.944924858630384
0.9291879007311508 9.369050724738987 1.5948376190487377 6.348614262835731 9.054968239973526
3.169433353729414 0.5024639302521159 4.2575903480191695 7.147437236667014 7.340811861746667
4.745581307284437 1.4668334406839758 8.25342964204108 3.273357139626368 5.22072340472851
3.7430991135987215 8.54757464965749 6.055022788142092 6.416668692595946 1.386796764129958
0.33374372452584566 4.025486148585445 6.588689223872192 2.047699837712035 5.590608442351364
4.208885141918175 5.7970944875495265 1.5059454506859051 3.700146674190216 9.931641985983969
5.645778236327641 9.432248281240987 5.099972835264627 7.142490209334644 0.5581268632337739
0.6459674753239302 2.47283393675993 3.3469303047510164 8.942438836021452 6.796345052296841
5.536012797426901 6.16034995294417 3.4793564998845934 0.35264540484702245 1.9352952692157808
4.294291036190533 7.554871404684352 2.002139812952871 5.357598138229828 0.9308818485776147
5.4898009351081685 2.6057694475529174 5.5758779461555825 9.659228397582012 2.297169145091243
0.3401703694113918 1.7725145854806792 9.420485825340842 3.637477212373045 4.056916820329361
2.254864714598484 5.205573917519202 1.8117265551261896 3.578483695799597 5.779992173013741
2.3463073106474024 3.7937381006180626 2.8922387204231317 9.56341045687753 2.9194735742568674
9.341170063286826 6.115848906632943 6.822241616475452 1.2863987304587843 3.1568109719797057
5.107247698786027 1.0209467552068983 7.518664440994305 2.7905833218574014 5.151550967176806
2.6487909639018565 0.47471667894271974 7.91489308363872 9.807310440544345 6.259372646014525
5.420342762249136 9.76484958194542 1.7657665995917666 1.5387289452573114 3.689088665703099
9.6433682324815 1.9074046638927893 1.6106623351948013 0.38130036975054526 3.868334799846246
2.4282187802666373 0.9734282742541813 9.467872074017738 3.4185919139926764 4.719606270890125
7.342295478515396 2.540355624908198 0.32306092082826865 4.154512171471611 4.678615537758128
0.12139461035174115 7.955312138703958 9.380067480222802 7.997562497958439 9.246595279312832
6.411195297041255 2.7922909638477234 1.985058506400105 3.230984512712104 6.739196167557779
3.867020164340972 1.2244689229816355 9.465182632677067 3.427475888975308 8.453650822724134
4.382277461754223 5.724244279175588 8.715897780532458 7.07447309559781 1.2549301249452234
0.4571930660650114 9.403856453195647 6.949699916900066 2.9402236528206203 1.0706955514197922
8.467677417797427 5.686166056021155 6.029598843650799 5.666893732551693 4.142093311760596
1.8245421646802082 7.647652368759189 5.178217971587604 8.226008574589159 3.1773192628117553
4.313584443708785 3.575694091973289 2.3623085385682776 0.11437516877529497 8.825996924581936
7.030100180925825 0.8367364213072541 3.1346226556423638 8.017093813854059 0.5562292827074948
8.532380398894283 6.773862628807281 1.9942161291474974 0.3321388612226901 7.001667030726482
3.428864649422202 8.981552116091258 2.020418461591568 9.965541669683425 5.088219834570358
9.199184062622763 1.819453622742894 6.917273820812644 2.016888424327338 7.138481667658427
3.5979671110045084 0.8928762428795158 6.542964223980197 6.624140052305101 8.303008145432223
4.680505700719195 9.54600117546413 1.3521386170997602 3.845516121852099 3.512414548094946
3.4092088737895727 6.9192389131684875 9.594128987040401 8.707573036490375 0.34966407609164296
2.8217473369724457 7.767975967218629 1.8433524969251245 6.03704335689243 5.249866700358657
3.0070728965003677 6.464864997941737 9.833643154330469 8.526682839816594 0.9158200052720069
2.5456459001860683 9.449746898445241 1.7552164246340318 1.7241689054002443 5.36368382866813
0.2828722113587121 9.846645104278961 2.458885484283996 2.719790273082859 0.665796892977272
9.463509748134182 7.535396826939051 1.4298617301694723 2.14148591875366 9.141153517968757
5.955880448223529 9.169297203332953 0.32078880857927405 1.8007111596061636 0.7198812906327374
5.0524876803398335 4.359300587700982 2.1889707463651358 5.384463722709208 4.819801854358474
4.095330136256602 5.003703043133417 8.399567181116335 5.887358038788046 1.8944252155824617
#
0.4564287249246677 6.223734359250807 4.241368278113978 3.087832121815959 7.748405947675558
1.6600226312433417 6.619297324975323 1.7023222465422752 6.72000928208465 1.515133488216701
4.87443904041416 1.2611914812147593 6.766006957021544 1.8788611883597586 4.503805268964219
2.746415609586149 2.203450806381518 1.4801320125651847 2.620068745331389 9.836575326157401
6.972461365773915 0.2113901058122023 9.996821537578203 1.7126827088563426 7.232976073162392
8.167729894169078 6.476881559618488 7.647013151202587 9.29930791145873 3.9705404466764396
7.932230284666231 1.4171270868664432 6.156818004815564 4.946236998703386 9.594442191311261
7.937462874429175 1.1854869186029502 3.2758287493432467 0.7461520500006502 8.613785678465801
7.901208224415595 5.485517484819404 1.517003247110872 1.7270057990860668 4.24266400781755
5.466554887340533 0.3216595449884556 7.0498661482007865 9.29228056826216 6.395792614539571
3.8357586259920518 3.5134108229920757 0.9808788635374226 6.901233024860554 5.20313375062615
1.585942261860692 7.007323071723181 9.114058148014372 8.225694035709765 4.8427968090150495
1.975107300985862 4.0737728753881 8.189725487502228 6.539377854249761 7.260345535751047
5.296803561678809 1.5664831946176667 9.949543477478331 2.8090887525256463 1.8495913169811455
5.472198462770832 5.556615548116763 9.634585941299932 1.1751600197342125 8.72388171995382
0.1166357028918883 2.3737296320320405 8.158545931919605 7.180770811236178 9.71796453985571
2.7115217393407414 0.43316423697005035 9.435931600254479 1.9316776733337147 4.188132972698224
2.0090278313166987 2.954366411851804 4.421146354025963 5.072844455070524 7.277690207359309
1.60277898929845 8.58525113489834 0.3687128353441853 2.0855121026596777 7.207822514827788
6.5772836316906105 3.0905176377018253 9.18570536238507 3.9778143789683966 1.9823216783889381
8.424738091666889 1.5244164281697978 1.859236226279576 6.835513625267314 4.0452082766208814
0.57387874064126 9.312532369923435 2.194575131788052 0.7875711279310211 6.386335721387606
2.333247198044147 6.616383438898805 8.389935285979867 5.133696203116257 4.6035076097011345
3.3802305233269534 8.057271053527312 7.123997458599973 4.626989973074987 7.420338512694077
5.06141586336573 7.077632284566675 5.181551892853237 2.3600562172499613 5.050705694430672
4.379422155541699 9.054143002420698 2.128006084444468 2.5752884108632075 1.6035143032794617
3.713152674064774 0.8356181830134277 9.491177068148083 7.1154793461471515 0.8323320748476153
9.21002562019509 5.274168736958916 5.268914544516922 7.023475896421232 1.5047926508716287
5.963297674598475 2.178944159771535 1.2656047158445238 9.976002707082312 9.007379358996959
2.5760777822523555 6.055889156531983 0.7538434174153581 7.328130305436936 8.304534050159747
3.56992154587524 0.41286927374612237 8.825027454801608 7.330811476353745 2.5849061370210036
1.382087580634301 9.746821042172801 4.437161644894434 5.501389548450566 0.9987736358886519
3.564950832122692 2.748123595024953 3.7639266801331948 5.303162136919136 5.5346290342706785
7.737871762664959 8.399967932479914 4.0238065103240785 3.03147607061115 8.563183742392152
6.738581696732105 7.345821073999587 5.292339201630638 8.690429674098368 1.4613741495673014
6.539011680541796 1.622642691869438 6.117607289102768 2.765436657847705 4.47208465524532
9.53703911089968 0.8629254583765107 7.276657411671863 6.820031772127848 4.71292091940132
8.782354273584755 6.62248237630643 0.6418143326164714 7.708226776392717 6.17491649282745
0.5677607314702495 3.975664137915164 2.9647276140783743 0.7335418848748176 9.94856391169563
2.344315376294384 9.705988136296158 8.57716665496751 1.1654489032494477 2.52643019500571
0.5032365349012506 5.751432845834977 9.378035784216607 5.116531314110973 7.511888183993727
5.4356064979419125 6.581376627118182 8.506278196665523 2.530447906064905 2.0097598375891703
0.9704120336147977 5.474928490963049 9.42257958410135 4.948331236908755 2.349773856042831
6.656112261630155 2.702955198346859 4.234233002197983 2.8391389111962955 4.987619986882811
0.36698378660180175 6.858006068693475 9.90595132723822 0.7545798355025655 1.2986248879108166
4.063655669105625 8.168732498660388 5.188808260867095 1.1350810178520807 4.934095901223853
4.726492396829764 8.628731251782442 2.491747423410822 3.6384756125017246 4.91254911668658
5.3534290401505835 9.11463069968499 2.50170631377299 1.6524600616196308 2.1657229882701583
4.659915961886271 6.203239370708642 6.976005004981069 7.467540915011787 4.0038897876054715
7.4587409396909035 6.380772065727685 6.655176756369224 1.3287964106720858 4.125459221232556
2.4863512069537186 0.41533894263332183 4.243247084224887 5.492971381811185 6.363681269393694
9.490263264682206 4.657091513021637 0.8997296075219587 3.5782510451805427 6.521344676770117
0.9044124123301378 3.707734338603386 4.978270876623753 4.777982937853779 9.76411201365155
2.873296663007535 8.978445317998633 5.398664162645271 1.934081868032012 4.341664042508151
1.6437109489444897 1.0000829629250987 2.626977769373212 7.30683975882289 7.89557915449738
5.7665159137958 5.59340790706766 2.648985364963064 4.713276655963454 7.394678808107199
9.529066366976842 0.2631293288928287 9.972506330074395 3.8831882897841714 9.925214866263609
1.682706638246939 8.644864838755424 3.7043850105615297 4.368567486996429 0.42987540657163414
0.7289500916094864 2.4247628057083954 8.15027609353426 9.348012723400727 1.04549528870161
4.640885910203421 8.261854336506653 9.926979907945958 0.4912221537766097 7.55986264236501
6.204178838304751 7.972949331608357 5.450130945793384 6.026701964036725 2.485941164040924
7.364640587152596 5.4061029064134 8.509946085852558 2.753243176407004 1.270348317949182
4.403247776081145 0.2775531509489637 9.340048957543925 9.94753282864055 0.843311193909801
0.2871019638229857 9.270928880903156 2.012004231932108 7.278678682057345 1.3270244470045487
6.609322990956558 1.0891052590774146 0.8710104384974127 9.853279258893636 4.318930652683817
6.713639439890077 7.046221945433929 4.203257867613169 2.8980571733666713 5.778372260212985
7.395474326993682 0.8716443107048146 8.114925699579745 4.369091704631944 8.54051852593909
8.534397736909892 4.385352270732483 9.152140206727697 3.1122305176132894 2.948225760436203
9.708887703567484 2.573190740478036 4.063856063227601 7.15798218383174 0.8715768196204614
0.394251380987523 8.94168301194247 2.895250415556424 0.9381785614155644 5.324106526648185
#
7.006920091402 9.372930616145705 4.428215445805857 4.280777739857038 8.615886582798764
0.7064233770958195 6.5985938009686285 2.585971889932633 4.635394959590722 3.378839294200027
8.93280578376325 1.554174614139873 8.832035491122408 2.1075856357481295 0.780214641226971
9.686600298885395 0.7248244478308647 5.683891509667479 6.245824161194224 7.574855113687192
8.616069580909347 8.618589722893338 7.593042036225796 3.7936493088127223 5.0065672605663
4.319311380309358 0.9012437796805148 0.880813767442203 8.538869922512413 0.5135316359725612
9.014149853439106 2.945079624814698 0.3264458199908127 7.585335289695145 5.787049981704226
6.4351571744273315 7.486387302432299 0.541139018463701 4.470495198718387 0.1583056687862383
0.13454185283848563 9.760149346550495 0.4810697267369992 8.859610437324646 0.9009652729264843
3.9870475211965495 5.6618580701555725 2.51815349917583 8.246098047284432 6.700971799006446
1.7254631368386235 3.7339840162275317 3.9567219329780716 5.762497555025037 0.3004328797921607
6.214716407089661 6.994540672945916 7.611611170824992 1.3110079828791799 3.676312787836956
6.081293386158369 0.8659968490051098 2.592241712553017 5.8469373679014245 0.9416709714782581
9.20382587950533 2.7663311820980927 4.771804177486757 2.7521446691132483 8.514274034617532
1.5401777930534855 6.6072679865540165 0.5662298824675913 7.751698357775272 1.2033938430374005
6.339607934907453 7.259600443860888 6.949945535580615 3.3876244366955066 8.950439924816703
5.658285811778224 9.8399684358132 5.1197040473971756 3.0430727354001887 6.056966213278232
3.931376276300609 8.022982233477054 1.817443835983854 4.9835766093883604 8.04734113730894
3.6701096633728847 4.423305029159716 1.770911024515729 4.150192179647319 9.905951129006212
2.7067385138843063 8.094223441030882 9.781396005519525 3.7545538903690296 3.736266226783922
7.413029802209472 5.183128213051969 9.281477391634015 3.4332354762319555 9.899565967626303
3.658325053893105 2.6885540392805245 8.86641458280301 6.981162158244095 6.775106322608215
5.6551746687165405 0.179977655278047 3.8477169904386894 8.696965457230565 9.299826161388733
7.465993220898321 1.9185350132334356 7.931379023399526 7.130218292558617 0.13846315399009246
6.277381987247472 5.532416513790939 0.7196346854021849 7.202513538895294 2.037070692653551
0.21529058338266083 5.432740194462878 8.146631060958986 9.416609946979818 0.24807407564904338
9.718217274143411 7.51069284036306 4.112599343704665 4.047661314764447 1.4950046779925477
6.7867982494032 8.188382244351875 0.15380455283536598 6.559303647235339 6.932506881254378
6.272354320977431 7.74165732329517 8.243739314562115 2.685660741672772 2.1474757202196573
4.857752365387919 7.794534711596681 6.607645086072768 0.8728340462136153 9.647711198473747
4.909572158255514 1.5455217431056125 6.3771431083854155 4.110878825853783 2.606466721733209
1.3083048427846058 9.383069950652558 5.378715079703534 5.597342605015109 1.594650686263258
8.672366724936843 2.568178803687491 1.6805673068693294 9.631676095929386 0.17776397767657492
2.7724584505479917 9.893070722940163 0.11515006461766308 6.460631815602684 2.468514090152111
5.727438361588269 9.698851044021744 5.528605860676292 1.065268147996456 6.567705867723028
0.610491383834856 9.533494114033761 5.875679762341473 5.175647543213714 7.74730206737232
8.98849482574465 4.610545327807904 1.453617953370236 4.0029732158065245 9.425777919282154
8.196675693091628 5.617049370069767 6.444396291276067 7.561545005164003 0.1688107344365699
0.9378636468173616 6.802525940200436 7.077415043028866 8.102193455806047 0.7234748497310726
9.584359454348302 6.189466353561604 4.734851833778632 3.711625153515866 1.6699059283640012
4.5729271481332665 1.174189952952831 9.701981583855112 0.6484797594832434 0.17393157436138207
8.843522635030915 1.9170933386699978 2.3423739680536957 5.14918216150235 2.9389268743314143
9.464435597652205 7.005434570683966 2.455765554473215 2.5959500387650793 1.7749921398528365
9.620675178261166 4.663114529874435 4.156430879842125 3.046417960500442 5.379796442233444
7.4130665212318 1.0585955686421586 9.045131522765182 4.0055803147972515 0.5930642776757153
4.428828605073231 9.248594008874752 1.6118454414563819 7.898672710230731 0.3064044692684904
0.938793281183762 3.6053908767307616 4.635877988763591 4.44307763490199 1.6488996418423247
9.727088089747607 6.111621821080712 8.534166999460236 0.5314834115517977 9.472792227082603
0.6432533564030312 4.071860282244594 7.950930708786689 4.082607935469738 7.317340988914329
7.273782687942447 2.6131171682530816 6.460765071308884 4.834455876793818 0.17135346103956728
3.3773890518647125 4.565290783186278 9.837860704001006 1.73221975734509 9.13024393224163
7.339867862474608 6.545873488484853 7.5582587379515775 3.1415964531459837 6.351691646525099
2.141628253946925 0.15710412233767634 9.556135180756947 9.825934526900745 4.976348507876123
1.2889710374267236 1.705666240760047 4.0885249742629295 9.839051294673478 6.704141010216936
7.588870902810914 0.9378504782188335 2.870508373044549 5.819277497723064 2.8850955336669215
8.810678707356722 5.058226213512994 5.520576883403253 2.321450353500305 5.972179243136704
7.414299911578256 8.304052593012818 3.4984629031616405 0.4716270601892898 5.062215323842181
9.270806613243373 9.590615612790131 9.579292828573216 1.9029893363018027 2.23601529146219
0.11473254881909334 0.33873301215673113 3.7085589076994356 5.297385169786258 9.978060053388603
0.5759333416647117 6.267143073425895 3.929586563953102 7.523062208917239 2.034129284597963
8.275609711004796 0.9434451502732566 5.868878442821763 3.480446695264067 8.836013915363237
3.5424273100663966 8.870991218234643 8.802592636959766 1.9077852808772082 8.516058463851468
3.377762629307751 3.984817950458922 1.103682203836199 8.302872022276947 3.051865032688217
9.666281220506942 4.962219442988797 0.2495488019426233 8.641802115014709 8.588504783725018
0.1254904640082941 3.0674690313212265 8.916815875812159 4.423373345442435 9.699930348165783
8.652237428352757 9.777346388326805 5.420969613355345 1.4315218748481757 1.675339013669951
9.784421643739199 8.131987162186295 9.514075546051394 0.707045966213812 5.1662258408535795
4.094593897961218 7.459710699904177 7.790662509747936 3.6927455345733895 7.722109962131854
8.861105062885002 2.8925020117178795 3.180676167465438 5.618647475044393 1.7987625896578563
7.238783194611031 8.356337638713033 5.296349444414105 3.5189630710913242 5.155061469367952
#
4.119288620648274 4.796178511145101 3.661689588174151 3.4122189554065043 1.1099211621936225
9.13469099308939 7.754813394021433 3.3306593176398094 3.1355760179193632 9.058512801190027
9.962602048020951 0.7171409912563718 5.427710967692013 8.92982717493545 9.519152076511912
2.879908055516404 1.4491156341971627 2.940583568390129 6.582840033441977 5.200296156213222
3.0315898511748736 0.6508785765620129 8.095741711520995 2.269913177243413 8.850410966877922
6.820604392949167 0.9789456312146374 7.952132142289107 3.0927105447376864 6.422802265284769
3.995049958430475 1.5282063038037634 7.352839284693552 0.44596437520719157 9.26610311163033
5.64404097478698 6.070121043901919 2.5771310327172117 6.90353533291573 1.1956015824446453
9.098691882576954 9.459708308197957 4.083192334960492 5.960516497937617 1.1092008308645336
4.92666335335855 2.4416576289552396 9.096806995814388 1.0860284839142174 9.224836577841742
0.460043047673544 6.849312447151009 9.57170475617091 6.275427138415497 5.548066988610213
7.266760551793678 4.280287383014868 7.302173474117223 0.3462054300113122 5.192697434602933
0.4713482307319872 3.698025391145615 4.389311895202685 6.879238505668296 7.218668523400247
0.8722699194034256 7.852482685703431 8.905073492055543 3.687524230204877 9.039078058858653
1.0711683831692596 6.1997860054368585 7.310195799092808 0.8991571134769254 7.183601990769059
0.761275732473301 8.781259751676409 4.874518863373557 7.33180260874373 7.168232922423219
1.606919917687056 8.49713405830486 8.332118135779659 6.727608833503353 0.1711686373504735
2.815223362474987 2.8598651004978137 2.7004078248167427 5.825406796898554 1.5810545888801695
1.6211345865323983 0.49684727518978633 7.7487034132468295 3.319456532939676 4.617662504680376
9.049257166543804 4.928029953310738 8.727153066749953 2.2147376598941015 2.9174551528802732
1.3102774495166436 8.796805571519492 5.610088026607429 3.048886615177357 2.7214068159394444
8.237113981271888 9.062470719942933 4.999516380776073 0.9266984570484365 0.32445692596362274
3.7618484088247284 8.253139393497989 0.6334383755650919 6.40105530560274 8.915014015991478
6.465785815593737 5.698497066681389 3.713529861174414 2.93665671674224 3.191613420388105
5.794165413674006 1.4619719642940838 7.081008837239586 2.102107159921924 7.929930574372395
4.304194274068389 1.7448306692984952 2.8101525623025725 5.430874621491151 9.798666167247266
8.751610916015135 0.361014230156087 3.526706843212411 9.823329046036427 7.572101187012647
7.149398555699596 8.647977973357303 0.42494247676221164 6.2829457489384675 4.064904357892206
9.38971022049424 1.2588671486612562 3.9943955138894713 8.698851943679353 0.5327188280137989
0.6558179304715752 7.7348093570174665 3.7546671269472376 9.355574288034248 4.979597228562831
3.2422104329318295 4.416848598762147 6.4300818379689195 5.75887323999984 9.860772253691865
8.01501325135236 0.9088205759084831 2.5619552935967116 9.921349212986266 4.618973272356431
5.857445775835646 8.363879566852441 4.891159527828256 2.826636826311386 6.946602048467985
3.563388819204035 2.117227112866758 9.580976288563335 8.541117488567512 4.322680702123949
6.173047623672301 8.888177606192924 0.8832351115143933 7.8888578285087965 7.873789077048141
4.519470191669992 6.316018503197939 1.9286308035437552 4.38215514568895 6.135166832684811
9.846842536445903 4.074545604508497 0.5861874363702224 1.7885255705654908 5.1313700449842425
2.700358098547523 7.750052365940077 8.746042546582418 9.107423490904603 4.280844497943959
1.8240194798852358 0.3010098133122101 5.166633046282603 9.896728071255314 8.769782185140015
0.7563472121735906 6.300456787913678 3.4172026210853836 9.139870166240694 0.24690819482712723
7.088768730694142 9.24968529453028 9.862241049160307 5.223303193802317 1.0924506086489298
2.9288080038220636 9.15804907882308 1.0548739885457028 0.6634989782966434 7.100485992001017
8.536874258631578 8.832358696889681 2.151890206477113 4.325764807261471 8.823838297853674
4.387710275067414 0.4641311933319381 8.297146865154417 1.193021816421072 9.937676168369986
3.56049834294489 2.610954111269897 0.9921307844207918 9.235258141715374 7.270688120303836
6.290015230267312 4.258274455905956 6.65834906783615 3.628959595500249 9.901847749448347
7.471242655772073 9.174828584055609 0.3846161758374924 3.445548019044927 6.732737810160671
8.514523200729052 0.5794477301252643 9.787547412174183 4.625561886624331 2.685717631954634
6.050188441877297 2.0082627986693433 9.778283336532368 2.651321280259015 7.1274627316225
7.211411106600755 0.4766401264412883 8.520298139441362 1.9219629978928623 7.821958155527701
1.7253699239984548 8.76495817921007 4.7645417011609625 6.786484044752196 6.558303698130954
0.9146258302881902 9.311305304561113 1.7164361973913467 8.000930471334357 9.60068979811638
8.5043066663794 2.5009482699565 1.876479714276846 8.116118314062739 7.198167504916938
9.321259879919527 0.9246750337711243 7.971242459495841 6.781240489993068 1.7449920601199822
6.137600766794663 1.3968850930796197 6.082997134964214 4.381093212201049 6.672968842234223
1.5998453653067917 8.13829617942411 2.4746017029799057 5.21395486264116 9.622212737186862
9.462874824836122 1.6434855637591061 9.053461697442332 0.5897134190983397 2.131510515204051
3.3799497553449935 7.49777684704116 5.685042467768081 4.670055312528287 3.325974620407441
4.169562074756148 0.32746508519106143 8.14570539353781 9.001516096399053 0.37286019705302476
8.939886861664682 2.9722084498783126 1.55801277540345 5.1482946744883185 5.034650028772803
0.9862149695950126 9.924072577355911 0.5951761838852372 7.507677740710246 3.920980325846695
4.909704060912994 8.449600057629775 5.9895368574512045 2.2775998009200205 4.528704892093946
0.6720908561074381 6.780627994572424 5.626424925861979 1.8510662253715715 9.116090537832605
3.5758923378134826 7.986140927354838 1.8226373095001644 8.646580071187714 8.33923178596637
2.7199458229751197 5.224070118873862 8.70775341839943 4.847071329643268 4.3865703050132305
7.8572285190707145 9.201589571184384 2.201580408995873 3.503419975785869 2.7718101281490664
7.633207296692582 6.7168188185586635 3.3539083826830396 2.2076939833019145 4.535019840156897
2.4433733154771318 3.2870142855534823 6.665948344957071 2.6573944544204027 8.533725225595694
6.001223408931685 9.147927451505774 1.8243457075381522 5.337729765681487 5.837236571006299
7.99408731333541 5.930353197194718 0.2415332283804963 7.995440903735682 0.6922715201373837
#
9.424591546802453 1.6993065936838523 8.567426426037546 5.708198068723594 2.076246969012135
4.126456969039621 9.267192763024287 5.584722330056764 2.9585331242318573 2.2681702246000452
6.1537240433981 3.5125559036532774 6.22401019448275 2.1535903824967306 8.855578294514114
4.659526279244927 6.644886717129239 5.149412345746395 4.687843071864416 6.9262300375328
6.568175108246081 5.3750864611997 2.8878883184254835 8.08436472467947 6.3540671897828735
5.025131609936974 5.0091558018138524 8.495721551507181 9.015887133419954 4.232930154582236
5.465902858464025 6.98654641623994 0.23781503666839843 4.240354987534311 5.307809527348216
8.540247980735789 8.989854296259548 8.07882632977069 3.583454831371422 2.18755399832445
1.9246730207872278 8.574806689057688 3.7025658492354125 0.736787514525183 8.314112341977681
3.5615547858671177 6.576901500305836 0.46274137026926976 5.291492036390466 1.88315480610662
8.510962170120553 3.476198421936994 8.965203124684097 8.132517962968564 3.8856746862259866
5.795256081583271 8.088274705861293 5.323358325281497 3.9611160059485386 7.011286335825288
9.174444756173632 4.753121165512856 9.562166627080218 7.467564566856614 6.509570290068996
8.180911585230128 6.655336344662434 0.39027469242929325 0.18150503752555291 5.531352853840532
2.355400150712905 6.182251137130021 7.666085460878929 6.058688091092903 9.553916473594475
1.830943011744167 2.1325075899442902 5.3724677379761046 8.354129500082724 8.519653638771189
9.437094318584329 1.2053832303395917 6.500236021855436 6.177077611285978 3.5129678966158457
2.6026578803669325 2.6756435319142513 5.465659424945633 4.64117661514114 6.796658881229036
8.071415209402659 5.445914716901237 8.225358936021888 2.9396516935410095 2.418986649943745
3.797918829845245 7.069790664203416 0.8975335910095676 3.30324102082598 7.934741128185936
7.449782766005905 9.119161552742394 5.532490180032908 3.0931807441504624 4.551839459711182
5.187869367221805 6.4568910116113 2.2456954099926385 0.9621588536333654 8.07160171114877
5.379324394191923 3.536727307663934 2.408954028798955 8.542385892219 2.8801450073090717
8.111844254439195 6.437329458419077 2.3484089272325877 3.58976116556203 7.481164310786678
6.881864134741916 6.570078280759062 3.199576909642102 2.0059637383920985 6.659289989902007
3.2321624395861663 3.8609927241483217 5.401758193213436 4.305378781784181 6.58420569294463
2.0301370163867567 3.350267351628343 5.575689284602573 9.309376892042202 4.531412128215053
6.05755831154705 0.5561573959435702 8.214609309696733 1.39160090075843 9.589043971788847
0.8192000893105744 1.5160972599792517 8.66952480169002 8.1669753032776 6.533593192948865
5.972049343544535 0.5167095693914936 6.113197606514021 3.127716097975549 8.474288918642394
4.537531110105927 9.242721540013497 9.886909796538975 9.915835251325237 1.373298448143363
2.0680305472384273 8.570728826108558 5.503239484143732 1.8554134372168711 8.018646618204341
7.186686609926793 4.763947899479873 8.133610567097461 7.429543957761383 5.1194135637417
9.001976884401397 7.955339284964218 2.0417039348491706 4.068523843893438 3.324229874455889
5.7838659906838705 0.9299215781455672 3.3482459129761546 8.324164631886912 7.437153259428952
1.908073736112116 2.9852525656193616 2.7112470635355557 9.316928685681646 9.12232989956912
3.555179593713297 8.660626104523107 4.5276122418645794 3.6043188149701613 2.046333094848397
0.45876884688827335 0.449720915593141 1.3585236171280317 9.629845748324843 8.28098992829467
1.094404611537327 2.3431928783173652 4.955559829390971 7.450032877177008 9.709704069085351
4.709175408552208 8.867050718543364 9.643806334443811 6.7587721801616185 1.265507453078289
1.2418948720190426 8.141257991546592 7.142790558490155 3.382829139831669 5.692694096579844
1.0960985063682536 4.480614477216875 0.9605503483932809 7.375268565869254 9.831990291220599
7.796200577343395 9.626982229314041 4.762481289173588 1.043721914359769 6.191492704218601
8.159541559105167 1.0578089725011512 1.7943422555561037 3.792156418934966 9.512373959357472
0.10335396459637014 9.210821030745475 0.18331485198189323 8.652771638264593 4.403835623886863
0.3070094480079151 6.2699582376563825 1.3200793447368957 8.576106291200524 3.807646842151332
0.24933035487759092 7.8389956090108015 3.8565923815142806 4.617839595016054 9.207372775710507
1.9029559987487632 4.23464711347703 7.938740223876373 4.732875188645645 7.093933714121565
5.138934336460413 6.029838266428523 3.6812357046248474 4.395015221448851 3.2523389130836207
3.7437520829247664 8.052918162104422 9.038543733695649 2.689516653921342 4.640065384118367
3.473654300794856 7.75320209509302 0.6576842180005462 8.571868865313444 1.5027290671720932
9.281204218704069 0.4870932460848918 8.442024632890714 0.5413662153974554 5.581804592286191
8.970168027472722 5.88520446006097 5.5099324283795275 7.12322029691963 5.177532934776399
5.224649942893221 8.989992355634456 0.5891207860640995 4.515222317111963 2.9122089565643594
9.976449902361828 2.9706480320358293 6.7109892069969765 2.8581985132787837 6.928654834530003
5.456656508451946 5.700526734267019 7.225181765708882 2.170781878386806 2.9737377337701005
5.323591010475901 1.0404251293256932 1.5121280904072631 7.120497218372882 9.750700013875193
8.18326719234075 0.909801536230324 4.42299445953057 6.6231582806150335 8.589683812400253
5.724114637746037 1.9820298347696728 9.702239486005213 0.9881979074418066 4.024403672729247
9.858984887858151 1.1219795254692384 3.9563952189652234 8.114462703365009 2.2804419984646236
3.761638801524331 3.7712555664873806 1.927367203560976 7.269319720128393 7.1586902570465325
9.33979849600927 4.815887025712497 8.251651431760203 2.5574040180322255 5.29440043190131
2.318956700844913 7.273024651041027 5.594721708154474 8.736300867792755 3.4198100750497096
9.244114106053978 8.775570416922115 0.36947325794479635 3.2274172193551007 9.904959514866341
6.497882431640262 3.9266846985734727 3.8299359041452257 7.622309102390965 4.415720806146441
9.116755636191638 4.941257486676625 0.6683188490146579 0.9321567293447801 8.273815093567553
0.833132150765306 8.37423970185319 3.0040040068221283 4.623758842021636 6.140672927301068
4.324553824047221 3.694663115787474 0.5946242598687812 4.218013633780185 9.578098423087061
9.173472015565139 7.952056002757059 9.285972277106712 9.935475949799986 1.1887837958379608
1.5868341399442478 8.764618619301967 0.5320115523370932 9.253241445404301 5.9286664525462935
#
2.0539142014700715 7.5490612820952805 6.461659058488826 4.580731673755388 9.670102983834246
8.74832446440084 5.4282812051191645 6.426170796476344 8.440746345299004 8.9020390302064
1.0259405998689912 3.429712098180249 8.558192025266631 7.592582214028244 4.230112533196833
8.027798015083604 7.918763093410238 7.6550993368507125 4.092199617168447 4.956919599558907
1.6094254089424909 3.357351981570793 9.878369327664462 2.5861250195503525 0.41869833901727027
6.982815897262845 1.9021856438024396 6.257439717954825 8.681757869602125 7.535268865871538
6.110410144054426 9.798754746990454 4.240851116155007 6.053376775561687 6.572629729570502
7.955030679214985 5.851155422372081 9.692023378084885 6.260618727819672 0.8729298637301959
2.945684220920243 2.0106405962399765 7.643712371563007 5.439787969386622 2.0334426550156066
9.757527592221166 4.705667490292263 0.17148105560836324 5.323438662261106 8.554068562040122
6.565294946966528 7.399184822232739 2.6866643672894366 7.867849230048677 5.066042951148945
5.006785903558318 9.590499338191119 1.3682524869028132 8.102501957829228 7.097976554545568
2.559859907489703 6.6459227767297815 5.945924752623757 0.19536871124183897 7.9215140857900295
1.1975120226963214 0.37787938314207725 6.5288634786100275 5.826144934533198 3.18016038160542
3.122707577229642 7.293905654932351 9.897469931502703 1.568929870896723 6.975977616693354
0.11425819114415336 2.355045444496219 3.4972197763964576 9.643663814848676 0.6937370816580337
3.562688546188336 3.971282403734811 1.0993746268677929 6.671158898696573 9.527410401305513
3.640610460608874 4.884115503177539 7.247258482034612 3.1815714270182816 8.594003659008072
8.341709748327665 8.566177333871876 1.4880873143761617 0.1384433215689942 9.05549500696489
5.527750602499058 7.367301446203445 1.1080154311046968 7.931837598579433 8.986374997169797
9.031365199406018 3.8878038524505225 0.27441794805331554 5.3355958718540135 3.7614073863978046
8.67093962503619 9.739239184113508 0.4744101868999211 4.396674799091805 6.747307229018143
5.6775199410104005 6.757350856649538 5.498843302076879 0.2602291461802615 8.168672651033539
9.526489874086458 8.458602805856756 7.646473111886641 1.6783143724147958 2.660430290063477
0.47414067204206667 0.46241911417162473 9.659109977006239 8.634946728866769 4.445884625519598
6.307857408900246 8.833377620946472 7.9345660847110135 2.2815749543326844 5.0574904362222854
6.378465057729851 6.4334111791531114 1.6534892822158263 6.681144670241313 6.745674034672714
9.734058325990116 0.9857366080944736 7.606214686985178 2.2304168806598557 5.170677477172734
0.9173683839774149 3.5291388295775135 7.282747163561346 6.48740656833104 8.906006521721372
7.486822633756516 7.450102654844546 4.282893437830007 6.533509492940155 8.076679129043287
0.21494781488202186 8.75998272863449 5.744138350429511 5.229339927849206 5.286015736506324
1.8421556481141956 0.578743787512356 7.642197487152227 7.249315858306204 0.9533997256316704
7.26716459934068 1.0691508953271316 4.2405374485744485 5.920341779959934 9.309429861479305
0.1264693382839832 5.362552836679982 4.156573475503031 6.22952954989847 9.010002300413326
1.70607442351898 8.695162903597849 4.888424954129947 0.5115195649353597 6.961464230649049
5.7716736571448095 9.945370329473022 3.664761910032192 7.571637190417768 8.134547303240874
0.32801102767186485 2.0017602124837595 8.871357942843195 4.681509167289247 2.4988454824194415
9.943923447861785 6.711854372164666 4.100888455787414 0.19161211784035181 9.763128540854233
6.193123980784584 8.83999573259847 8.426195765397557 4.357398374077723 3.290978298788186
4.088454318381486 4.382237246011439 5.1917514576208195 6.480922652834775 9.764273575044767
4.0267684538328945 8.992862508502524 1.2712267646615452 7.518475382977276 9.132105328511006
3.777843542263806 4.888661278956258 7.519130857863727 6.834715669971126 0.6549708689574549
6.935649471749936 8.25244102673662 6.362067974315041 9.156078664168268 4.4445968320114995
7.840729138718622 6.952902461053548 5.861539893809598 9.128561696218924 0.5162799937106382
4.384209808948032 9.964717863550112 9.671152322674438 1.3161542633469572 1.1761481325435792
1.1019206911446338 7.186719415019434 7.932819042956181 6.258187518247446 6.4820350455893285
6.133591111792156 5.089953875993367 8.824375946860382 4.88118787224665 1.0798780983849139
3.3961265038806303 4.873638641793196 5.994660627060724 9.31101367991907 6.133367045080142
6.4222290359372805 7.381561636955375 6.657658471308569 8.293373747040372 0.9094487869784809
7.7336256237895284 3.674081112612989 8.00376737885032 2.2965217539217604 3.1481398105849836
3.183797897499473 3.612255476057123 6.501470578543719 6.562597730782022 9.887594107267818
6.679658769194423 8.791106493431402 2.7324832231231224 5.07899787631561 0.7270819831120505
4.735566964974992 6.809838177370801 7.045677519658505 9.35303526560381 1.6456373422629285
1.9555011386763068 2.3303017377574697 0.9800593539676763 9.738232880059684 9.841556855079615
8.58026418225613 4.228042308724961 7.709861625744929 2.339681364220958 3.92036577895525
9.168004965739792 4.669131756508521 8.428135956585905 5.392730124304706 0.9642182698506438
8.403948560323089 5.71420535148685 4.807593678393772 8.606955313346571 1.165578355667083
3.368081920691319 6.092586207376463 3.12990176723802 9.262237668110114 3.28716711321314
1.7083965870454896 1.4080110744009748 8.448434317414284 2.8867967354219397 2.1066108920743245
9.585135064747915 2.4306036703941882 2.7665304121832666 6.678307857231308 4.4821372425025645
5.786803118311056 2.6389778685730363 8.55165418835861 1.1642507659304533 9.486332522154864
5.238935740149798 6.805849866884726 4.875741233403268 2.6949209978908577 5.30686744355058
4.720532028207213 4.755408361834801 8.220529354240403 4.691969287288834 7.565181110383752
2.628736656643156 8.338784221883115 5.637836075454912 0.599836961890067 6.462691623673935
8.562368637722072 8.699772542354133 1.79604293637584 5.2945947545917225 6.19146513383404
8.650249059870898 7.712660087776058 6.184243560147994 5.2756363038498995 1.8440553930574222
9.08152671235882 2.649218123918217 7.45439349964829 0.6876387228112755 5.603648171632934
2.7154666324065686 6.160596267741778 1.2590698616367457 7.232852952643961 9.505840128580072
0.7841030105096527 4.689606313323511 9.148458356014094 3.2467743607696082 6.464831729539398
9.177073480893643 3.142936623700181 1.66014700108444 8.129395227944338 0.29982681308170456
#
6.063134089324887 4.221112096908295 7.520512385147278 2.025606437627134 0.25470097866018726
9.49977125789732 0.7548925303632608 7.114148303485511 0.5313153223323903 7.420833938282643
4.575024883059092 6.251428242354055 4.771670177258009 6.227687483555099 7.437197218529693
1.8469669856356843 7.3929534289620245 8.74055181494694 5.752375814761589 3.279238980712657
1.4488619548498791 3.6199468042864336 1.9092621761977813 8.165967666920267 4.383273941798432
0.8103366221208903 8.879764724972137 5.693238934954451 4.7414541099200616 7.0351413915132035
8.13123023400112 2.700889915845098 1.4860957880122805 0.29063291387647183 2.7616048814988705
3.1911509520237216 2.2079189466680207 5.816119963760981 4.465740866729929 9.995264134706293
6.881469037600669 0.8767143617446331 0.17801731588039882 5.803904068273004 6.5114238331237395
2.5024487502762227 8.21427579125489 1.4194985156574975 3.308996288468827 4.602480357594899
5.469282937822697 6.014991587834664 5.923107637435455 3.6284481845745926 7.314264405068071
3.3220544855976604 6.275202308740747 8.263789364442646 6.965514094479269 3.359646120623137
8.810394219067039 1.0360386952026834 2.6533434449935664 5.4900477777561285 3.5899032333725835
6.809076417856635 8.962324918064365 6.899602204689198 6.870843460718366 4.299178727611242
9.186787351881337 8.720298777793138 3.2632484066098106 5.033437798540908 2.5094388996156485
6.555120059779174 0.890869929790699 9.573632534808393 6.3838055732971535 1.9886723543141667
2.032953648917133 4.755175844907103 9.905758027978186 4.29311228872815 3.8342798128920323
7.917258132125078 8.268315676604006 6.55802154713497 4.8727620990301395 3.9448473238607047
7.980824582262622 9.200909015338613 5.439554426723522 5.1917689550532415 2.5737932228771485
1.9622989799157478 9.763476742294962 2.22627751738212 1.6538434559721131 8.303614544066045
5.682515744942361 5.0601646136981815 5.2642724164562 2.3369307014595084 4.904691490241022
4.643596244275941 9.378886519937982 8.992935453272176 6.6605974567845925 0.3244494622979426
6.130434834067811 5.293960303823455 3.805099948066077 1.8447036578307632 9.966832899981373
3.132490684204383 1.545546482921472 9.170615028990575 4.146755996019755 0.6837288637956895
4.333062156285872 3.199595050176045 1.677785809810223 8.870669554528005 9.907727497573413
5.665046827964263 2.3642840819000925 6.883641870187978 6.87228472959769 4.158217408952353
6.7628904179001434 8.830379654532386 1.2918654598858823 5.323408955119878 4.551823038724676
4.819061056726859 3.68170787713763 1.289073387379542 8.56777996821743 8.13700077933888
0.3606530283835365 8.5820214052992 7.218959949810282 5.3449204474442915 7.04630880332466
3.9483355894913745 5.6495994971598495 0.6473812014789742 6.27901919233357 8.623442103661002
0.9113932493751387 7.882771716251218 2.1871984576893033 1.98894142430251 8.067613045689093
4.019632608576126 3.7178310255677975 3.522170707041437 6.442686736116346 8.492310736966857
3.798485019651354 1.6858000787291205 8.405078328343825 3.3686132954244066 8.02915328815094
1.3123174090316323 9.637187598130478 4.4854254874250445 2.878280817351369 4.949034202191753
4.195887285691194 2.89164760409427 8.617297771123074 4.136949716645049 5.325877909449832
3.0377831862046807 5.3117374692721615 5.038735242441468 4.496110351813517 8.851892338553885
0.9071271950977682 3.275560465367874 8.135778434664426 7.37879130081944 7.553479594691535
4.916315409626419 9.228212789371193 7.2037574217081435 3.453215697734434 2.719241313326461
2.3233195200034693 8.315189440214352 9.825761479576062 7.7162248870977725 2.0871532355056033
6.379900202162075 0.508491338174438 1.8921976986206595 7.774534235853826 4.8988156998410854
3.628528689820908 4.865094468746124 5.984100284644891 3.9037074003959322 7.776935904246507
5.864855575425284 6.6864165329924825 6.436855773810962 5.874798344453983 4.5142561504301275
2.368570305131974 9.452396497456915 1.8419370650527847 5.6834671318143295 7.149208236834781
5.919013858299938 3.0298607724671855 9.496048721216166 4.025135028985128 4.141448237139603
9.85682839558153 2.452926823683764 1.153151174821693 8.844078558262922 1.0282982768906042
4.7920443664402805 8.084213923135357 1.1980610977038877 7.471405558688893 6.196546896697615
5.795542390841418 5.166213416777601 8.328147850576357 2.461769822265899 4.799448184494266
0.4725747682439563 9.871721190778008 6.863881045420161 4.86790407556526 0.16659873950215864
8.102751407458623 3.3980491953315326 9.919454601330091 0.1967755983925361 1.0281513224305003
1.4943074798780276 9.659818421329796 2.5145483135396023 2.2288655676596947 5.8814047811626
6.595965574133667 2.936291146950398 8.917485042537443 4.919094530206428 4.3735580446951925
9.705006751850016 1.1181259781746484 4.3490548671453855 0.42413308624507184 7.034772391846583
3.064519882997153 7.722240617771689 8.982294333617272 5.1972340617438855 1.059977492389729
9.560201500149025 1.9501959084067946 3.0287320140466862 0.14140920666777657 7.532402652288415
4.978272079845953 1.2752225503384182 3.3012983909229043 9.338646035033427 2.3120164045509917
1.6466100390759784 0.10998080076183658 1.6409043663160183 9.854628624186066 8.326281302579744
4.888977461317316 7.368322248854284 1.4382543617599302 0.6427457372408227 6.080000090559479
4.5039011855968045 7.6818191216867 8.647288935025523 1.63369085560173 0.5889536488193441
2.183952387779474 0.7174257469287664 1.0954184484075329 9.622622180793579 9.07968364333028
7.692574614296335 9.377543901448963 0.5527903284418372 9.111740202680636 4.8718659797035775
7.949897009530081 1.2291519513770823 8.417102865401446 0.5842779711434325 6.748803682462034
5.746848211972241 1.5257763988747666 9.041040929171965 0.44779258144502343 4.4584281086242825
6.718485836817065 3.241599765394721 7.7886147823041805 7.508460510512455 0.7131876594999769
8.555898174342211 5.628929939977575 1.4642662393428068 2.0772929863136476 3.4815673745776445
9.343583404317867 1.044918078578756 2.2581608818862957 4.803014952305941 0.17171102087518886
8.20555893046678 5.512543498925526 6.901569348515842 4.6216844961679735 0.30352656921686716
5.257275222965347 0.37300548728625404 7.917886797284681 7.723555898683507 9.003810419853266
4.879081576464018 6.485813610473604 7.546437006070381 8.694727512343025 1.0604499138450363
5.741211362600143 1.0853980231414075 8.780121680961484 7.676488199626675 9.855070188293482
9.426911721093791 1.7019907357757886 7.095482537696483 3.0507018764039273 6.178982602462401
#
