#
6.34572632440732 8.813523806925753 3.9965449412694536 4.8257594961383745 4.743130972933288 3.764400486907549
9.673330240143308 9.797800188406324 9.778279650799995 1.9295859798741488 5.611153885550134 8.593390668007403
7.75134823394505 7.9467703236957945 3.832154943231063 7.878083536128533 9.599963402270797 3.6197602333896235
6.623589087178369 4.803133105499002 9.55400872062985 8.597395521646225 2.9452186499943998 4.944073515290877
9.47632414755093 0.7579095823708704 4.210932528218471 5.269300721217715 8.009371642106998 0.8976476597012129
4.166068184868449 3.571986040059008 2.206729086687958 6.644700899975072 5.217100184589415 4.201962956192895
5.456216746872807 3.5086691824623077 1.6317367305470944 8.526802535070294 7.782602446929692 1.5639299548030663
1.4318460072348462 3.5722821710217465 8.837532692958492 0.5663370360891182 6.68106954491955 6.406672744373016
3.6751610898238516 9.388730124556165 1.4227046602574882 7.9812094750653975 7.538393025400209 5.099576502630854
3.740704332615878 0.9927259276254858 6.101890487235945 8.891368599874287 4.461675351791008 2.1043142059711535
1.961890990778778 0.10301866667648252 5.628592687397868 4.805283673865554 4.3525737734517485 3.4164680769821785
2.7423265534435224 5.612327969950234 5.521604285336007 3.8587078904753334 6.184136715399599 6.427785887168205
1.0886178088697176 1.9586015541592148 5.484298756726621 5.828167832265182 4.1423441444040145 6.269847382167319
3.8835805724918795 0.13033167693771652 7.346191359869249 7.359067872750821 3.759996073602232 6.898483009810672
5.146852803997894 9.875342211924806 1.8988656471830012 3.6090385577778887 7.754491230124723 0.999500437418348
7.372864267444905 8.965745775591524 4.203172572528285 6.5961614895952305 1.0823412740212723 9.937887649654385
8.47978321614903 5.361582991180844 0.8562189813484942 8.834467604263795 8.705774039508722 7.146992000657365
3.689484876170634 3.8057700091404305 9.007660177689433 1.682993426949948 6.6703114591586194 5.247806913032617
8.570424067443335 1.9960942414463712 0.17094746344279166 9.355173571246018 0.44424955306906444 1.0506663712208777
0.9101476723701101 8.37612405154531 7.568808078490852 4.13624522082653 4.388592575778857 2.3805476721912964
5.553023620974976 9.041236618741237 1.326735625270925 2.999034067557434 5.158033746296548 3.559930133938307
9.346479726116286 8.672019445505462 3.0812925284801262 7.505291594344958 2.1969583899590552 6.904008072464263
8.031602437720075 0.9963640958411535 6.54956472525363 4.080768031238291 4.43420659801555 8.856430113596476
7.883092093754814 9.208685760819048 6.146254963217363 2.8127161032666255 5.995709502591218 8.398428612516362
9.269769299710116 1.413460587608502 4.331010567927968 2.0781917610271345 6.552075153869128 1.7131646362280386
0.8011884891547227 7.6817311919601 3.9423363051592224 8.795386232632534 3.786079916319828 4.398870310804078
7.285432248407842 9.589557952815564 4.788098417673749 6.669942604708472 3.092109030448391 6.602996750584104
1.6341968612475775 2.270776871806191 6.873145503695856 9.91199126757262 9.230468360772466 3.4477041655680405
7.871204256108311 2.1282871543844895 0.8775975268398399 8.109343557632375 1.17206808904234 1.7156873183477868
1.6473531901364566 8.784627969384806 4.962858432348086 8.457442189708223 9.39718867981508 5.300195422011939
1.7623098159703212 4.18849199852871 7.651324577560025 6.133623075551266 9.392655998874144 4.138831994121157
6.844269890429981 1.3555679087074393 3.880101941858907 9.149233998684036 5.395457397993993 0.28799348232289557
7.140784821657181 1.4648861569387104 7.990483358581663 0.2152812872233989 7.316970878226443 5.8083779181024005
8.090584410736474 0.5966264331356212 5.354932367174172 4.396057368616121 2.327966306516427 7.018726183699613
2.9428535738477604 1.4912982142393703 7.476435502322026 3.7870269490026462 8.571994945481883 0.4865915923231725
0.8056720500475887 7.462714555652978 4.5529192847905025 1.9769830275855451 6.877725811029721 5.803169083910335
7.511775332354422 7.499294345348444 4.533002575902036 3.5603887183383076 5.411863139076592 8.827727400133789
7.63927659610968 1.6814894568248389 9.753121351032313 4.393470733622896 8.032326376410744 3.385689279678205
9.094952341738379 8.386468431711306 5.081901304501086 5.905357115751914 4.563488291789192 2.648835008288462
7.644746868357702 2.243214211378529 7.209061393434895 3.56733728505609 0.9285971716462154 4.37320608837139
9.497919639537091 7.220508480647231 1.8236763587160212 0.48817371657075626 9.510182845629794 3.9891667919557463
7.377739963523982 6.902805461094902 7.803994057293514 9.14160104747666 3.342345670888281 3.3349149048060442
8.141607626711858 7.075180461170427 6.430429677520978 7.515335477833947 4.453416144173456 2.1903308945569044
1.1835168981071362 4.221932982576995 7.024607005965572 8.241202341297456 9.28715914055639 5.290016353512186
3.809382699932759 8.2099418448191 9.257252460370598 2.6795486932922032 1.2177607563714865 1.6182091292385494
8.71738565006931 2.104976704263821 1.9107886295208676 5.319996008432935 5.539853238358594 8.652269113204039
0.5842261772682482 4.847125914901757 1.8182892586263568 2.4329477938783697 9.31405169380923 9.141082869002382
7.594434696772237 3.769173339758807 0.8480193124846593 4.636231408777235 6.453574553202738 9.593132223478317
7.554976889468957 4.11526780702762 6.287713542263423 2.156926929183985 5.750294321030447 7.120001375575084
6.25165876082649 3.7536163728226946 4.390632878742328 4.889218078097146 4.657900919673941 6.181350423891877
3.451567624463133 2.32900611177995 7.447560661238981 6.673836886376105 6.456683057012661 3.3342969672252183
1.7888921960580375 5.43596437587076 8.903299285600264 3.555285594823138 8.868853129264632 1.591349058375076
7.364998345220228 0.6873031252383486 9.308868104233143 6.573183947085213 7.8297447273227725 1.721060055836816
3.783941951821079 0.9976143912290256 4.90303401938943 0.87328739821056 6.164626792425901 5.010582189462283
2.302362291294234 7.3531713140902975 5.0968956428922 6.148287599673096 7.488894116771149 4.937321491001016
6.042492812474373 4.670777499401192 1.81010723471644 7.3373194124985766 1.404262493260731 8.973926833696646
9.862226649679297 0.1710906215294008 3.1685871473789646 5.518512838699043 9.817923699381744 5.092201066329657
8.378229349252821 9.258371671384287 2.2454277737288333 1.9567757267055041 0.7940279478775398 3.268076310334279
3.388748241620778 1.0539864323809707 8.19217854408598 6.953790690285105 3.8831500540564647 6.738620268993224
0.5123960201075288 6.088263352713144 5.55092874888818 7.604425583163842 5.004442515376592 4.160151028519065
8.005943694327945 0.3544781750311321 9.509547636508836 8.889888920085479 4.45018118908633 1.6254356840801036
4.398044494690383 2.0840127748516415 8.258854424652842 9.5216498805144 2.6540581589806957 9.782138631034675
8.913748479789064 9.394467599723598 1.3837464068396352 2.5586803186937885 9.236508533914225 7.588610677197252
3.133478667932441 9.864569484655412 7.943662838706203 0.2233428644419977 3.3981159234531493 7.280421701546391
6.1587191950084454 2.6001553625916487 1.8642242184873257 8.298493895458172 6.63335069289509 6.810206178962301
1.5357628043009344 2.129051553150418 8.551754528331047 2.0239237820901725 3.5241316895406065 5.154093433312162
6.8718502004216075 5.658759925120687 3.2460151367811516 9.472026161784779 3.8487309125947604 1.6705707800855323
2.740995337905128 5.9787916475508345 0.22005964447047077 9.905831740320622 3.9369994891544335 3.222724542131816
8.354303566227738 6.95177495426074 0.8372298230852993 9.694465153884252 0.6108496951080973 4.8218396840318665
2.032119756001541 9.491707057562124 4.1785317689479635 4.336697602268936 8.805512811140044 6.958081650340017
2.02094092740932 4.805777884706803 5.796831744850341 6.374152524961194 4.131956462068938 7.915910244352629
2.9861616806676983 6.22834319816398 9.71858573904461 1.7729709340080082 6.246024373219354 7.732484402107653
3.388531297430985 9.18200202654861 6.734037914798604 6.176506804518054 3.5469508308444517 5.472545131371017
2.1426084282557962 9.364235759110711 3.8941229057601006 7.006752479322429 4.1387880281053455 8.665976015365677
3.7639777801963445 4.817022434125427 3.015241357652759 9.847642884356352 3.0076011825021354 5.820138430867842
#
2.7292952651575426 9.356309793332198 4.277734359872465 5.409586236989029 7.215052483408957 1.4695305784976873
4.413154748096865 6.334865162611209 0.8498325706459191 6.001298746315599 0.42727215466491675 7.29795469125918
1.8154053217185204 1.4164156967230173 7.123877147905034 4.7995874862767725 9.33463395284131 2.9553864123545086
9.282374022675764 4.584143371119663 8.726710811135526 4.344078944040015 4.782656289761107 1.61647935210878
1.6616331741240882 6.8443757947288395 0.7154078718427117 4.38420843976415 1.5649935940082633 1.7926138222549604
4.718704810824409 5.714911253369626 4.4864859065125895 7.858420276085013 6.178690874094304 3.6598524038702838
6.138688989074129 1.6264172529281153 0.7577086442633778 9.138407654265968 7.752646483039168 4.376289382140685
2.9511314728998417 2.4720851614424224 2.4133918972135033 9.697879548125872 0.8322978083701562 9.1925751756743
8.4427848065488 4.017042818005905 7.321588102814646 3.95148758217727 5.840171384390017 6.611029713242554
8.535837807177062 2.086080927107502 3.7567452069387643 2.4533703977715615 4.681866950712136 6.694726232147014
1.9955974097935472 8.264925535818312 2.9525894785538753 3.7264865842593102 3.3377794956527134 2.301857795438696
4.374458693392682 6.334729062506168 8.654383992893711 4.160512970204119 8.842929086902394 7.013724156204547
3.9783114249883944 6.736225462655124 9.62347455999662 4.82557872468037 5.920111215387031 2.445443118129727
7.819185634229608 6.516997653936734 3.058737830982715 8.220546897773293 0.3021772154495528 5.917665869106461
4.198970867588411 6.490970039959292 7.237798405645368 9.336244159188645 3.660118069339105 5.894820849305209
6.979737513193334 8.859224048561702 1.805486916786871 2.2484019868770617 1.52638127388814 9.170457473727982
1.6630128712190806 1.0723474763851484 4.740033570115928 8.695080847070804 4.022569738508334 8.298713340598326
2.326762113901032 9.419258089216719 1.1876083376439301 3.86398937439406 9.61472509234788 8.43759675214244
8.474674307025195 3.0344494654760807 5.376985977945613 2.6036965169836055 4.862367923444222 9.722734928636983
7.220626560079545 8.65477329059615 4.3742010908956175 3.0840747861969455 3.1940012517254797 3.942280991513347
8.458978471650969 3.724655665008969 5.444320597312022 3.9933305815661626 4.5996094832545165 6.945035914167537
8.70822932044003 1.6879804510478813 0.19496130988582916 7.773038319480381 9.723648824303794 7.193647356388077
6.644819032422923 8.793353852034397 5.149375195684697 5.699338264216049 5.533307638131852 0.11587857647470123
6.751069723279464 0.6869526418244813 6.606047223125596 6.816262669364518 4.8481707128459055 7.7725483337469745
3.9539283714266324 3.110777184241632 4.2160464092777215 7.921856877340902 1.3184889177951233 7.830789096532573
9.483258185706394 1.1371610017929132 3.2274097095889527 7.236237856416553 3.68611734305418 9.174398660316225
8.902609511966027 5.563597519233263 6.250841816747757 7.69672798059106 3.111960412669452 1.0214190060904755
8.492080444386714 2.8063896439169507 6.643645494313362 5.561340179879065 0.3948410082712863 7.758186090390241
9.03901386856777 6.661714309759372 8.654864203022994 0.5628210548574151 6.6535648742698985 2.802701588080428
3.586033497898847 0.4028601891949908 8.123213385761067 8.00390062764145 5.939544523993867 9.889620969640003
6.298769750527285 3.8483721910273587 6.955208505551612 8.16970991846633 4.186361497695642 0.12788096225771106
4.683773424018587 2.4371970975508903 7.484730340990874 6.895923622498737 0.7992649194899162 4.946695149758992
5.309177129985573 5.664343890341544 7.379368868220917 4.720274660822533 6.160510776729907 0.27930193991151153
7.412417475055535 6.78541890267176 3.6059590649921347 6.859673128442297 7.788844484798341 4.096926692255522
8.177443350252567 5.705175694417016 9.75502713052673 2.919971263378386 1.1436633943565333 4.485860143377413
6.545467516243334 4.641552732719935 7.699495094304321 2.0435049763865543 5.063171837086131 2.4707097885712765
9.339471102014526 8.94352248743957 2.7418282765410438 6.653700439609517 5.806648057991789 0.9791581013540638
6.387510271402427 6.599534522497453 4.641992169290779 5.997721071133325 3.5528093289590457 3.290720892218109
7.330380844972185 1.880744337134702 5.180443197356174 3.9369797489342693 7.007017520129917 3.2421496125851172
0.5730209100579424 3.3463223640565576 0.7760215455493933 7.857459404041865 3.780315043644587 4.746496323192607
9.275033708015698 3.1494451729812294 4.893203060129472 5.172470981283689 3.2661304119080605 7.313653078294278
0.6774600623006606 1.5275175881752547 9.99297698217979 0.44554545795441225 6.411899004541779 5.632042528288914
5.054551718128973 7.420056267192135 8.208536863922731 3.6158780231293934 9.67257517211199 6.585124583597091
9.629218959454265 4.169964985926627 2.9613999809165015 9.296901944197458 0.15666806493109675 3.702193698601842
4.87400097994227 2.3618637866135366 5.100263496406903 5.336342798542777 8.896413350977566 6.656033847040039
1.5376356242661444 6.605623036589385 9.962294507192517 0.1743867473267917 7.474471956636867 9.395278414745182
9.108388710221831 4.815939236796912 1.5372356243401843 8.956267715409926 1.5996393423177389 0.6689131047853527
6.286654132776114 9.825602077989746 7.832845228091545 7.786479196589552 3.2415815349648662 0.34412184331894835
0.7851855324663184 1.777775872784614 1.7027436393901572 9.601617104409174 1.462768930735245 2.2833836508526892
7.611037452812548 4.844439043662147 8.353896204057126 3.332361900103828 0.3353594283539234 6.344983963969858
1.0547086215588979 5.497971074317575 5.994679198634038 7.7716533577120055 9.458275086155226 0.9007215259249133
3.658610325890735 1.6651925935212502 4.385204336637446 1.7916084102451815 5.699571707763144 9.751151185320026
3.9938864748328657 2.554410502618274 5.041435847010332 6.688753213556193 8.77909022679764 6.474550302774773
8.221014642336176 2.7689112039792607 4.224584681464961 5.296091500773581 4.017211999806392 5.702435249824179
6.816251132722536 3.301435673504936 6.49493139780707 2.9134253058730213 5.8810169702002355 9.6641013529883
6.256717042416967 1.3633589222825497 5.465523513852507 3.9571622938632878 2.4993416640556743 4.549496594769763
9.508950812942103 2.9053654850822324 1.3705394642475381 6.462063269692488 4.841985825726759 1.6092619136346644
0.2315141838233714 9.863178866359679 9.348303269291833 6.626179488579784 9.468594779520899 1.453532997123788
4.675575433211768 0.8580132783874896 7.675920760497898 6.620656703289285 2.2602324547968413 3.0625481268187396
4.407740946616451 1.619592880869655 9.734746357026683 9.273170156549469 0.8724570412008221 4.56642458038787
0.33537104106167526 2.6238558802925644 3.706646250015275 3.7219334877263597 6.254552051519172 7.080359975465191
2.3397266302699515 9.369696463206711 5.289387220432839 8.964688790988802 1.1164673732515578 4.851459338097241
2.8673562789376255 8.70167897878021 0.5406764440682421 7.127827305644244 3.910674955896259 2.7670622801913556
6.246115723600638 8.845278643326665 1.3525865615118726 1.4771538140315452 2.1021149232406433 9.499780747678546
1.9559015581165209 8.398806080838852 9.995554178102303 7.1034143236590115 0.5552287227719157 9.415556943152463
4.436200473198248 1.4476974478218927 1.1970350926152973 7.8537340805874525 4.555111682416198 8.026882904669476
2.40801166609349 4.199083564791149 8.687110117738394 4.699421054439019 2.3912044867503464 7.795682569440846
7.589598504183721 1.6714499690154212 0.9144928765400522 7.934614693043897 3.4840207077642016 6.09696266766334
9.723097492678345 0.27875541195477194 2.375305067101797 0.30170318969797805 9.393310777643535 4.1562951070504015
6.750680536218146 3.678846930532913 2.8921088392711494 1.2850207275559704 8.020550910958683 2.93365003964483
9.74977985084983 3.3339112008185845 5.581072002842806 5.179269447184463 8.816103358582152 1.2567009775914948
7.038018994216811 0.7057818452957507 4.889324466450914 6.66110736483501 6.693063835460475 1.0630336813891845
8.031361641148422 3.391762783457935 0.29285968170567855 5.170521765928837 3.5643292664350774 2.257759104787316
6.482461401152532 4.122331521187986 1.928416763683412 8.214701895570546 4.925922574167122 1.6293109147295608
8.48381127215312 6.321068622700653 2.884158412584606 4.808324400768225 7.034782520119283 1.3552371240233154
#
9.907362893586365 3.385150305283058 6.583114801448098 0.7733387311509201 3.3606717108075204 0.27964768650234806
1.5483841303499375 0.2972520627889894 9.053382512974409 3.106733232796363 5.706221423590607 2.7516243884576537
4.120738143816296 5.831837565470915 6.924159794620741 2.342501989051816 7.010537643488622 0.9171139093970675
5.301329756283977 8.227802751766937 8.042897900494957 1.1807298943471927 4.129236776516595 0.6300478129601208
6.043566828894794 8.732757364581982 1.8744754572688773 7.962676395641797 7.527126333927066 8.94831065717114
7.864822268745588 5.4176659754867815 1.3010834166200556 2.6508659436369464 3.4113907835589234 5.071890108548545
2.327234447765451 1.945353473814985 7.884360801669388 4.735353761838133 5.627420991001982 9.854536446301392
5.826642102719434 7.458177707229782 4.019962754768776 0.7010258513854408 3.793868915304511 9.578372004006145
1.9731729714719513 3.2369582942656607 7.976312549721056 1.4431758309931433 7.1503127786797265 6.755490271748391
7.636433451200471 9.603021511354722 1.8323702268959883 3.7364022807884965 8.404118915380472 5.093701848607441
4.228213903884919 9.270961105129906 2.1186151910267337 5.810293129752458 8.879240322934752 0.22102701437450634
0.2497961862710758 5.8808366297816015 9.970711779482828 9.77111940226078 5.26187858744801 2.684799483519699
8.347237339591896 7.783373279015853 0.8091277917984696 2.5786164681493804 2.4583055150481647 9.073304433520722
7.278716765653509 3.9722622207650593 6.220301700003981 6.335217831187234 3.7978680640104847 9.745145967857713
2.712645961475243 7.055073221354995 5.404914542393506 4.423362362006065 4.263867779521706 4.682977402637008
1.231862423751005 7.013362166114003 8.202673751151346 5.6855711271836356 4.914432862462577 6.426060671679689
7.198259320912943 3.5980739234825765 4.977487738017805 3.205910802692154 9.143957166302474 6.865390206457905
5.0014969628889805 7.512181041823276 3.702412104176453 2.782768483560711 4.696218473405162 3.910521079450967
7.222206151106443 2.267406556526526 7.45499507847824 7.892382575744387 4.4979408215843 3.478722680692729
2.8617363184717797 8.491666612015493 2.224019832274415 1.4480450199912402 1.8905627870328168 3.375158621353367
1.8845199884694344 4.98399044175958 8.202888890507838 0.6889305339751131 2.1051170064264713 7.641530254341553
5.444986714491384 8.247925640386047 5.585069710909172 1.6837699017333256 7.798038404748784 8.142790126752292
9.827713661495995 6.473187702038136 5.290451014074602 2.4986742468431298 2.8189402172735285 5.991766681741403
8.55659991796282 0.8133603448661413 1.9705192464684411 6.696622023975156 5.265956627883938 7.880289079302523
1.926905933808746 3.8733000276431673 3.893272859240713 3.565446794781705 6.026744065288628 1.6067608503291289
8.465636013032784 6.3054454370530895 0.23801626520883623 8.730224630255304 6.97609213025451 0.7626626512065204
7.897159978711782 7.285753948994855 8.652847420518018 6.349279499496165 0.7898716150177343 3.5351291127933955
0.3420218540802642 6.703962573747607 8.863108068265278 7.05959691961985 6.716183563337238 7.921794632489745
7.312664960874865 6.899261469219174 6.828691740329073 0.6248666044731772 2.013138351836972 2.737312929375868
9.317668987733235 3.9192724303038027 2.6206058065571365 3.6663629354714327 6.480964295387027 7.149333381163732
1.4977011727047382 3.0205755205756457 8.191435344620011 5.712955270466152 2.3099800039920906 7.940250737962836
7.177236606489689 1.3358513519134951 6.723696948372223 5.768993304511298 6.159428630492052 6.440200754578738
9.815994703691917 5.61888255976813 2.8890060219538873 1.6182220373694367 9.726830766158372 3.8390629691977667
0.8526723041205369 6.382402666921821 9.086161390584 3.98044428847042 4.493635349102233 1.2550861266220652
5.400359866919545 8.203358859418277 1.4970809808110537 8.465432786037082 0.9463218332725392 2.4951697838132194
0.7922934339247387 7.334229932046549 9.765596236641425 9.990403412059043 0.8264709651415396 0.8662512636548492
5.487495874855084 7.768827161639656 0.3933477219295094 5.142995487990089 8.89850848122698 7.551501737116254
1.98851664307027 4.702072903153503 5.290228159804881 2.885643216440371 3.3882658993448747 6.411360509591494
3.4265916750944663 1.6384714556365436 2.318215428378483 8.607688449080495 2.84170372453325 3.329366383929589
4.726609581913009 0.1508973213613256 8.88387467154159 4.3174474807846 8.308321072174778 9.936743076468526
9.81602506315476 1.3289804160778824 5.775716933218231 2.9458806365718786 5.832292212890994 5.3839224455957115
2.2166110376749675 4.402888909297271 2.723884711455061 6.293585658456102 1.0514209436721678 8.826817270875168
3.8741057946635653 3.012642365429234 7.3920673226569935 7.003693969164438 2.4804095136305335 0.9770829326070567
4.692324466035311 7.261557775203036 9.086845768158522 2.171322770561399 0.9369348630045851 8.506867379079775
9.621750199671776 9.43844132583785 0.752104249620368 5.31714396843853 8.515624513236252 0.968118053609067
2.7075295195350257 1.6701866756007506 2.088283667373071 3.4296334899681695 6.411786051481447 9.103858977405787
7.326346440933726 8.89921050375542 0.2957698981849868 4.068542724339883 0.5141071058027693 9.25125703464757
0.9178368292674035 9.993494644328834 1.799500243237591 0.574079229269195 6.164149998341256 0.23722467408217973
5.807834271424877 8.58932988067142 0.554647787731291 3.6025040216633357 3.2452908684721424 9.006159886381626
0.43221347014936917 8.944958090571443 8.565052551616695 8.987515716356578 1.1045769009633397 9.720367153307976
6.445439017004203 6.810478531303927 4.580906193990005 1.803639346047686 1.951438159263096 7.580249032035994
0.7430302646460545 4.6794681566836 3.2790207065243786 9.061771037013216 7.557266070416026 7.472935808385475
8.964559543718249 2.7401211047754903 5.682472191525733 7.66605838376937 8.023626296192786 6.9737013415721485
5.464311359686384 3.4406598712295895 0.3940423591630626 8.297281690581535 2.435380554731325 1.2728837606783214
9.447136519406255 4.086515443361484 1.7931440951868756 4.6875569470081375 9.88493872264748 2.1950914408883753
7.352954392950739 4.211899895817483 0.7057182266506636 2.788493693698778 0.6549995111778841 7.62684998230004
4.639728260619968 8.88560020973338 1.6884504176532964 9.290086310482604 4.666670169033266 9.784608362157506
4.154398720526229 8.926729260402901 7.63303681255389 4.484071509780844 0.5449324830190578 8.317882707893821
7.14234149844673 4.682665910998514 4.0562073687105915 0.1560668134144656 7.174767211900271 2.849063057941166
0.7975063180428705 7.527591757331415 2.605746512570359 1.0304108538619259 8.945137656502226 3.7666487606048227
5.672236239659189 2.8257108615421944 6.362897729713678 2.262010669687765 4.361030906511245 7.48542244500374
0.4601976502011986 5.08357828968055 3.4717866901824683 5.97586608422591 6.049263147869907 5.524078767112009
1.5201406351686777 3.6838396641737408 0.15773550972988204 1.7569580357537968 7.732371292305731 8.990553421373608
1.5632091232839058 1.0620645066518484 9.417416115074282 5.298686373920339 3.373128204635141 8.832601256804216
1.7583526717052682 9.097544541058024 0.38282940239478513 1.1610700526533342 6.60031199535595 8.266159391779489
8.127797178290272 6.760508798600759 0.18563812191962192 0.10835042084994484 5.255356786587591 9.289027680093195
2.5910547684275205 2.9616121283526557 8.273601487051604 5.255287356978582 6.813634850518693 5.807289469930644
6.715290115532765 0.7220433772010821 6.622927497064911 5.675587321823833 9.7830578536105 9.812648946131265
8.038883328877596 8.90617460402571 2.0962904219157736 7.21372697280341 1.2509279958440285 3.639325048189918
3.4581169196423414 8.888752870876052 2.986319692324921 4.7340300191855125 6.354869722855479 2.678120459320051
2.3434089857836735 4.332970008366501 7.062531410300297 8.086379665470771 5.251847081934532 7.7605564289052404
4.093144863458151 4.658243531432991 5.938618128185304 4.431259443536693 2.71078878339864 4.098060023842393
8.222689373202783 8.903100398963574 1.8735587356434102 1.8081304167067 6.642884064417538 4.603327280807617
0.6311834472653413 6.353956534830843 2.340983658631095 3.3703985083662897 4.806617063040989 7.114975375836942
4.429823448550846 3.9493719510499785 1.5979969370989116 6.531300183357974 8.060699787319335 4.585846905558334
#
2.706223435666464 0.38262101675677584 0.9797335343038966 9.623808829876085 1.6086332461700383 9.108556868591942
1.0579812015425367 2.1337600105637122 7.056022471470298 0.25054221169570035 0.2144550124100535 8.741098769333004
0.5801162837143323 3.4722061537257876 5.273130206373318 0.6005529851304718 3.6115249864900307 6.556364502712704
9.966598382293387 2.186221146219461 8.804792539741563 3.538615545930484 1.8680167587283103 5.841510953333115
3.04011373540622 9.884528398521834 2.4733401590779747 4.9309380261183104 1.721677714509814 3.857732872503747
7.5650255236111175 7.79469978815054 2.2902384261694357 7.860355080433738 1.8985646157405718 7.945383374997271
4.182457458864072 0.863375507274962 6.343203856654745 1.2780177876418493 5.210151578686236 6.038822784225648
3.7098720426344944 3.385357791961952 3.2577770256455465 6.155610684283452 7.9701312976237695 8.201743623509943
0.1880831478019429 4.733302074364223 7.301641732885419 8.845192873406967 7.443810275265437 3.3585234105839676
9.214484134703987 4.074953167216143 9.436113803131999 7.072671026020002 7.137236839785994 1.760996123219606
4.76797438806807 5.434012595024894 7.465517973484359 9.538902159870812 5.735156879873284 3.1598399732284803
3.0763647480929186 0.2482972895024096 9.16207326699795 0.6998380451812025 4.181774123160116 6.582194089827173
6.265230005447574 1.4266550254488024 8.093548491001956 7.83599055695487 4.649447271809784 4.449339263164284
3.72561122858329 3.2175829616066958 2.9917723103989315 3.4652636123391014 8.54878815456731 1.6815011064129646
8.646571376639551 9.533859089129571 1.9302286711009748 1.652397982730157 2.0007048736677278 9.04787890547837
0.7791551210985412 5.744557207751683 1.649071988439902 7.484564833397643 1.9774217472941196 2.76139784890958
8.793213994741258 9.759032922310064 1.2395013795442646 1.761628999656911 9.001999867789447 9.089759285431299
5.930654500629905 2.016934884378438 6.856060792623568 7.799288598715627 6.419250104406208 0.42375199903588534
8.930315210619083 2.064170771770684 2.3011681117003704 8.577314411575745 4.171489961729732 1.158285605164311
4.2778586790030495 0.7539985477933655 6.273326300928212 8.538768768866726 1.8940903948024124 4.758369641496886
3.7365926757190824 4.142600216365559 3.000719892501533 5.476672059047658 5.884199151777243 3.655469298201024
2.695589599885416 8.041303333731205 4.589702313006786 9.127056292369277 5.834156359053253 2.2915991990225386
0.5635586738617988 9.922282367123357 3.714525027355301 0.29935792061718036 2.129281811155211 1.244007886944806
0.8674391390097878 7.299345175863557 7.438139555879901 6.138176052223001 0.37933642068629503 6.547194220776948
2.741631976140577 6.280667848775784 5.477700521291164 1.6755110813597005 3.939457340186801 3.7973638631979383
7.9309966084968755 9.33579042455782 5.855985695660577 9.06798140616575 1.5137877625561753 4.641457622845531
1.1772693973330939 8.507363364789022 9.436282641484002 5.928891496588218 8.019863783491278 4.036675220701535
1.9112298363496616 3.201260051538995 4.651415187819259 4.51030246139511 6.000716262299268 2.573936625296235
3.6338951645614332 6.0898553977813235 5.25229364333262 7.484852177611285 5.10072182494931 2.5759927660753
7.960817311310866 1.9811902069559295 9.713574104212125 4.071805150695565 6.380765335059437 1.3596985889621305
1.7421175945531848 7.49822800235083 5.62807787886776 6.8892489640133565 4.159780853290525 2.7520411044131126
9.1589373241898 8.827868050354969 9.934271558952581 8.938676646023215 3.56015391943747 0.4807963233047152
6.806134765468569 8.822806507156418 2.8839583480809714 3.362160642960146 3.0991412649045555 8.573680297896193
4.690717977690677 3.287995266620534 4.1447408731316076 1.9431875493827242 5.464761724373037 5.524174734455109
2.157146959800074 5.896117530983434 5.754603096611007 3.4394743193382102 2.6184183278513182 6.974204880842986
0.1325410349253886 1.5449126061040235 9.01800908261631 6.79160200109277 8.51555983889046 2.118930905468047
5.262324846888037 2.5627168156934705 5.960627563183808 2.552037889045206 0.2234230446800174 5.08643255402251
7.226686496491704 9.683871015215729 1.8445793940207404 6.672635662630814 2.4450095294031797 6.977415948972901
9.237362194710263 7.958777042922745 3.371262507192153 6.013986779741009 7.4266925585634755 0.5714206959869292
3.9146013857248705 7.051860857801945 4.324407233780811 5.474147320847061 2.2410662638235523 6.337435464208815
9.661589287806207 2.740875098665914 5.648589099384516 3.2297526990016343 1.4568871426644932 0.8235082471448711
0.9894688604491453 4.9682872233954924 4.837972113883116 6.110797033007442 2.726391343697065 8.537980423212979
6.550661141891187 5.89137691157902 3.9817405621595077 7.897812422492498 0.5118752577020489 5.853751399625034
6.817599414653983 2.5973517188679778 2.851157342247003 6.896361540059178 2.8470316869432644 6.0208798461060224
1.3794646645731903 8.665464039709294 1.7072729457768778 3.603609181254545 9.899767979874689 3.408754682764121
1.0125646714033936 6.435486778939489 0.9350095207768048 6.6598829110641695 0.21274565087229558 9.155591193215361
6.449866757146052 1.5455406696525258 3.7384256256950144 8.773989184718577 6.599549166310939 6.428734348965514
8.270812876690368 8.94353342247045 6.5830410337851015 6.960864113203916 1.0567331742976633 0.9925674411334482
9.317924522624335 9.781781004353377 1.8199156001372994 6.44292971324011 2.9227958367142812 7.978277160327014
6.404127532954823 1.446853606425424 2.8572728089772332 4.168323034797404 4.122362422331321 6.689051617271978
2.572863090625699 1.5904326709779983 0.38510705591996786 6.607694913763016 4.621302175771282 9.285318263605078
6.028402027110197 1.6363102588072205 5.196124464982684 8.265193757558054 2.2091731237152525 3.2259570769444004
9.264985772295619 5.1117399864973825 5.428961242334675 1.4530322976417445 3.8140989068346327 2.6170682318664777
8.99772909282421 5.86895026965508 7.328583627468577 8.205899158831663 4.865535959092792 1.488742574895439
0.6385036390713656 7.178252603166795 4.825350243848597 7.541406806579653 3.739373755568958 4.761437710586804
5.756232854166588 5.335977120414836 8.470795369898154 5.4852801434777865 1.3945266784505277 4.054075938953104
0.8765204631785206 7.676914986229249 8.136604564261297 1.432861535992208 9.708985005519118 5.745634697842327
0.48575367714179496 9.073325261711918 4.474623115250054 4.042903324703896 9.660691836176134 6.794181050254074
7.762523909265298 6.273513653227946 1.406459238160508 1.8250074935785974 6.042247145388333 5.136653082488722
9.635377679948085 2.1609243030219623 5.297188611223174 9.089937260895953 0.48799600618379024 6.73077614998463
4.34530250576681 1.965607663480473 3.443385266324827 8.10767904493438 4.61369818948761 5.293255367745472
4.64620067865965 3.987230060607481 1.8890651810772399 1.0461744108228412 9.801713811525076 4.165613205525003
9.02767506904846 2.3963804213438133 9.179898370017739 0.5795989857589818 8.614072183650935 1.3718270042030665
8.975901505729627 6.256067191787546 2.1959010111973387 9.25103318230273 1.7564479986220705 2.879751124915143
4.053678396182059 5.04262679035138 5.709557055183583 6.181534390112277 4.074504653463258 5.9496973935979645
9.959103870789779 4.786697553549124 6.134406267172752 1.9780540175102774 6.136282978017414 1.1552974005242103
3.2075142898963565 6.855325418711948 0.7430429814600013 4.187646790253382 9.282149328997393 6.7012260799648296
9.52991728249004 8.036668600185465 0.9925652167858932 8.537097702987282 9.268697191849046 8.071420607767399
9.434074901622736 0.656288618549306 1.955532406318358 5.098639480664543 1.8150039940990976 1.826977698476281
1.6204815734109097 2.329617475434117 7.842666169719926 3.1957118556708357 3.8971391394844135 7.21576000341814
6.868628849582427 2.4282242178167737 5.932160462295208 7.846247814152448 2.234779858865025 5.731633345079988
8.859780988309016 5.852855423209922 1.9119631726206192 6.421117975486237 8.999810895428483 6.405972494407551
6.106033017615795 6.962935119078712 1.110809119432421 8.058162415285633 4.7217032336331215 0.33004863145296603
4.339166282301108 2.0329530542211027 2.856572851749736 4.262261302702189 0.4828058219358331 9.18247604308009
6.545304371299061 8.969413180723649 4.773916079086232 3.2709155482288716 5.896140034926622 3.1074095105187522
#
3.8411383062114792 4.35423226312367 9.956294695010012 7.197926906577294 5.911499180146842 0.5328534759541164
7.892933464805347 1.302297861979412 3.0423689080384486 2.9071796329825133 1.3718271401994455 8.121914458990076
7.985270921638065 7.521217987377014 9.193494296829098 6.6998046365915345 3.7885806039065537 0.6057528297313839
3.6445000815192468 1.238125492652907 5.706689419401039 8.35562840376646 6.898027299774817 3.4496494255027845
5.738559329483788 0.8409239595734794 2.585797784602222 4.405710444612361 7.126959948399328 6.3105366021070015
4.825008729280673 9.656607373945091 1.8081694638026335 4.390985379051647 7.289837724328935 6.5155150029727995
1.2907139393595775 6.894378102022311 2.5209580234184292 0.6110180701504033 9.219210499843864 8.245598793052043
5.665909960101337 1.8704719843390563 9.287074825106439 3.3697472770278685 3.238867754882403 4.115218703114711
3.36236383077045 7.65790003244949 6.41263058668995 6.741262019400313 7.599656708782924 3.0522009322192054
8.604599245231272 9.109383742711364 3.961654256566347 2.52638237499082 8.81489041379301 4.152477822383511
5.865394655851507 3.294069969012418 3.4235139364314993 1.7316551349548748 0.710412690267062 8.58601647180878
4.281380171545637 7.936232455257846 3.2201261630445077 3.7856928706252226 1.8211772500703054 7.19839297769321
4.792101083845389 3.2247792146109924 1.2416300547988222 8.62514212293903 5.2474301684874645 6.615105990335603
4.415691255746803 3.815098019215534 5.070695700757367 7.439999151926022 3.4550125049438822 9.109090050463353
2.963332256654587 7.37449268117186 5.981020307804229 2.539603539577127 9.378877694003489 6.975482629059227
3.676662978512855 8.58369597481417 4.164563366494738 4.8263515644418895 3.1991385472121503 6.371971551031333
2.7777622125176156 0.11153352213127832 6.80733116479994 2.875031879992464 7.078714087356048 8.289695121054466
9.799670740228535 8.46112368083818 0.40727021523222007 4.679200296832528 6.908763824347119 0.7165742321094895
1.944396550276874 3.7496397165347912 4.789148567882168 8.54435235606375 2.779181470728754 2.2683755007615254
4.1176568438922185 6.237002053038916 7.338093003697715 3.9868930131748535 5.742499739279156 1.8621402583811753
6.58230434601016 2.9349435219506135 8.903066752537402 3.02277972683608 2.1296432895305664 3.5796443949289722
0.1448570882889566 3.0507674750640907 3.6214513483623625 3.973012441332222 7.379958260392295 4.945407162628929
3.3470453185022446 5.06497416021651 9.945149978458684 4.552556607802994 8.894420231842535 4.200199205323634
6.168693321575106 4.035884155120208 6.285393335701756 0.4174361450987485 9.626277954777768 3.3406673833706106
8.267151655935951 2.0380433848565542 5.315997323036659 5.4464992869637205 0.39928459544882244 2.8039697543145086
5.421672862156218 1.2245405746331763 8.284854970740819 3.6519115799111104 2.4675077077274925 2.389822874180931
1.2451777738973444 3.2805316654803534 3.449220296996464 5.339037467676456 7.318404902417306 7.496552450895903
8.989189430707878 6.944762591411072 0.6115545781705416 6.8812707733202885 1.451945283194525 0.2471631165820085
4.982673823934205 6.6522426137473065 7.763354847140926 1.2992835667797555 8.342999212977709 5.70120897969492
9.56374796992488 0.41773249964875436 0.9159108577682424 9.43650643620326 2.4975954037037664 3.7290892553001385
7.582189075702845 7.14626470124262 1.4647213131922108 3.5772907931886824 6.920141880719489 5.609638139060614
4.365269284372979 5.110817251065936 7.5554120087310235 4.570106318155328 9.413637794522485 0.6029431745067564
0.48151720783941343 9.31772396023565 1.7240940082757947 9.053451774316713 9.417639702341436 1.2532250991564298
7.545558026897618 0.9330987739570196 7.973209949075992 6.990021736859349 0.8818639153455994 7.460644430297111
0.752010347578211 9.235472693290905 9.333039558954313 0.8599526628176566 0.9867667483949951 3.5014420605850036
0.9064015437747353 1.1518199247079477 2.220759796227971 5.571239091228051 0.3545952540833017 9.953113103518987
8.999563342833325 1.9976001915865575 2.1027330544434326 3.8674872773274513 8.066103667979153 3.468346073994959
5.594410905717968 0.16357681006509228 4.003942909174119 6.4938503833356895 9.28665741764397 5.159655961815653
0.5971109905389858 3.791195971016119 5.803146817384555 8.352276418032655 2.8216207404787697 3.812445905423361
7.697733867435654 7.383748069180583 6.751685454952923 2.577266049461268 3.6742467861679025 6.855081531103952
1.4503377276240697 9.493753860691506 4.453255878203375 1.5928633457848016 9.8118929560906 5.064539651785637
9.197587847767302 5.814758469435563 1.2959270263197658 1.511790107135146 4.444045694008015 1.6424424945824874
6.429638874712316 2.077270841954106 9.29335968800433 2.1728815380071476 2.0722738716803195 2.853292980977169
2.8456722855790684 4.584544479761865 0.5092642839670329 9.055761064287685 3.3679630944314325 2.7433103212838317
2.3072660141525008 6.323589843435583 4.226643449970671 6.207806205180894 2.646023232442332 3.3550006502785252
3.2496771712088206 7.120563443999403 6.728296986706159 8.74557790227597 5.1111142464124395 0.2620503336219233
2.8912020684315825 2.202117334225242 7.832054019598768 4.871574297435948 7.08858367650271 1.208186424583705
5.614569114210217 4.019131321313123 2.8439432760220815 4.350041052955212 9.58192578762116 3.825351616035996
6.573306887811819 2.261342992007579 3.309903960572533 8.08237453292412 3.5289695394409284 4.684018180620395
7.4431411915209935 9.102530873648945 1.010596921355602 8.201045588671938 2.2356703516295338 7.317960641432544
7.115024401379056 1.2990685818598293 5.90711733071532 5.966122061227477 2.6533408748925056 9.182712490072639
9.875397260492992 9.065750763592252 8.454645497935044 1.9562564763953572 1.0569632778658908 2.0248465705371568
5.174123487114935 2.925236167263993 6.782887784166468 8.374533460946878 4.108354786075268 1.2005468349090185
2.8506494649221765 8.104531966558316 8.505389630900554 3.7307907889785223 3.785433288113082 0.17444051891203038
2.333866968118554 5.6630645816244805 1.328243138216958 7.39284702216807 2.627676048543694 5.9987175142971605
0.1944382608971642 6.273216309822914 2.5921171237346985 2.576922723144973 5.809790461780454 5.193813506174789
0.7074032356164883 7.248860558564509 6.688499252996058 3.4501996438019438 5.189636379699138 5.210029845791875
8.591917377743385 0.2822506203158408 2.6473363028367363 9.7126857597294 3.8578010159097147 1.1629910476070338
3.243345384950131 2.7409262678797646 4.369905834277138 0.7626872896013515 5.573683665325792 8.068596938000665
3.4608672389553083 3.048382969875443 8.988167669167316 3.2852826943703186 3.360706062570844 1.103103440127592
0.6173108000930654 9.716706649415826 6.622220172982714 9.088407550574841 2.969653174728074 2.625489196804233
9.974478282179795 0.5289743429000886 1.8866660389901755 8.1682238261025 6.000539208843964 2.3122741222992245
9.682420026052842 9.3883770871764 1.4204464933998988 0.8344582468467898 0.44391759743306647 4.906364960259843
3.1516412010187373 7.363979504144281 7.107185258915924 2.3999177770572517 0.8381402243366782 6.495099805119703
1.777711094712771 1.3544217197001958 5.503000287258299 7.9809534284591095 6.241658785727727 4.067439249720759
9.35338140404862 3.7190829851825447 2.4215827309227507 2.002855723247131 6.58507553269972 0.24964841813772143
3.0850303935667105 9.95327405408101 3.6516681463927188 0.8386907929993903 3.2433699588043075 1.0420871917838426
9.676872371865173 5.789120568064768 2.411726441760949 7.9980297722965545 2.5596212568948093 0.19601400253502899
6.736398196496628 0.6649690161726829 9.899489618337128 6.133670047317555 8.211466096844866 3.164251972365717
8.064238929425887 1.5909311622476507 6.984799178558122 4.920300599110848 3.6048994987632375 0.22483754532291478
5.250911419932011 4.746869024726764 1.5330602681224836 3.0834008273280693 6.195823783205316 2.5537331369248526
4.3752784910903495 5.270928194495134 8.004419672804516 0.6683426460759572 2.2768651577008105 8.085910298171433
4.358356945707546 9.375625303719572 9.446242652087529 0.5077210178034655 7.902410978696405 0.8979560510832707
8.327411925764151 2.8217157996426603 1.7761040185871773 9.82043088713438 1.048584179067654 6.91603920188873
4.873431920382062 5.587026129462064 6.7682811921970645 5.233177734139184 6.121409157773342 5.829858792801355
#
2.9946831999450647 0.4171487616997087 7.669556206026943 6.874387666961269 5.383222753445902 4.231500726607978
7.751989549072922 5.119910469155272 4.017056378458406 4.693103358788207 3.165020649255025 1.656726761303545
8.615422192044887 5.168900336422701 8.878961820790767 1.824139935796647 6.693224866698316 8.251471271133394
2.4871613927039222 1.7357540796477702 8.12975437363604 6.614841352907205 8.225899277295895 8.522383132197984
7.700428107834986 1.1371495504367974 5.988016600030944 2.0129018840992123 5.2359681378086025 0.36747548957762177
4.759320581194321 0.8430722574920093 6.793093461856035 2.1760574821909087 4.2425656363350726 0.4712565138519871
9.588733044881078 5.108082483745664 6.8491884115383 8.031503861090519 1.142867366059885 6.906243387320135
5.320649235921597 7.265786854600484 7.018198280331725 0.43359080690042795 3.5183457973572296 6.649921452905964
1.4556791191002536 7.907560117393164 5.174093708517983 1.039073569651011 5.810045570242229 8.056688666321964
8.377449979360087 4.453379630298209 5.367894481708737 7.087687637851967 7.664411900964196 2.7085561884703475
4.6700963949598595 7.748552630142903 2.3590597418157984 4.510111895892795 2.420581258197916 3.6311778485731168
9.173654875374318 3.8948507860407346 8.728196486290123 0.4990388983276288 2.6637773223020544 4.924738142517102
0.41043125974490025 6.89254973212782 3.400051483849541 1.4918463764576813 7.259441111425273 6.717659638069491
1.8608099809872938 1.6127621792170128 8.073484592541 7.439463704216635 1.8529388862901688 9.29741619491191
0.6181540698437376 2.211511708228269 2.5350434127228896 4.62591071733644 4.140348245410795 3.321889077120434
9.449005201854511 6.539764701712356 1.421806293533138 0.5614662013043334 7.510915867509533 4.483636623326139
6.2675619445782065 6.4689957289069415 4.25284630796007 3.0052016716113314 8.111613115915473 8.026527414744843
2.465044167897441 6.7556733874151655 1.5004368551192888 9.102049462602485 5.470543693406634 6.704345931404816
0.6431255682122714 2.6270760555698245 1.6851169942727116 9.885873856799648 5.756622711989708 9.242845428104708
5.775836900464687 6.555740154861878 1.9843444078542158 9.753047899157519 1.013169147647723 5.40558148016119
1.876939981343909 4.687884640655919 9.921164181845068 7.7997276918379885 7.365094538455619 0.24687914000751388
1.892505758079352 9.46026994327788 9.850176185718778 9.019662699468821 2.889046774767117 3.4052466930484506
6.735344964471959 3.518192460287407 8.328701083846088 5.636414874109071 1.8214615516530954 0.8677646313602487
5.199947562918521 2.075496769190183 7.582454651275755 4.875852123467682 3.751853041467688 8.493859170992826
0.3680395334069706 5.108426579939766 3.62525380711892 7.9674614489817674 5.063348998877534 3.3119916133261262
2.5655010880007176 9.374266444035868 5.024530346895226 6.383789712431326 6.728997681541135 1.9244307490006158
7.618036978987054 9.64762157455497 7.19788643036687 9.973445502627513 6.7194906495207665 0.43519003903148423
5.599198114254791 0.21203534869990115 8.362945746563595 2.8608197927732997 4.611905319258083 3.506637230598516
2.4220504708755874 6.753435099079142 1.1815668529438703 0.9097751022222855 8.420573128799575 2.0287496735292367
4.593326342209085 5.71565219391269 0.38630123781885484 9.274776617233822 2.1425366452179233 9.217465419663924
8.660771307165449 4.817967537503682 5.356006773143543 2.6736382215106014 9.53545593095139 3.27664317172641
5.874800969875604 2.965848268036695 1.541280813583005 4.9092621187817445 3.5343819095018274 6.2995185050995826
0.1952834899177036 4.983904300731119 8.761957246230905 5.927810950036582 0.7936121585414773 8.545923056615498
9.041086349657524 0.9615717734004301 5.060351175374898 1.2091365321677028 2.2816076418691327 8.718771704418764
0.5989032384122028 7.2556701208478005 5.237722532587992 8.42667809384332 8.351731842430713 0.20785521647377259
6.1577726048901145 8.97330776895939 2.169513815878777 7.385877177779534 7.810660883309474 2.3955364024605452
1.3599926269636469 4.582019146865238 7.127817292622714 6.136915006206118 1.6929156028998351 8.149515853030493
4.95379074700265 4.205431917252818 9.471878674864275 8.351609943574669 2.250788407540132 5.250352620030835
7.714243318434861 6.7357179979294814 6.1221895603165475 4.912727447124833 2.8829779363546932 8.5420830490282
6.690201920745942 5.03498172394116 3.937462983254218 9.437564400440912 0.8766730142353731 4.164523943679995
4.374504378955929 2.3287366268873995 6.601042655494773 3.117922595345397 5.362452704159648 5.007378700249218
3.058664155520653 8.628398321121558 9.954308106006195 6.915053080619558 0.6133706576804094 0.7476206218818247
9.858418407619098 9.215270334380975 6.463760718869455 1.6167075286774675 2.153369439091386 7.406868239621835
0.6834177202157248 7.80627349721181 1.7013202551871816 2.3857795335668555 7.20353006111773 2.421634838281114
4.172537899115714 9.936041556435182 7.736914011623457 9.47330437561574 4.081902317104838 6.301686810620987
1.7737872142400093 0.1036207871869248 1.890947098969702 6.613714267933675 8.226988087356322 3.8964879496364127
7.759341407290041 8.031119344006553 3.012077777614369 5.657783397358791 1.3572642122877907 7.500259322638218
0.1917089864475905 9.217957793401546 2.999590122175773 0.6857725482284485 4.9968878612031435 7.205224444613611
5.8779969401024275 9.169492307426289 7.43862593425173 6.871475832355552 1.1773013034666189 9.13824940749636
1.6838214835463603 6.18379274367676 5.983694895574287 2.8795778217328656 6.157281692537312 6.615241599470666
5.428775503551302 6.4272093455021295 2.5644085484124735 8.03074136166385 2.132372066095092 8.844787311459609
4.977073539147869 6.365177377084079 9.566225254609302 1.5680859949249037 7.370099733052799 8.780545754551548
6.426659283944559 7.512009384427687 1.6221878208620906 7.613277610522527 2.8497470621019008 6.990520663778419
7.252912162687377 9.040309826468656 4.317387220558567 3.4362141887858075 2.160990083778973 4.871037554303426
3.853946926934632 1.375023834203608 8.312898795577441 4.2042526557702224 4.131487807021823 4.356321773726102
5.592777875029197 6.424377426056745 4.9984636719917095 3.9211917886909076 7.147239011572031 8.7382542344947
3.5874125565023656 2.303109243338254 0.5646027595537246 0.15255409148581123 8.651462258212609 3.8485190325413177
4.774796623369864 8.005666840275673 0.9295473921763584 1.7687504915331371 1.9906593098166998 5.261629739429715
3.5921581824175446 1.5392021849959159 3.5091173481566633 8.972249735571037 7.2619479626444985 7.630482586189285
3.4314746089469343 1.7506045938005212 6.895812557252546 5.211878227899288 6.300259330391478 8.635308087380908
6.828062496608603 8.056867787383233 4.865832458859271 0.8459281768407498 7.206981162856561 9.34296548056718
7.953957133019333 0.5792900757466644 8.18256644679526 1.6271984806696875 9.59180464296178 4.578508835991031
1.6384142426514097 2.4872288469079016 7.748512006410982 3.288738235584166 9.882314163104704 1.1842649750025624
2.8209900561186925 9.389988065706564 0.8292972211444969 2.3193778954607844 8.404967641121468 6.275211226876175
2.5086340569096226 4.703227708338114 9.85459122287682 5.6232070440829744 2.6880523209781506 5.86029836903566
2.9991020012062743 6.650727630220523 1.584564072250985 8.896342738891565 7.585113783864099 8.95870843781361
5.797311381028805 2.3227646985726347 2.3585436286424617 0.7040953495898501 7.226147874765132 9.47957287745773
9.99534196843052 6.703968619823915 5.408586571402519 6.393024876164977 0.6567044678159766 2.8867084507217413
4.772197983814915 0.9542816575393731 6.655398156169197 4.641973139017814 4.319727160425328 8.002092546562686
4.701225479750714 3.3838194700735196 5.640323121913318 2.108083357139975 6.59000715556089 4.597678274742252
1.291597724506072 3.355184123223923 8.097421089314722 3.221682351169102 8.745725054968084 0.9567768338152147
6.403448747367004 7.452481994475816 6.24809575481296 0.4210916102098041 6.361447090914345 6.000471289025263
2.096259762799893 1.9586893870748319 6.044758482183041 3.7363333421494653 6.778210474534009 0.32220126697146334
2.8894807069421464 2.3258965084738783 9.994012779007669 2.462047524566773 9.780522523827507 2.933874071781494
5.753868879821121 7.011688958867846 5.3791485600939835 1.7356838156203 6.358293092858115 7.168656894592256
#
9.1224014959001 6.1099737916048555 4.006515986019865 7.655802557991306 7.250301248882968 5.355520235725101
4.943077118227509 6.921229178684584 0.6046059261668946 3.2281481998921713 3.2995231264618976 1.1872983143053242
0.8041491418504503 8.387993409819433 6.50569536829267 5.474544089130252 2.957957506880154 4.909805385130412
9.36685483269786 0.946902666892135 6.946743998722346 5.880823620229686 0.9884073971860126 1.884244286928848
9.128456075437938 0.45831277496374945 3.0992093276347052 1.9151957996341387 6.791932290196868 9.670599395972816
0.29128873912647535 7.425701407733303 9.343486708587381 2.2476400406560018 4.418858678259156 7.34565133207842
5.606681640017005 9.101575328514812 5.155198143423814 0.6692689704287949 6.513100389568857 3.6600750460778535
7.978375919053418 2.7029665229266895 2.3256682719745827 0.5318255000705419 5.3505443310599174 7.346411985181367
6.005583183154367 6.724402732698806 6.016381166564855 9.961441498718095 9.445659836147833 5.782730349463581
9.384136212974353 2.835104378076527 0.8620224216748076 2.8266341501792502 2.8127439410338977 0.6301412148122072
0.9004648500472454 2.347520785591919 6.200752398010984 1.6054791904882242 4.94494162858346 5.958938780894721
4.244824976449559 8.820866788497863 0.6237703998977713 2.173852844891104 1.8419195607052923 3.5893428176500235
9.144561607971452 5.863212056880167 6.262939766494776 3.660756122858905 1.0889084953672499 1.051911005471346
5.814798042076825 8.542435938886468 6.477323570900439 1.2106968808594845 9.233769297153636 2.003077902145003
2.877220614936021 5.709672783492056 9.328995773470727 8.507284549124838 7.6670806224497685 1.4962963785152636
0.1358069556965038 7.152766540600631 9.949677348625771 1.4861659621438394 6.587041772957202 8.103622966761147
2.8741738350419728 3.177642311837441 7.789118863255512 6.49840563276047 2.456419881458026 3.888974382504582
6.521114792179111 6.692343700058372 2.0563623437439933 3.4982826964343623 7.139527601979097 4.724781318049594
7.712945864573808 5.090744584296072 0.4730348117237524 4.0580131101906325 9.915983577274247 2.541636259013702
8.9478354120622 4.962116187161793 3.0110929218030282 8.358337269539092 8.160776470767049 4.887560503519503
6.3891993325993415 9.199876281886798 6.288713634279257 8.98152301517118 0.7679579329951567 2.8555129559024963
9.765613549671977 0.9664837851227448 3.8742459700499303 4.047334049851012 7.8645963049993375 8.85473652072361
2.5098195304302076 9.499481710081334 1.121287131023427 1.0210174871541131 6.716639835798796 3.5176648473524637
6.8646067635888715 6.57302435648698 6.279937264702734 6.727878737910157 3.386492836181189 7.777439542633351
7.507200663107727 6.375742163584973 0.5136672243624147 8.3917614707122 1.4804160882556845 4.306514118741386
0.9697403083135692 6.529992668069897 6.119702825036296 7.95075568144693 2.0684477172834907 3.0055215512298794
8.420246317975746 7.023798652708949 3.3903320277902136 8.754098448833474 0.559879877304164 5.636663528505402
3.1739173963721647 5.173985425435003 3.24947518201067 3.9102257229760813 4.790088067748604 5.825173189694801
9.729493911792407 8.304963374593054 3.2916589168695864 3.5421840586448514 0.6451517713477717 4.89594837062665
4.521542096503904 0.9993184028075346 8.656439698023359 4.1550099550990875 7.50705645393046 2.099163730360838
0.10991912525145242 4.969002665770008 8.182200844733092 6.171278769481294 5.3848203651455275 6.213435736103783
1.0325307446724103 6.570275314156961 7.178014077043164 6.742876208828035 8.934631733383199 1.6115258269155222
3.12898701871256 8.544058228166321 7.538259645222746 5.822389387612322 1.3416248914766178 4.7300982924131905
1.3699817546224176 8.246480236294792 9.890722632510755 5.935741906190697 0.5395912021839964 2.894445920908927
2.306516217709639 5.256108705956979 4.770581941148402 3.097918917925078 7.182357799083078 7.090845128018605
9.32263976833146 3.6566620694256065 8.10230189102057 5.415241994467853 8.59812502235829 0.2447226523409416
3.054199332162784 6.752628052770772 4.341120584842544 6.473230674588874 6.738579580720649 5.702988803492158
8.22376712606609 0.9197128071146343 3.3289593974777865 7.368433765885055 8.133360259999371 4.970720643485133
0.5000585415517111 3.183537704156138 2.1222726937784513 8.156534780586728 4.749445748119486 7.297486633213117
7.338825507855235 6.693384247539422 2.241347644941729 3.1995724978273667 3.23895713216368 8.001417907711915
6.997091835934457 0.9490067890377265 4.9896825863373655 4.477975884691807 5.0213399317747305 0.49086769880747116
6.092100472106156 4.881838239201307 1.9477596761886398 3.5355058919138984 9.481764323108774 3.497711654554054
9.057526878152864 2.9945375478231666 8.285449470843991 1.9863483790392862 1.5960382480979982 2.759344056949332
3.6288286355973285 7.060424001191375 8.023492996691143 4.668855679249124 7.426789572387186 3.1397252098167603
8.937410323807832 3.3878181646898895 0.18008812352318415 1.0534186889891086 3.7781593304658676 8.37274484809552
8.746240070950297 1.9373493239486934 8.223850226768723 6.020331829104184 3.2408465114168 5.347313070925258
7.735098766532051 0.759279849615246 9.131407906809219 7.839535394774176 1.1989746199569136 1.0075740261137422
7.488630018718222 0.5501310690772092 4.471432319800702 0.6401983867609395 5.752314936789292 9.777734545042676
6.901743140363075 7.662109025873269 8.166371972629888 5.71393860726709 1.89519954438908 7.526722991717216
2.3308912359599234 5.846780245983223 9.960916739402087 9.217291028510614 2.6792994995204027 6.389813891015903
9.303202050214914 0.8379617625120934 5.649973049247631 0.5749416191887438 8.598565712861848 0.12641664775470574
0.9078432552185474 6.097536625398215 1.632544671204533 9.999207762314288 5.196000874239486 8.253397851158724
9.178948338499513 5.3705025833846305 0.18631548300299627 5.725927347311733 6.884837587232431 4.127646769089076
3.6682638306213224 2.6692017130598424 3.4582197444299743 3.1877641235566143 1.0236030549215158 9.896570299320523
2.124798148841317 9.459582834250662 3.3099612104380407 3.710890860660209 4.728487620451135 5.610957073434479
8.942694608329957 2.5332116959344617 0.7451316092384817 4.865503303826671 4.339283347523138 6.1056221241493756
1.0125152309570726 2.5002836833126567 7.250685546989713 8.031937562763211 4.094429008114251 6.245561513000997
4.600379026832613 7.186305741694827 4.614040496983574 6.994711449822576 5.287365673444552 0.16149432747892423
7.1509811709171585 0.10522810533997262 9.89995035562896 9.872826096816647 2.548753283754632 6.854015206546526
2.920705623079721 5.619755644996128 6.327154110296898 3.3580123384967475 7.59480421737414 3.0305793404533943
3.6378663925192933 9.712423835313512 1.265778768159397 6.066399477635603 1.2168530865728044 3.5450209892110482
3.9027088665758978 6.054874049593898 8.134987087870247 0.587855362807832 7.153072550893546 8.125130923179707
7.092771924716135 4.55736017970074 5.292386899479289 6.288474165401066 1.9941465543220156 3.3948279874038017
9.134018698447388 8.262539608430243 6.140125654821778 3.9249031805840557 1.2943474283777983 3.277665693924684
6.062623623458814 0.8539654890783046 7.5606250127103705 3.848926180344756 7.128911646264352 2.813021634114678
9.51881322194096 5.857593935822973 0.10489282586027215 4.2311494364359294 9.173340149788032 6.920560332357548
4.984785635637768 2.2093756730340828 9.545307273533034 0.8313134757991207 8.516987840055252 5.895883649481899
0.3764502755660679 2.2878478702944345 7.815573929987282 8.73870303868053 6.9946474831189605 2.7041723889890523
4.389336953111769 1.1586721207035402 2.3436347674330773 6.638601494647703 4.867602071402967 9.854056028720006
1.904135163420377 2.3899305395176467 5.723605458083005 5.204587561137645 5.575416379055338 8.289237795197227
6.366073703862744 9.671567577245078 0.2271063198980654 0.8261757170027524 6.518009635263125 1.728999909381149
7.20302959674807 2.184845694977521 4.909479134427262 0.6573584997577955 3.3580905640749465 0.27115373991456604
0.28822913638740477 8.246337778935288 3.507191535704115 7.250103842071281 9.91426706555399 5.545614227069452
5.059852204660385 9.684087383149677 1.0101155932899832 5.5920229429942605 2.4103545056796523 1.872641919511985
3.40438618172295 8.531609555283005 2.922926711331337 6.874324656842352 4.166566021511462 5.613587987926692
#
7.341392552454814 0.5395490871019542 7.395767966226154 3.606024783513514 1.5917474516997454 4.453660792439165
6.783237861896222 3.8109047368310636 6.221441404980477 2.399015169089896 2.538004996648059 3.8428993855586504
6.391581507409359 2.422173070458735 3.0574800811492553 6.9025034246622825 2.919036931374351 6.732931955364284
1.9052118744131201 0.5321821586420246 6.3864377048417085 9.063587582137806 8.089604750447815 4.585055881467428
0.5731286053599618 4.046464922348145 1.0878926162463358 7.402471490519231 3.194931706680202 1.1252919708321079
2.8221813820936203 5.540546672369946 0.6597170665184304 3.1158546758968972 9.676941889065072 1.2842499438752997
6.592111528954029 1.1223749775840837 1.079287781899163 9.828382666869643 0.47865119479332296 9.149146871105568
6.377077382948966 4.6278506757174265 1.0087783086250477 0.8922819963289141 3.9109002604058243 4.147929047769384
2.3694241710750905 9.53477494406625 8.279364849936535 6.292869536099692 6.136768992195551 7.730036317459316
1.5694514953809442 3.754463888426419 9.374305972881686 4.5191200540096315 4.944735992838334 3.0736761181204755
9.120049871869863 9.30661191047556 1.5223230128577727 1.8193953402269152 2.754974530172761 9.80291583050343
4.8064470906174845 4.915869929284293 5.138279075941136 5.17599723369954 7.26960773049379 2.4546007477921896
8.698299374256353 0.475443307595663 1.4036810372848247 8.151241773856162 4.258185753996527 0.43425217803666616
6.618323519446031 1.6070747299718375 4.773770858003704 2.2641310261129703 4.589733806541127 2.34715968754542
6.716132857433085 2.2416433978806345 1.9279905233713772 9.540330831797405 4.592576117031876 7.6693892278288
5.464705481802743 1.8119723397684213 5.81915448323571 6.81643177279421 6.399255976697722 4.598886494233479
6.256701107790391 3.6158170483461154 8.958390252387243 2.359742409062977 8.538513637354717 3.306664015109805
6.455157327466914 0.8813647440940517 7.04516560393273 2.1314627620348383 4.8692112819802045 7.858196096426854
0.5480789782242095 1.039900667357701 3.5111208283717557 2.49850822753471 7.986577729283967 4.088432501335263
1.4306324470044651 1.5405703961594424 8.284487902683786 5.33729189191649 5.561274654979648 3.8129365619185696
7.004040349636702 3.293786478797855 0.19935842548714877 2.782164357679934 9.059162179289658 1.0741400999771753
1.5703810974770178 0.8914430899874866 9.591352030877339 9.581574792492106 3.8269053331755343 3.393620784427882
4.918444479039973 9.115182045140578 5.766266856020378 3.123115972050725 4.742558190760333 2.655643872149671
7.055547092670004 0.45694026723665626 8.79568375582939 5.6400817075954 7.691210854132942 0.2096663355733419
1.0875227821612548 2.1890124765082755 5.938577142564714 0.11566629995723776 5.885621733832085 8.512530667069957
8.636661905978496 0.4076598771283537 2.5548386906750586 4.617867329057275 7.710894522853404 6.945088855944362
4.810127590587392 1.141147293078514 1.1493947796522157 1.6363450554400552 9.451404641289592 9.946877570426295
4.164651727260708 5.488777244263043 8.648159263445567 2.2357418557595787 8.425241566397073 2.367994708525481
0.41413983028944035 1.153324885993107 5.381156500529301 8.843375468508661 8.651097744121472 6.93354899615132
4.046983116957588 5.924373314244294 6.845288952788172 4.850392169901261 0.95917875806549 2.5437329981694305
3.1445967130583234 7.515800069124857 6.961341202331553 5.149718093266645 5.935841065991167 0.5072965108690068
8.72122377906256 4.410386645528577 4.784808400188295 5.1071641209435565 1.25258802296654 2.4058535718256264
3.3362085922589078 2.8505176360254447 7.489368038796673 2.9918733280482406 1.9456204992475965 7.276253267313878
5.870035815802411 2.9014979048053493 7.7960710073695685 0.6661963350875757 4.890941336620818 4.332175870189018
6.164077871854901 3.065880976248504 5.067203915356007 7.042726045565849 7.524624562979356 1.0413149259731433
3.9773200390458383 0.8740197525415612 7.846745872077706 8.827195345418806 1.5650374862633263 4.858057912371135
2.5413166813532158 9.286602671033844 4.667123060025536 1.8423370257933471 7.379695582233764 4.791060142205343
1.4498756534186827 6.534366051150571 7.196252724306251 5.604153979046772 5.459899883789452 8.96370805425423
4.202073996083828 8.147799749299372 8.820581735477452 0.737330508881092 2.235179572968087 7.84223985334212
2.3095491305830764 4.0044352690816005 0.6060927400030405 8.153376725689363 3.9521624976308463 0.3235626206904554
7.083311235190674 2.6202429866581785 1.6049007587029829 1.4280862190709644 4.0991472526567865 3.7757182415634665
9.457318358544102 2.835954666623369 4.654824474129086 3.4954652778910154 1.0463492445406377 0.1170568560173395
4.610702963746316 9.222690654097285 0.7594918771901842 0.9728002084006553 2.9858431010823328 9.041595932699646
0.6083649029625491 3.5577916323691117 3.070266781100134 3.7536352186937894 8.542703831007868 8.189436080292667
6.393292136709972 1.5957422738768487 6.005248129566956 9.564813762021906 1.22661049945201 9.570835167663367
2.1668282700276063 6.9724269517749615 1.1140115068443142 1.2019059274000825 6.440610380282302 9.32750001844892
9.635359721510987 9.719609003460409 8.965335647392862 1.7688133103351134 3.474798844015411 1.754188432615294
0.761608962787224 5.852048913971998 4.834167043535078 4.069663260742012 6.142081172110531 0.23431426167588487
9.566899656042667 3.0978832384682917 8.184029864644174 0.8147121373481836 3.414690060323265 3.3597366388909835
2.9655564497726865 8.3352232489002 5.6830486870913415 7.543480656853291 2.369710028548657 5.717957881132131
6.185604715634977 7.285317031814557 7.983212452785395 0.7190046326185113 9.470461488869148 3.161046436291897
5.251289722672964 4.303970942658831 1.6387037190116716 2.455300601293635 4.746087755494771 1.1803012014902894
5.88639626548076 3.966161496964321 6.230465707481016 9.579943582771799 0.3142252983209266 0.39136160084543725
5.556924847678031 0.15602586236922633 8.808278368962528 4.609700071127084 0.8363916935367488 4.051924337936081
2.291232015714336 5.195078420020891 0.6613130485665311 4.143007550875891 9.144306174501383 5.997028397779685
1.295429676036683 5.187444265591317 4.80887612655267 3.1913967551061404 7.281380492153433 5.927525244694558
2.787991475206332 5.747299316571397 0.3466179761794894 9.104524050409562 6.891991432416717 2.9318407853091695
2.4971348392886887 8.505800367625383 7.558457078297729 2.308740724310917 6.9334384264851545 6.406548943872691
9.380623915169998 3.8191897169149454 4.21729496667797 1.6413122839972636 0.3356497990632539 4.817178610984045
7.682296415961416 5.1525930382783045 4.25215126965245 1.2478735402221495 2.909963861494316 7.60076633550943
5.007260616206858 7.7675870890304415 7.4502278544940586 3.697187701856528 2.2143142224904877 9.837213564079072
0.940983057997884 9.603121613909751 8.40478726382246 2.262717841638419 8.58687420788614 2.8250366399006532
1.8644068524042154 0.8536381895895202 4.113701960855094 9.567815487929112 0.16361327322982522 0.6157888254303918
6.5966135945745314 8.748130125575264 9.704091076705161 1.1616187980425585 2.334058799078701 3.562296383341843
1.9061590384822704 4.184556357826701 9.387728820098037 7.238122671723394 7.292361077210485 0.8081433578064061
7.0434178775859575 1.1855242207961907 9.072290889388483 9.293711448401146 5.373389041988037 3.0471625107101072
4.1428387217439795 8.438629766807107 9.199716087372442 3.390855895062176 3.5068584598267583 3.8859168127961263
7.694230176588574 9.313433521116021 3.7152247402503207 3.972486587130112 1.1930240960891876 7.829457461479925
0.4539075802555086 6.009190459446793 4.803817247961139 2.7509056452896687 8.446296551147544 1.526528094656888
7.937784489730323 3.3818665251908513 1.1934196795903653 2.274626329989318 8.041360189437718 0.5313557040368568
8.237344697976333 7.330171366753096 3.85973228665761 1.626126077765628 4.885434368400703 1.2883756752448097
4.565935970753416 9.203075403080572 0.6716045514963573 9.678594332660687 2.509621307640248 0.3075678537500943
3.4191639378129417 4.048224295978021 1.9346549083675848 7.195872886419732 7.144939225212424 0.9276158563507755
7.989083084543022 9.412146919235155 3.2224979975196755 3.7294545577092686 1.482314088296218 6.458256028012432
0.2846830907358511 4.938442580608754 9.511364066382257 4.522983890928557 6.562835883491867 3.314273480434034
#
0.34029193864909235 8.44278961021751 1.9900069628469659 1.9516348123321388 3.258581335891173 0.8837987381345123
1.6571544168999308 6.213459067550362 8.587397996787308 4.861190558995863 2.8222962275781422 3.0070608781085024
7.650407150597406 4.297570427518238 3.1853334464447878 1.6906010713057125 6.742749653824779 3.749578216206184
3.427035664086471 5.150090824766106 7.052092051646228 3.3085829055771656 5.0806305405056635 4.427653965162499
6.142978059009876 9.652505057003001 1.4898044000472415 1.6175177420879518 7.911286478108094 4.801163299370362
4.944700138199772 1.9439220819608125 0.17432311024151748 9.91313685266374 3.0554865332798764 3.15327883944923
7.916492624642908 7.547652850578924 7.11522383661131 5.365977665762411 2.0618763492004653 7.997768497897258
2.4897498140902603 6.118468044760746 0.839033473909141 8.067440055989996 8.971780158514571 7.360112746760741
9.999125993915165 0.5087740400710077 9.472977532521583 1.512724697301798 9.35967621081734 7.343670556343549
8.045421769701742 5.547763910307028 1.2700570067903154 4.65277351965261 3.9346977250847726 6.331774875401001
5.7705583785009935 9.124444212223041 9.469492733646067 9.917220637217914 0.15869251163878673 0.4779980387603855
8.68765971829129 5.2584989091634045 0.3361547674485834 9.1477089606453 9.956012636214965 4.113486067755959
3.1480522611872415 5.1181427213754835 0.899366243637485 9.147990855783688 9.52337563998843 4.408198067326611
1.0844835581338224 7.925769698311521 7.772580382791949 5.504266987497514 5.235922576716617 0.3100042104395113
7.814200982000726 0.7544368157173587 7.069792040302369 0.38918756042588143 4.071606902550348 9.926234382711407
6.605525391189271 4.825351576152107 3.28512649676649 1.1992896590263786 9.964540810094807 7.334374918016692
0.832059443598161 6.093683988587857 0.13114957529612514 9.085784860406022 6.2327888460324115 5.4952421617566705
6.994527527397621 4.518845096991594 2.981592301449643 6.046783479791317 0.4464196173233024 6.067547457646008
5.410335959671143 1.9828563907958694 5.141510760200096 3.1621591448346518 8.06574700940767 5.435094409339385
9.394774647277028 5.60534238686211 5.3676676259184415 1.6377740685101068 6.787437780442982 4.76880717226742
3.263259862575973 7.014871536908874 4.974169465555849 6.308622702015243 2.7330202290283094 9.226196073711895
4.464765991669792 6.082972208441461 5.919238381406581 9.591204009191413 1.6558234249488035 1.1147193703019798
7.926752986706969 4.141180990424748 9.748751900321514 2.602075322589854 0.42860583657831963 6.123758043435812
4.373234730591819 1.807603262471408 1.2409430287524454 4.454563437286895 4.051901582745346 3.0482561382693834
8.369071615864307 2.4491604247128493 4.629149256734911 3.9177643710672303 9.158469335294438 8.67911446188323
8.48134560709152 2.738178269725334 5.684837507394803 9.489797560065007 6.756382871304262 0.6986287077536399
9.777199394681304 1.6551411726058318 0.8062317143325295 5.229585422058493 5.639176349735161 0.24978222935455374
6.699203737743479 3.8437357471542746 6.07921479214663 1.3754547053075985 2.8036755572663794 8.681331488683664
4.856947584917523 9.849275200487877 1.1667373928746056 2.044822576151886 0.39373899734200357 1.8072390388132158
3.938834831744627 4.290898673362308 7.54031116442995 2.6635728137133574 6.204315871944258 4.474752371740703
0.854188861978284 5.8964430832645025 7.279914402782431 0.6441050533191541 2.035191824307011 3.701971427503035
0.3390724475935727 1.5658880859883237 6.924025759816641 3.2838776950337634 5.5571635973889295 8.633657580004925
8.825973417953582 1.5327976752498178 3.3173301096929535 6.783917295195609 5.384908631405539 9.991109353127216
2.062972134261618 7.964419719393929 6.351420338359061 0.28302427605563363 2.670074309622886 2.2024256610666457
3.1527598657418876 7.9884735049769455 5.811116274344063 5.907004234743538 8.15893543015908 0.13920374186458062
4.945333261274577 5.6801506273053 6.1011383511943595 2.702328589268105 9.447729694120989 0.5435577878247839
2.185618590059601 5.354269016022856 8.088038560826806 4.152173116733826 4.163721687210193 9.080516365293999
6.33182181259194 6.976965450594892 5.637857982397046 3.9875661814207133 2.715860069930986 7.937884009114439
0.31035493127078606 6.22128310980538 9.43286617502637 1.4974998542683893 7.811365044899603 2.6442115140366855
4.520364743580661 5.8464857492820554 0.8705584879546793 7.243491854866383 0.7727821809525555 5.438611824295625
8.127683137258906 6.594743075022647 4.755023754854925 6.0707371282439535 0.6561178716379485 0.9757843031840823
6.619354793818052 1.4361368566486368 4.812326709661243 9.545127442524565 9.348761288961107 2.2526408487937037
5.612459420823133 5.937082565409849 3.7544319915129876 0.3754384947767102 4.418804318892956 8.936033835305375
9.151509782835262 0.796841420220872 5.165145169830682 3.6832698070754457 0.8593253622318908 6.243621785122348
4.047088889870114 1.0931530276413892 4.764499950272613 1.2980457323482364 6.790052310829063 6.55258122405563
0.9356393107878134 2.687022072341531 6.1950644324405735 6.2347953181678415 4.197115519700366 1.4742104789764174
8.692864477202033 6.366399274583999 6.57032087755397 9.077592715138476 2.742239114686902 4.362060800174265
1.050369599461641 0.752600818500528 5.042326166898088 9.820176585430787 6.144861588113676 6.558627415613417
3.9723497770778717 3.576843535673535 8.173295967798516 1.5720470277643868 9.488433746886075 7.436037602761303
9.81009716539646 5.7347453018149235 5.202782566485177 0.27283890331695737 0.9474312502419178 1.608995655774836
0.15725725195539564 6.004560073175132 9.950261169555658 0.6126819120865967 5.611402281783848 3.136230349514221
0.3111035152713537 6.849667524476458 6.425229187513522 1.6465764041749233 8.993237517365078 3.0341937093027385
2.9534648595851527 0.40784348607013055 8.481697127765905 8.583731239366749 5.696459896244681 8.169558139592306
9.882872031776436 4.307571094124012 9.761947241730976 9.891690488774724 3.611584896352511 6.0410671601283985
6.635539411703483 2.2448317338700474 0.9729229024897608 8.666768798189416 6.836499423833215 5.927302574826708
0.3598643461963773 5.833333306662583 3.668489520069791 9.052311366308087 4.57666989295433 6.3480367277045815
6.519431581131515 5.377452876564919 5.596118234225111 9.651966767199795 2.284686625244721 4.871159393228861
6.8983832460940775 7.100405300047809 5.4595247274054035 3.3202673456562373 9.716700156164984 3.446197881199465
9.628316199355368 5.432780281124352 7.058060119046844 8.020662448734665 1.4549694300640765 2.9096086412574182
0.417550787741213 2.2295116242206445 7.040000537524466 5.232720477432646 5.729433684325645 3.8061002567541085
3.40177165133687 0.31790131041032677 6.2365637666747356 9.698249008797166 6.892058155928286 7.914888293800152
8.42637983073396 8.239456535035153 3.7081057608495707 1.3272218492061878 0.41835874222879177 7.573848802718299
7.7652275518549665 7.7832521246823605 1.3098006807872555 7.398169754480051 1.6024489422218053 2.85277147404914
4.013409566405091 6.789730550311443 3.2668252773389277 5.543532878554783 1.7518510743747115 7.559267547565808
1.5287835646371315 6.601709973591312 7.2774016483983495 1.702195230534345 4.998330690583291 6.065213363318521
5.278420246538804 4.901664600393657 9.390983261852753 2.896474281546304 5.82723233391932 4.496211553864696
4.225415391143275 9.178703909211023 4.45096207337942 2.022549471834802 1.8049545324535465 1.951857747277677
8.924297995510114 0.3834661259160992 4.596417244860533 3.1334842506990492 7.151089488575488 8.549579114117561
6.769040609807484 0.30311319093525224 9.036329028053752 7.229895434780023 3.3895951141229816 9.88425140155811
4.302597676579048 5.7403216673737205 7.064300465028337 6.0258805574327425 8.901295445801527 1.7155368395069464
9.697453761903443 0.8201633839332878 9.10710092823885 7.533610224068074 9.475002682261403 0.8932565717360132
1.3998625378706167 6.685393505994089 7.094306309624646 1.814205651558983 5.955380193610997 4.017937591198817
7.520613969832336 0.8943619065089985 6.872450861852255 2.146845722756545 7.774222792620822 2.481239202183494
0.3703663231153893 6.660628818932601 8.698614429460982 7.586610292628549 9.26924413932004 7.615665932829879
2.2609662774277304 5.967050301054737 2.9386885326096523 6.835246473058417 3.3762523618587874 1.3941774420543052
#
6.8259089271016204 8.548322507575694 1.6530211803743193 7.621597290428261 7.8495036043458395 1.9630439542497142
1.5193953588766496 2.7952499454015047 1.6891264095527876 6.4273778058303 6.231567045343473 0.7199101564404344
4.674318801314644 0.1480841256207981 1.0907419916337218 5.12502827797435 0.8812047178464013 2.2118650429560485
0.5701095733372741 8.160282202300216 4.015624032324558 9.968173639876344 6.285110599229837 3.710131984730282
0.1526059429865807 3.4910145428360004 4.495409251294427 7.236682108181222 0.4519197580641876 2.751642058766829
7.584179567111232 9.501739699452123 1.1504350436153898 7.146044147386226 3.5984226181983066 1.7451547878550255
0.9624497867683992 4.61578111002822 5.953303879267374 8.298424514254654 0.26618585442569653 8.15590540778495
3.5856197024080014 4.73350457297254 9.244132629221802 8.18328627332423 0.8367010161482495 1.7401597538008722
0.6108318427020754 4.2084337030906305 0.8705270359107589 3.0089952099274364 8.813534705076258 3.77872786678577
0.7382358805714722 5.646897113112941 2.0092636536479143 7.96975905939931 6.8102353836084335 0.30464098808696427
9.076333388669028 8.745111847295219 4.6975432394881595 3.482831400989748 3.0688705869528627 5.109567236890915
5.60189630315916 6.727227879985522 1.2937754460479538 4.90006011280931 8.690252901855915 3.250021322723483
5.722576011594519 7.326091749681181 1.6778285241983428 1.684696385132776 0.4001040289527973 9.389279169598428
4.595178670516512 9.783086620302193 3.9226116946136136 0.5303248284338791 8.842185011527544 6.234128988926329
7.528117971117171 3.0146866353379296 3.685985334365625 1.2285307982886509 6.957377405769047 3.841679007069133
5.500033590791289 1.7195462709221858 6.868787677217924 4.975164514180544 9.241048779941874 8.165708870421096
1.5507238927298976 1.7460312130618907 0.8398250558157043 8.64459325168156 3.2044421824054887 8.260769186823342
3.392559134457856 2.689253639229399 5.62269827240908 4.2364842078849865 1.8902529757563609 9.67586162603131
3.8031225745457045 3.0087570618276382 9.87438423960106 0.549981934064995 1.9350518495275288 5.292094078530114
3.024193902470682 4.322444889012828 1.4220679159909642 1.2821813167846248 1.5636087382709625 5.211664667483807
1.671407764037467 1.1010212525844154 7.556438963489244 1.2783750432143854 8.027104972926226 1.5019384418502302
5.959940550967572 2.155235189549912 6.613684314154947 5.056952192519547 1.6183754274547968 3.1844111743230394
0.9306264450728481 0.42836393590047095 4.327571535291516 8.182555592440199 9.134813484336439 1.2335932266161755
9.868187449341217 2.7144047404090883 2.8685966396747613 0.9006811326953299 6.40391973279275 4.4338192157875325
2.336299279491952 2.180881395919919 7.739254944955292 0.2255211092241849 3.258378874163231 7.307092573786409
1.6365031685183062 2.0292262509416847 3.816056673826197 8.968332546581125 7.435410959107198 6.448893845965828
2.2062819236787687 1.177710265323452 4.373763138759826 5.212082215552703 6.353457886819601 2.6215847937789705
9.903307456209628 8.804922404758381 6.2867631719067605 0.24645713863346153 2.562709937503726 6.168815729841314
5.776661458035619 2.195729946192756 7.334134877492705 4.264999926326563 5.898211577871864 0.5301660330687099
7.402532416897019 3.9093242168098974 7.9506154000294895 2.482973596275079 4.489400896695303 1.7659018698883941
7.573284735838716 2.3174891201237884 0.2851472417672971 8.619570729315647 0.9543659153637396 0.5600907984678836
4.12581434926852 2.412373406501108 1.6927236889588464 2.487359806810822 0.6852047126356515 6.741940848783576
6.926915576839101 0.5957198236476904 9.474506675806946 3.036752345177054 3.2166181364484636 3.8338236418515033
2.9497186871943337 7.899378600588389 5.734593476840433 5.2720475484202725 5.709309373507115 7.55322566179168
0.5467726223628899 9.485192141806518 0.6205743374700123 5.746562868518886 6.751449457439931 9.70278528787959
2.9736988388057095 8.735970502622884 2.0667514298383027 0.5597286792960317 3.8880122634437893 9.181263146696441
3.8098524844413277 6.380385743810419 6.4378365105455355 1.929071212834462 0.7072227799466857 8.990875635980832
6.145945541489857 7.412706280653995 1.112798893978539 0.3122256882400771 7.690753620476638 2.699072520166885
4.06362301153448 4.164104118248006 7.550314269750452 2.468968223551979 7.811789130014784 9.647233710577067
6.334989267374619 9.705211760628785 7.039948176613531 0.46321703950250903 3.781625147473911 5.982097085642651
0.3702723841928579 6.986799772883952 5.429884178303155 8.083699439613545 2.346379925798713 1.8533582622425997
6.468762008757042 1.3222319807094127 1.0764689111910917 9.455356179737802 2.8594402385897557 7.422153919137118
8.306575547125325 1.8182080434328425 9.043689334181531 4.5231192534261195 7.9782854399709695 5.0500491085229555
0.21950234513951017 2.799232080729965 1.978340690962118 3.6977773706307113 7.868593353829019 7.173453973239161
3.4287861633763614 7.363881847219048 5.04952253284853 4.011609492977525 1.8822705530403807 2.728184001864442
3.801187696436231 3.762184174664361 0.21067444676548952 5.9027695564443174 0.6364410050414593 7.1196816135127285
1.0541040876889838 4.451059734914699 8.018812266403998 1.7164483425594974 2.705309503119278 1.1312009120781905
3.8838421442391913 1.156933854172689 1.915836757483388 7.452215015143672 5.0829793155270115 2.1888216505383187
5.750467679533285 9.549992415634915 2.3627833341976587 0.12321159804081727 7.11859792060419 4.182543131972789
3.8912666660131108 1.1160709530268957 9.353387065186023 5.187237779292566 7.797179984079483 1.597079394885124
0.8319083009105892 9.027920593223051 1.3737733797691232 1.454036508734346 2.7092682286303646 2.451429284573865
6.66959024500558 9.03639976230599 0.1272031977952457 2.9080282319472235 6.088611473478053 5.871409748033948
9.717282347443348 0.18399672630103137 4.341335136418076 4.708337583266743 0.2473606593900728 6.970253695063352
3.6731634666731496 9.61354260844261 2.9361938104234153 9.410422298442672 3.6188734263574873 0.12817478128200666
1.1916893769152668 4.571905870647613 5.922565562783872 5.984477930454183 3.9622071556076888 9.10957095440467
2.764492725421323 6.195901780586201 3.67855174001971 9.614337901436802 2.3895765916536504 9.819121915071532
5.5458045228840325 4.195996785826514 1.4954908627424133 4.62105461395603 8.089477672204254 8.151710514189142
0.5727294582926499 1.9834152667628167 9.52590977807434 7.845606259302144 0.6978812647396415 8.659074927519326
4.757016387630025 2.1989266816873396 6.043489652102228 0.44996633604168057 2.170329775712529 8.173567052377287
1.6601580283162547 4.275661659805491 1.6253188816307387 2.856671663491677 6.72834624966568 4.67115893005886
3.1560596196460673 9.378172762535552 9.731128615928146 4.667076484723267 2.266942884939942 4.097679070324562
7.021217886305232 2.2230894211151377 0.5316769297890538 3.8985132238474938 1.8528305640217915 7.511524882344884
3.323305424087053 0.9657071881731287 0.23564083028715999 7.640957149465326 5.31199612055486 6.511098647341388
7.981099645311735 5.231392239984449 1.5791498143759437 4.849525430402608 9.654806551384928 0.23039653561552864
3.174687951855521 3.382916013857563 4.435601807917841 3.640520961161358 6.662824379050365 8.32162215422644
4.972568022907378 4.372809679671844 5.079353619792814 0.5997940469649139 3.8707608438610936 3.826935169398071
0.4934620026134562 6.467748121176322 5.695918812753148 3.2222540730313054 9.901872012124368 8.000232577102778
2.8293335123405168 2.1007400298143595 9.691018874254315 8.285938564533353 2.25272961063374 0.5843157643066519
1.856075237087457 5.426774254598835 0.49024994562851454 8.832238948620446 8.140233307236395 2.86689937259464
2.0724473984498637 8.93855029616704 0.21770572463695537 4.06461640976244 6.216638370153177 8.373950101021666
6.689571436922897 8.837139449056037 0.6111732742891576 7.803392918723029 7.2100846417155315 2.0222278749738414
0.3491322057785302 5.3955514429476 4.288241511568948 6.472756084106573 7.754177733115894 0.7412237210178798
3.1418835023166336 2.331876262342994 6.274912067112725 8.481417749713039 2.082604536957248 5.598302236955683
1.5216005263318304 3.8425505248812373 8.214723286187445 2.648952532210143 4.732359287534458 1.148116736392983
3.528051826655411 8.047849381132481 6.676168484363279 3.3385843475788324 3.4658745311237578 1.1992700962930143
#
