#
1.1120248463847728 9.28361271457598 8.417212153474617 1.6711138758624697 4.029094247771216 3.6410507592584587
6.192645096043741 8.833762002034057 5.183225614119606 4.148026089253376 1.0017145668044014 7.9868824625939325
0.7619089131736914 2.3781795626338984 5.266739333145493 4.804628927366489 1.4435314546091318 8.297159376821284
7.444284676735821 0.6340467242486882 8.579570098228187 5.81057596303536 4.241162912056586 7.822636309539116
1.1743205786273627 8.409390849587366 1.1464567807261958 9.330465085264404 8.275795562734315 6.356662620745288
4.417459081897386 0.6101070926431813 2.229986127112057 8.703075984295708 0.7815361664471059 9.46041862420049
5.627180632384769 0.8895366259011288 6.900306626746968 4.619354970396811 9.47614525238195 6.425565181550469
5.563211003694033 5.285574831635592 4.9557293938253375 0.7333338496003607 9.811219619578035 2.495723286770685
8.909422925943375 7.639036041565481 2.1175148074439525 0.6758782584513252 1.569042383697592 6.429906287388854
2.4538041017492773 2.584548584100452 5.0362302214108015 8.989832115019633 1.5040375966704533 4.3850956294301655
6.5318469049366765 0.4216811775629594 3.0621156560285283 2.5301636598026755 5.740324594753404 2.4346085839636173
2.4859068629881147 2.786337265962813 4.908753833467782 4.084748772027611 8.44626310756343 0.3362889566892493
4.502046688262384 0.14767828246058823 2.746463756914358 5.351415055943982 7.138674019553855 5.076583108475102
8.240561457208955 3.4894937114649203 3.0363177491552933 7.556806423400251 4.960463432388022 3.8315394143996615
2.2733449490562414 1.8263057242325282 7.8493862371657475 7.397571515628968 6.70756453696116 1.8536262650051212
4.340714333693198 1.3393810595593831 3.309702075100434 9.753478885512678 8.599982564628586 2.870825239997549
1.9906073200145284 9.586256103645137 0.2564717921210615 7.163783316829657 6.959020096810772 5.050261073862263
2.863605577175879 6.251460667117839 5.141940375066349 2.725518705643601 6.668140613501459 3.226773216569976
5.0090587050093 2.458776866972627 7.148248865361849 6.432980022226223 2.469573259916988 4.79980236977567
8.284639146792387 7.184748490954458 2.9242303726203343 9.328648620815633 6.7012820528473895 9.371652877149558
2.026527278329368 8.07098940243502 2.8556952763362076 4.923863130289564 5.252208428923555 6.50208279275151
8.462700777829788 9.466646689017454 6.887234138473224 6.434874663847702 4.639479564733216 2.0828923813609617
7.762231109061332 4.890874788291025 3.8700730248866773 0.38106761540543843 0.33739298220895986 8.66490145495974
1.666797933964244 5.5916131259737565 4.997080503531517 1.3913696976940537 7.874362052843059 2.7098499358538186
5.4901401930582105 3.635472761743113 5.681829212170985 1.811318690460482 5.613940073331804 9.472221777593303
#
6.45274472173833 9.49459692760012 9.154672689806826 0.32845066016969504 2.653113979916813 1.1073497749300087
6.798818245564778 6.706476798736601 6.768127988818597 6.089868517974361 0.6886615976781254 8.29622383467998
6.56460311494642 9.393429560107979 5.279218976322845 1.4213375900805314 5.960515592063431 9.940387196254541
5.10394966212426 7.427759786690064 8.845013969017895 0.7526545624254863 9.111101289387118 7.299366845388284
5.443624505608721 4.0496709055965 9.654411302112138 4.485034036830774 7.146989750954553 5.759804819805968
8.785329323456466 4.728822194593684 0.4525999474112403 1.458288195801034 7.552759325598078 7.90865688208925
1.4486494017296114 1.9535111451529685 0.41591692954905213 8.825758587470222 7.3441153290435 0.7519273644317694
0.6284643149186069 1.0855303130428138 2.8386713441202116 5.301169282861792 7.081588746544809 7.749708806816421
0.40447060760447506 6.779251121131063 5.26132736415866 8.054642649205551 4.408451442410809 8.213713745880806
3.537824784612242 7.989576276563941 1.3878643956356362 7.432065256867107 8.707606468549372 9.119475135037089
3.0999666891642765 7.196309863530637 5.94158807473527 3.359508402391688 6.2639862978165 2.8295739378034073
2.5476551452646157 5.347168545959789 6.7792493693133 0.8544528862704643 6.160156291795465 2.4818981276899335
8.047144551085575 7.636549735019577 4.502310304565428 8.30900771328225 0.5866965561026465 3.692925877297047
8.624225032509823 6.896519925130186 2.462943065332468 4.429497847864287 2.241675276353879 4.994689694103945
1.1150157709524535 2.6040624601892337 8.356688569301435 4.818867114365302 4.518252832761093 5.1363245152370824
7.613107011132666 3.9554592988000854 3.6014219630163677 8.651806612569327 5.518732710268519 3.3620575185194745
5.617976183087559 9.403881370498306 3.156122530648979 4.004379699578132 6.769804856441869 2.2111403804880423
6.778987338866337 5.4904796146649115 3.9564117021873617 6.188094744793627 6.494033519747675 3.3711511307678066
5.049980859085913 7.953403625451821 4.425183051562677 8.4917456074715 1.2199395612743538 6.203534014931305
2.5411711398724397 7.126361774088899 6.108625276866048 6.70595518116745 2.097350949339417 5.423532914596967
7.280429515575625 3.0574026807694232 5.690575934536889 4.604671024148042 5.814990290246203 7.338376171209006
1.7707990718355395 4.690969471875803 1.3295469631626142 5.0369819840386 9.345154452928146 4.569416327848894
7.656361795846923 4.990569598516582 1.7108818862961792 9.424966133845729 5.76126663105359 6.439131152278076
2.7184991626461263 5.331293755485977 5.3082417169255764 2.923013447055829 7.039281261896082 2.9306890066202467
3.0736749725238592 3.726366529421966 7.237850257146137 7.832571564191619 8.906856452989592 2.54014868912989
#
5.427451601852069 7.805800070766313 3.4284521332193285 5.009319253326235 3.2373219854634536 1.7489797897401682
0.584345943977671 5.602198028413625 6.321805375016249 3.44731116369304 5.099713215872113 5.6621850699913185
3.502147584443946 7.266422354154387 3.850705185858697 4.086069644926132 6.737936587535762 1.7377924533066782
1.1322263316908443 2.3033639299807516 5.256077943115048 7.426673957024858 7.00778212634795 7.596183130761185
7.297887216309991 1.9618974010487777 5.012045469009793 7.630676542380982 1.4163549662722166 5.956563449699097
2.8022270736638983 9.307410916862406 3.9868305539565227 0.7595611200923003 5.566107493759158 4.033132443573123
4.5692071976883355 0.7359655869859187 0.41529746143270607 2.722505376248738 3.5977987244370855 5.884200062261475
1.723486809798862 6.0411851957652685 1.7220873286882616 2.973869491211108 6.1400159011338875 2.425765599211623
6.628152793733904 1.6209090953159397 2.2228370855964803 6.0246310688030515 5.25555945115759 0.5185898391922441
4.278273348097753 8.537361247834601 1.9308337420413344 0.7787645233629181 0.7849177786463208 4.694806321581082
8.794566017725636 0.2323071648791215 5.22345044100039 9.397740101336442 5.070558289094026 5.695043088273388
2.9331147878624297 0.2109979752360367 4.300159630307499 3.9648087363724613 2.181699066081014 9.39451941895404
4.408620006465031 2.6082678992669717 0.4934354303040154 7.370930827670016 9.11901103702118 6.585176861527184
0.942758871054453 0.420951061409653 1.8574185078980907 9.840117243512095 8.965193496601469 1.916801983715687
4.483974214744283 4.53684172602064 1.1068275096492903 3.841709942787818 7.38284293490761 3.3946652988541555
2.098690838680763 8.854211120611106 1.3009245244439045 1.4965675091945019 2.3490288402184443 8.505692796794627
4.040285435898761 5.325032461452072 2.6123495332343385 9.486959375566094 8.425306215387607 9.441520982280263
1.6638420572769457 9.036706136792597 3.4108455325851317 4.774187251255891 4.608949032276624 1.7779856229964608
4.522945643675733 9.87072072765341 7.551035435498002 5.938847148392546 1.6223598447563958 0.32837994666266646
4.649198008887283 6.65675179497496 1.9898303773114057 8.678826255590847 1.3461796960318875 9.050659773266098
4.148901059990493 5.224118671886185 8.576399586984515 2.6273117165494035 8.83580140373339 3.674812925263497
3.285128428376076 5.1866954994939025 7.532033945359763 2.4150124093203367 0.8892833153575852 6.62028587573913
2.7660660490896705 3.837703664644552 9.789447424500121 4.402375027386559 5.426802385104075 6.473365407815056
4.087181696537225 6.889110425193587 5.874921605578838 2.521644215046345 3.373612524621098 4.65458406480136
9.58745443689112 1.1041117172814228 3.494214931792629 2.957793271659825 8.129780611717091 2.580097282009687
#
2.844510569934386 5.259559344386114 0.8485977557950175 0.11187052115841478 1.2464524426023593 1.5942203637548298
1.4295928376679288 8.052055428736391 2.194609485856399 5.461914409676547 6.162723956446332 8.540296761945424
0.24540884857890344 8.923531824181213 2.5741657584496225 5.562933983680078 5.688868712060821 2.974340137798418
1.6289192174977898 3.760813826744168 0.8401061488059591 4.284423731322033 6.1473690916545145 8.205343590573255
9.459551548168424 0.5215837925606364 6.030554789858999 0.8694862371821621 1.585772515329479 3.716156025013457
2.3233171942348863 8.760654486206047 8.761049315964582 2.5049016201530816 1.5772651258453876 0.16342942687064088
7.9002916480066006 2.673024290060397 6.454796598224155 7.4134729314277585 9.046494310208711 8.260510390324171
5.217979479550379 1.7060723559130149 9.464808861612065 1.1984105415522142 9.561985343907025 7.815365203205814
8.649358919774965 3.4730284385436745 7.098539791616737 7.515126207066962 6.262873024543019 0.5927915265650467
2.060644493999575 9.020667963957104 1.1700979809556382 3.742924298321112 8.777740610257663 1.2866385497005277
9.792151069394814 1.8483711828241054 0.9029922251945806 3.5289762724141998 9.69880990396459 1.3114259619874469
0.6296755539904524 1.4788125065455238 9.985903268828034 5.590113597628687 4.3937235739416725 4.773128980450129
1.0268727052204474 3.812869932912958 8.309482663348197 6.841640234480528 5.560867396535088 4.378715310904363
8.527549897408473 2.009166554538339 9.029634912866083 5.655910824031082 2.0627286408126184 5.631391333830867
7.95603813117045 9.792186582889917 3.3899989910982544 2.7530142414856265 0.24429963445158176 9.362598639310477
9.148059510904844 4.919128674517649 1.5317938629262597 9.10362155538835 7.662912819793661 2.374448170052945
3.610588248041595 1.0002534862491892 6.884684192537024 4.804166820890774 7.237430848923379 7.72093939519742
8.792805346367603 4.602810420806708 8.315330182636465 9.355015282985992 2.2573918822937156 3.2090458834215636
0.257899986907816 8.624476863228361 9.72127580965666 2.490468070898314 2.2374397313658703 0.6108155000863631
3.8531417384751006 0.8585661382434342 5.935487604487102 7.709987445445728 6.04149516839336 3.014618916056263
7.792507978305805 9.453821684188167 8.372088460419814 1.9519251853464925 0.9765091085635378 0.16808231478046665
4.872491226513518 2.986086536905748 3.3762783486922916 8.67881163252257 8.342489491634185 7.073026262392063
9.727583842649494 4.128004838334863 1.2263340533888742 1.71927996004682 9.212277086349735 8.137933396405526
0.9404718568293537 0.341900826523057 1.4211437283947927 8.25204919350847 8.225877545535536 8.883767455684433
6.465467037776361 0.471094157225707 8.607062858822072 6.430924487668305 6.6099657213687815 7.796593505457647
#
3.311788271079256 1.1995866428477653 4.292257768158395 2.1245944239605667 2.430814033742252 4.518815488966371
3.297862382477117 8.47073777427914 8.332946639550604 2.300671425264019 9.232405069070497 2.5533411446500893
9.419855313857518 9.397763577999491 5.987062149782912 1.4772208256710364 4.609259147816165 1.386649203448707
8.71473622393439 2.4423715546243754 4.8668473952256255 1.5957022886364025 6.251080059353514 3.616952915458696
6.8389631411500655 2.120651351863204 5.419891745240868 8.507489290520896 8.464544925609264 0.61285304624188
3.728683497425793 5.923489916341726 2.1821334846159752 3.3886397142053206 5.126917666447563 4.962046165161777
1.9453713170009128 0.4100244092894769 8.685457180867777 4.137391757892303 5.3970675490207665 2.7571980018185442
6.988567091929393 3.3559082808918106 3.593109693760776 0.6316119995158189 7.528007228574252 0.7943177238908401
4.799734390026362 8.342533685847311 5.415876380695467 4.012454000525747 0.3115171632407039 8.20238583068186
0.19270898626249 6.091067902311 6.807573134628491 4.927010637399976 7.295193321664164 4.931694329642154
4.072262229915303 7.454244115693552 5.335319391215527 0.5949798489094196 7.007150301001302 1.1504563051509797
5.465351448467781 4.153148517339292 1.8491397928677356 0.10127852616162869 7.76864207056785 3.7214564746644943
4.179857855809353 3.6721994160027704 7.112131832158689 9.681494821941364 0.1513378067178035 7.7900671752263015
2.39566917641686 8.135241290457836 0.13061229739818003 3.6245843960611577 8.872485850710069 8.000591566052892
3.2072596378292095 2.115868437584924 4.561816331560681 3.7799611326609646 2.3995051340780926 7.902289123635807
4.551614925079424 4.368081389837451 5.610894120941147 7.9814704982171465 8.84175583231071 1.896107430859959
7.934227041128144 8.932657045215056 2.419063393391916 3.1607387756022476 1.3163349264688633 3.040689375808157
8.365652948109352 3.3232732229105366 2.091963858469846 4.607522955806349 8.196022696105302 3.274509745818681
5.331744290744361 3.8383683342692363 9.435084446539424 3.1445307133240927 0.38963541494208265 0.4208174299846439
8.907543831704544 3.5508145548172325 4.476613041927715 3.0755014108087635 7.310171617092605 0.4190545481091954
8.643859327629642 3.511252913126082 2.509843560298868 5.795354805734323 2.952457732637985 7.521564923359911
2.1120673226569933 4.055212732685081 8.267597968391515 6.397658816782679 0.8966486464363168 0.61267975458472
4.689342150729928 7.924879876308814 2.0925287989532873 6.7923362294077725 5.752407259890439 2.8049918270332252
2.198401516687218 4.382043418901051 8.900802553433646 9.259690875445887 6.256890772028568 0.173993383563122
2.013678073059692 6.0405828608876515 5.680057555071557 2.204454240681243 0.7049340346490336 4.006554894814396
#
2.9216213281898806 5.235996139232534 3.1076177002297753 1.5622066617040442 7.768868808801954 9.5531300088398
8.720302212277964 0.2584974858463962 9.228428576439253 5.691372499903983 7.914218440177901 9.633740624688507
1.8207467731253115 1.79065044022646 5.5048434577078655 3.8591409167761777 2.514800506146811 1.1950876843987697
7.5554817979236795 8.044329698033241 2.55821641890989 7.347728649107211 7.057890808165048 5.727678245370667
5.675434821477494 9.292939982433555 3.2171621150493532 6.424861960409875 9.452508606878695 5.748350603156339
0.27153708374163443 4.385611346139482 9.059397773423559 7.979832670774737 3.0929663078260994 6.122353993768886
0.11401248717773971 5.661372019097063 3.1984793497129527 1.6386376893121368 7.954535926693244 9.668452089214338
5.3130009862740994 6.4626939056470745 4.202674514603027 2.8733032161889835 1.591672344818169 6.866048753940512
4.444677717586671 2.590581733835996 3.1503003089922244 1.5667897120157228 8.192996924194274 7.040950970116759
2.299820452125235 6.361404346560921 8.41099778280151 1.7836541226444886 7.318839115805188 7.076254300104048
5.008662243294218 9.472637156635205 7.020128606020037 9.672548127272758 2.099050569848402 7.411331495563809
2.99416641139988 1.4787565797634317 9.636175759715535 2.013253914183763 1.5619686496006246 1.1203350826097496
2.6249433580494816 0.9153134856059477 0.32662996830805824 4.239951606139064 9.422988170239373 9.962001914440656
7.922876396093722 0.6000026146997701 8.064002952658107 7.439004165536957 5.155000284827547 3.1325012550415705
7.8650945611566065 6.799081200326113 4.169041411466673 9.323893046419578 1.8240505423802063 3.5093420994606195
9.045577554007894 7.5578266083048256 8.328563584591858 8.978011344333183 1.4659263425310898 0.5825746049714677
1.0444698921391895 5.390071413535641 3.132102852496808 2.7504656670383327 8.249880745075615 6.002976266260486
0.6940900844624469 3.0847466751548334 4.661038457558266 2.2471443246344904 2.641429496042297 1.483462047561412
5.4011634994883 5.414824077595217 3.3955603025494048 9.43371756306936 4.7846199921878565 9.688311250889281
7.977074166323774 1.77421340384153 4.521664569310766 6.3954491176515464 8.850589341111618 9.502462439530637
8.24685185216294 2.2938375726444264 8.556660074462801 2.059650399654556 7.688890991019758 0.562105944406265
0.7886547240285795 7.318637135827131 0.35094424919247214 8.370841680192584 8.049715933739142 3.822938512422363
3.348795255366432 3.3283714113706653 3.34056160123799 4.121318882929934 9.034570096988364 9.235326368102182
8.745354725302978 6.834485036247523 1.1534812080681975 2.4999148864880936 3.500311135442534 7.722115146129418
2.2006580124028625 3.711455891039561 2.76512591073176 7.852855850547286 6.072350845141884 1.1252932455100333
#
5.96775587331917 0.4459539150111267 8.83316646006032 4.175117413891739 1.3362632618952222 5.710466400734258
2.211499982574372 7.261789665164377 9.898097720753425 6.138726323537697 2.680932567089547 7.571882903604275
2.680694734777951 0.23156146215776907 6.23309431233981 6.295239678687705 3.738870928550342 3.9353667650337716
8.586521011459762 4.619294832337018 1.0405412610132574 9.231419779914763 3.2047820189163976 7.576140320959068
7.554424640444206 5.564885566293934 0.8359900754843812 2.8890764127576434 0.8758124060988912 5.773971781582565
1.9142032127744057 3.5169911028507608 5.253908992187099 0.8764381346587173 3.893370200377742 5.318831146431349
5.417561991272392 0.42463512725071784 2.3899581260373717 6.442957622463107 6.686112933754016 5.408425265866896
9.659699574324698 1.9966339880243487 5.174090580601266 7.5073361316363645 2.409945096648285 7.193082733997862
5.680500492972904 4.975793117104516 4.671797811082051 3.2792194963500876 5.055524352706392 5.730362387462604
5.202107918414312 1.4058579682036898 4.121628240116785 3.7245585128838563 6.087499735350138 9.667069886558938
4.123524873278458 9.788194577451375 0.5456427967165691 7.491847591624094 7.986068736327828 0.8454545682984058
2.5889714606429846 6.4225513519655335 2.0033405872186036 3.3506329744357224 5.496045095903344 9.810302363187144
0.1799125037924174 1.4912273670409864 3.120572876643988 3.365199323002062 9.380291943398838 3.1837982501680493
5.7375321442232305 4.82540388865755 4.222567825199237 4.375814137031746 8.322828568884365 1.1413792568006036
1.7651897651877224 0.7196067738741645 3.9507498110413435 8.009189227167328 5.460881823746227 1.8940135476281892
9.183082697571507 8.810780520239096 6.168083223378771 5.562938137332196 2.5070041195622186 5.619817772291093
3.9385228537462007 6.81571687440521 7.226859041321291 7.954451399181144 3.9946659415365815 0.3606669991301992
1.2151469290175347 7.788565680696295 8.188545672814023 7.915441056845114 8.634235451669486 4.495670290581339
9.21676978435525 1.7733140920575972 6.180208307860934 4.022118083008593 8.318059671453215 1.5581471674861724
3.588856478463592 0.14310933428190342 6.84870310500234 9.456676174422418 9.843582290642331 7.490649122381734
4.214992598692186 7.340310876441726 3.0996068150851888 7.566701268688007 0.41320716251228085 1.3030287318753606
7.076197774015879 4.4066392399502545 2.6776655975327976 8.283929870355392 3.957194395923799 4.798110920574541
5.51786463385631 2.8812396444685846 6.417481517597912 0.3986793447166397 2.2871289150642995 8.906395203982573
1.3919145522038248 6.197184655174423 8.857706921363182 9.60210546971115 7.596634136244337 3.081394652540654
4.853837011196612 8.134269690835911 9.884495568073936 1.9286409110712444 4.086663467352433 0.10965261614407673
#
2.260239925377592 0.9276107806893084 2.0835873620429974 5.991688280981427 6.913359289514683 0.4719736527237046
6.871824679202825 9.02227693481191 7.219710546096254 7.148212960012772 0.6150188600330191 1.9982412139764612
3.0133141644912103 3.9980719547132195 0.1424808604392407 2.724079066415801 0.8126705919771151 6.851252557663539
3.2638047378309545 4.860627160573058 7.1193249987366904 7.89557911300696 5.294899863620498 3.624059309431831
0.6739367557046787 9.628460682830415 5.055100661750208 6.519078755813902 2.2088426502092835 2.041406211115281
1.3720491024251205 6.91461512387372 4.908521544737397 3.3758148914728814 5.054035978369423 5.892458430850519
6.279462462158283 0.7138438235884168 7.354908718542408 7.505732953305294 8.99209634869874 9.574426318012279
1.9803667212208653 5.927141813276601 4.515912141456714 2.7539678019946363 1.723126205027365 7.037651064081036
6.54814635447649 7.780203406263656 6.849054674082216 5.623489331075337 3.876137767272567 6.0626747143018695
1.3322053627535242 6.333422782710619 2.9178960508359353 7.049415656737847 5.403782494704654 7.5987640769567255
5.562517297689923 6.07012839231643 2.2697140324441047 5.223700526816235 9.588794323927441 4.515324473442818
9.4872686589922 5.804855646461913 1.3249148273782136 2.6102399182180496 0.9930066794722814 1.060708765664768
6.553536361200627 0.937689815784732 6.841963956573038 5.120744802330329 8.855303171534395 3.178312220780251
9.84111637894323 5.247500093676499 7.556806656207611 0.18909670576432092 7.83714397451541 8.307628730744502
6.912827949356946 3.8572862050745833 9.306436071767575 8.916269548392451 2.059845148774293 2.5335054458080566
0.8296682192663818 3.521745471719593 6.522611001290523 3.6995939941260945 8.753503492335673 9.676334598387204
3.1422289008489406 6.2148306924535035 7.5292671958401955 5.2237769775264375 8.45881254684851 4.8722796507231605
3.5252646615438312 3.6192118982945596 7.667336588380238 6.694357935512522 2.7058030731640295 8.631593403914383
1.9360546776061072 1.4406454524003536 6.553421529546245 6.725171766866737 9.580860606355326 7.9412540385712065
5.2115982182700185 2.56665462311745 0.8163997141100463 5.231864294941039 5.017471215121325 1.1971172367332308
1.4591354486320944 7.2866502942137075 7.778379153140909 4.091635626354636 6.454031489511028 2.594180737399538
5.197099980839319 9.81733381854541 3.12180850516814 2.334587737402084 8.188960742982793 6.166170245296361
5.5747774542367035 9.73970212270266 9.127015594876607 3.9396250052819086 4.3571589328598135 0.5130514811638394
2.4398444837401256 1.0126443560613883 8.579389607983034 7.139427971953859 1.2393336499085024 4.4537572899376405
4.728110359580747 1.752143554180428 7.35897293575317 5.080001969852019 3.7771633851870807 2.2837932650311363
#
4.576272460824407 8.319439884873443 3.459322018131921 5.9375968276494175 8.563527700284851 3.102238849818762
1.9977153021487672 0.656950660447345 1.5979586760159483 9.192599800238991 9.206880819182118 4.88360646873098
9.393957756213833 8.974969172180856 8.956011790969878 7.421514692360422 5.768311033728139 0.9627412108734106
9.672979726764137 8.028653619014344 4.1182273694472915 4.562885846270454 8.209753533629643 7.565223976903415
0.8609784051335829 3.541751136070059 8.398057194880224 6.45492255161631 6.851013773377289 7.4869274823546705
0.9154263441603225 5.5441240686443924 6.36055826237671 7.633231921257273 5.0746330402616024 2.1507864298999273
4.762576405963063 8.464615030590123 8.536427270804166 7.772420079941494 7.35573095956485 1.606637284941188
4.680581229420048 8.514003666901031 3.2360770999654376 3.1045647981936493 3.344015745607674 2.492134270873417
0.1378012573085261 2.8785629752624224 0.8711614797639564 9.219142681446193 9.746043984218511 9.436610125374656
9.35800535239 0.36574493104492856 5.043508802934901 7.650521989166858 9.338853660013726 4.707445889585056
3.410971963117125 6.386598796010157 8.694914311437149 2.8677391894203 6.4375305186928085 7.652497437992714
6.08746487417665 6.453989533475598 8.86356380365639 5.050084204808829 2.429196001840568 3.58097913945815
0.8600715029076831 3.9260949652586348 8.675867811107512 3.4350043534731967 1.0033086103278457 8.413731934680541
1.467858583693825 4.33256935842395 6.560424667692376 6.18297833742876 2.6248361721576274 3.0937545797190986
0.7583267478058868 7.121655266725378 2.626763817103757 9.42576195930032 9.21297257183189 3.8132026492066684
5.44130615459087 1.156719599945172 5.665346146774326 9.290691017229271 4.899095412122341 5.823424110299308
4.126892761368512 1.236389611821246 2.933846824100205 6.734032767681413 3.3435185428460867 7.712036468312618
8.896212011796006 4.605917011447231 4.3350072110735365 5.8100593519769745 7.3946211686927406 3.89051244162035
6.067187578956873 0.9520916202576108 3.3839473988707054 2.247307105385071 8.776121617161232 8.384342467164235
7.813390185419328 0.6110228899542758 0.5275560942891877 5.497161331131859 4.945275785516778 8.017584516449734
0.4512932942019052 8.429383098701802 0.8495201500830047 6.139759497248978 5.559305222264795 3.462241187322009
8.516029955322395 7.818520918504456 4.367597281913644 7.439478659208277 5.637101406880445 2.1499767305096555
7.17240197670702 5.157683636296467 8.94365844232814 1.8963172410024134 3.0798948337626397 3.442116482344483
7.381070987375237 1.059402303772373 8.87575494088832 2.515459175795656 2.407032033465111 5.903388227022576
8.94398759044567 2.0534096940894164 8.28209498646485 6.546262569515095 2.6551392495178474 9.354387171031998
#
7.213987670946864 3.2361419010875143 4.0386842790731885 3.043209128243199 3.867816462325355 7.001630970940839
1.780767355167951 3.793519086517281 1.4883414455080266 4.50439166921526 4.386908873761284 7.241660260244194
1.3002178849536499 2.183085104295305 1.8623178327717622 7.96864469354475 5.949525125371181 3.570457906373883
4.898554572963285 3.943186743532584 2.8476155608886886 2.2234689501285243 0.37411422196871413 8.760940339069567
0.7845844561314639 7.458205540387008 3.6120165165890974 1.3005928500207586 6.3180338012678625 6.25149253637099
4.008230773582643 3.850544175366066 6.360378014159011 2.523138234385554 3.2566309034839804 1.4324882743373712
9.701575143693848 2.208744640615476 7.96587402548545 6.473552239179507 1.08708426759976 2.2520935486541345
7.211740727248076 3.172897695522498 7.814972636980231 1.160633211538808 3.155907870737348 7.309060273123686
2.6729493929359474 0.10110682497059553 3.9634825803603704 9.749498594202915 9.125028023932835 9.2090355227606
9.29421471798425 7.10629353296391 0.6707603804815463 8.728418596037296 1.3564950651737147 3.1501193830976537
1.5618263028822432 0.3112379626746371 6.6770841802533445 7.1675485771190255 4.659054443265557 3.6481674244157425
3.6539180935369613 3.8543829428507905 5.474971498089137 2.42667607422375 4.202100752795138 0.5527951482457096
5.39930474477571 0.9093333421878826 6.637733166987946 1.849912704084979 0.6307469196339941 2.8385469788891604
9.984312662094439 0.3593439087991932 3.5957171223698454 9.578410896665513 5.283382685257443 9.032330992674066
1.023692201700455 5.6360814432581146 0.7679475096794652 2.868040004190532 1.8357770514408536 1.1333424309229807
0.9719143372080081 2.7352610644151594 9.561752933010402 1.6865218714430275 0.4100150416744901 7.0464230103177075
9.55106060726127 7.667815261058932 7.261198221522196 6.680914592028342 2.1960565242092254 0.9427010403230547
3.6375473519292534 3.974686665093686 2.9275752035615903 3.911875967579399 7.258273974365618 1.543445288155564
5.325352889666183 6.827113679837694 7.899120009236299 0.25425371884001713 4.785410260231097 4.930509886467017
9.575733423006193 2.74233869630665 5.173100706754043 2.481211906096714 7.820457460840805 1.85010709362107
8.132407137444803 5.294447419802762 3.619179556511617 7.943223588842252 3.2554241453775723 3.768440003487849
9.860346264627378 0.8929208496918246 5.811719515095865 3.5131219367177975 5.974491663329418 1.3364767669901427
4.803792471264906 2.3699233008362173 4.444149316333735 3.569213776923533 2.1365083152862514 5.337201869228669
5.018503379232367 3.402114763285991 2.9369539909965714 3.552970954892917 3.069637502804314 7.5060204957509455
1.8993667569592048 2.4742740254672877 8.473868599935404 0.9727163562604026 6.729299469031231 2.5586890201570203
#
