#
3.4627543201001254 2.708640976450089 1.4587071407140941 4.70986468660642 8.843043114103619
0.6310388831144751 6.321178616110975 5.6732977882081865 0.8514459855857872 6.298508423112451
5.717587622922749 0.5003593724571065 7.017287249808965 0.8909591365002463 2.3471179435721403
5.460198702409444 6.048754950146832 3.6934460657517065 6.403341105080521 3.970089372042587
1.005203943456337 0.22540527488463624 1.6269897907685924 3.339994316545779 6.225360546325184
3.6396561163919174 1.7594269877787272 6.910081636174601 8.71792464751469 1.6011264304516661
0.7116139439776568 4.758964277596437 8.453795817914372 1.121143025572212 8.1844339836469
1.6806786026178573 4.592011840395166 8.314416148668252 5.433222326981654 1.5882706881357054
9.098820735688513 8.707444932511413 5.082940293786335 3.2140681628519827 8.395934664817977
0.8410200444727716 9.5529577290879 1.8097970938216417 0.4966061881851882 8.417301288728439
4.784893236573527 6.400401713920385 4.928930777190004 9.56224792294955 4.145253586395469
3.2365758125173336 4.849261629697694 4.940352015870239 4.128292071907383 1.7676268341293615
2.917207060909645 8.804638499639612 1.4721634845300953 9.398585369542378 0.8109871504271835
1.6616025265333243 9.525252781872464 7.5793093615978275 7.614709682358594 4.769054568120989
2.6136349640934804 2.5853768896393885 6.919759200739152 1.289636225681667 9.869763718829436
7.226425535575586 3.038890466417393 5.6018640581872 6.63079590871483 0.7494001898214684
1.2347537044633068 6.504222317751083 1.3973891901661148 8.957860325208832 3.05604869390513
6.640301891949564 6.412751925425313 9.038949980234948 0.809670345894915 6.811611487171987
1.1907388636471556 3.0872007828292434 9.6117221655235 1.0630865471002378 0.21892435130870957
3.7503820308717852 0.6086203663979237 6.968331236419811 1.4427975651325649 4.005912590831498
1.8412014606388287 9.723000504209892 3.384051970866055 6.1917529436624035 2.24162673256165
5.7506663448877315 4.754250078369921 6.731261645532507 6.600550528394653 2.4281205586106793
9.139180918151787 1.3922806291008087 5.829830724531745 6.935705587543945 5.126501526747947
0.2995912281678965 8.58818643464199 3.6826550296816634 7.904415655218627 4.1378817643709205
2.322593329304967 0.1786540993323209 3.4084997310439356 3.7077597998915612 6.8200070784124565
5.119612169165539 2.50044404609372 0.2725252357363983 9.819192453396784 7.489527032393852
9.265679519790151 0.2611070074166877 8.97960071557425 2.99873256128019 9.964363019032023
2.2498121817362984 0.6962586919419129 8.05254133688345 1.228283432400385 3.462428694058309
5.00877243493655 2.089290824285543 6.645392748130344 3.0301283833757338 3.037435745421665
0.6849795533425587 2.149154431861628 3.4299121995642574 7.133897165182022 5.63002409999725
7.0538392939380925 7.035384449312786 1.9426208916568708 3.5510485400448197 5.890902318791697
8.016693756302514 9.083972761671518 3.3635401164678713 4.203856366931893 0.3436151185058085
5.961780330727757 9.261760749554206 0.683463809158062 5.0180099636241815 0.9804139057477963
9.441424030692183 8.857260233188807 2.930546523905486 9.072263913699953 2.521539382583354
6.797188769222048 8.370095170713052 1.9975959987490426 3.5998130336519827 3.3439138958449273
7.586679507870386 5.827411945950568 3.214290138907798 3.6984665080784973 2.6535295940710997
6.039826193170116 7.39968875335755 7.806974616171088 5.37303138303641 1.7112668021491881
0.1921830029790712 6.221024124294292 0.43542814333583824 4.861570938562874 5.983186861507871
6.225828482205008 2.150030442164286 5.5525716105016345 0.3759201985611389 7.946223758858681
1.9333725385794813 0.37542231120761027 9.32294621196877 7.21816825956762 0.4493225960292202
#
0.9159525671661717 9.396383111026694 7.471979523338838 6.442866617835328 8.482197191061498
9.579344345845595 8.703467587021521 2.118353676905006 3.9095560560607243 6.762871537453698
5.956012482267342 9.57916294511621 6.502461989841532 2.995393239344794 7.210418339949198
5.589917175061982 3.4872549966995727 6.843164749278958 3.300676106067997 3.369542010086482
9.50032461333329 9.821375029317888 6.0368951047041675 3.2367224166138846 3.9079980838480397
8.398848251241457 8.650653432426195 6.827923847147711 2.4814924090009858 4.677560185111957
6.861790326985481 5.225066806370175 2.0743502920550174 8.976749470812909 0.7874319160444267
5.867213950868979 6.610814993400316 2.0350317542639167 9.085599319854659 0.1949189758265666
6.663157129919426 2.683068058298218 4.506731560676529 1.2103642083612183 5.497401765814843
1.057320249920552 8.897015409252377 4.237528429573292 4.890658086128686 2.6115863515207507
5.700188905431467 3.600308452325479 4.030329076452257 3.542418357355617 1.1843554794402684
5.404841085908664 5.411006539375755 3.5724924698291556 4.633261623578905 5.77687966537822
2.5886411830640026 8.785738589576384 5.528782870336152 8.276873209566547 4.797819395048502
5.653864431195861 8.2742533176961 9.626125046442292 1.3172762334736237 3.116726410381199
6.3110445301423415 9.621294455060571 0.24980382050848604 7.641277065964248 1.7362609980828734
8.17336679425169 4.658816606343914 2.966597884687734 9.942582592715645 6.078534015018617
5.168099011182342 3.8825903920765477 7.207209042077235 2.06187485554532 9.183111966758293
5.2667557518269765 7.8789326468084315 2.809492382863418 3.1512659547387774 8.96783404609138
4.248916307650254 5.637952294733364 7.270975586683717 5.912602945198911 8.340121047848399
8.638044963797565 1.117781121322834 7.658893101059109 8.561520137873366 9.013171414812835
8.981076513703698 6.962011924947615 5.841589533884914 8.949123281636071 0.7895199629570167
4.784748282873712 5.160660066877179 8.402540347783951 2.307808210970323 8.7584703774444
4.331428911229928 9.345349211267976 6.455734588300282 3.5436671567833207 2.331070343191053
1.4962357656206549 2.316591313520118 8.066567367226018 8.652616609307614 8.390891750818326
4.788451166925591 2.4356963982539472 6.954021420819689 2.929898321367776 2.842712870680893
1.43617684649913 9.980809584383575 7.989411142384496 5.837576829336485 1.2569272225505963
2.906054645580252 8.539657442967794 7.377078108332837 5.661759083231855 4.438210439749111
6.861321236288948 5.647431648033073 5.360673205370706 0.6527073867159672 9.313075020830862
2.863493407823493 6.638852004587848 8.178981999454317 3.5617006938466105 5.136385997125503
0.5902277574036798 1.0762934666421011 8.649212486250143 6.29764882688123 7.500870926014816
4.170909194955813 4.164154238676223 8.347168032149124 2.8578186500370077 7.015851861044265
3.9440445533706905 4.369322582688024 7.011616313751232 2.065214679975811 9.316510210993354
6.178110782692235 0.3848261888220028 9.839108168820179 8.993347978695144 1.5059922841507918
3.191147851767285 3.6538362329369027 0.17210745723501475 6.590380758359186 7.353929676000012
5.756695638319174 9.457520834102183 2.290856271549327 2.187924788994231 9.836600865816372
2.758250800498819 6.529450807785487 8.180065021601056 7.509378331634071 0.12438820644151072
2.683887028492495 1.8563249656246796 8.936069277344753 4.46364470844009 3.909772670632175
2.7039967139377246 8.633190151230243 1.1310657962181287 5.809539875774537 4.657518958860896
0.325603151851241 9.998694772447621 2.780180684530684 9.182677373041557 3.151888615312494
0.21378392329527607 2.9881640775218052 4.358613533994325 6.604300109915039 8.299086392496035
#
6.829897581036178 0.2984263892165444 0.33245588722230224 3.742792817482909 2.8597109359246002
6.930252826558485 4.78556053622988 3.9021927257422804 2.4952885017370074 0.5909698043579628
1.2370245120690724 2.7666529771910633 7.330861025136165 9.578323358792886 2.275055737403467
4.176078827615379 1.0290339596753553 8.844853790638702 1.7353970707127346 4.0211944854984045
1.666011238707232 5.732481199522149 2.663296969261322 8.64871068727195 9.542862498898259
4.07853884082952 1.814934974784249 5.026664634881696 4.130257480051428 9.113668631334711
3.4129225868412574 2.9971955002395423 2.675912454381099 2.4895780644937364 6.97717371867671
6.7830455699314 1.855062421342605 3.032890893957319 2.090684508262361 9.712058645850526
2.90337156610409 8.163811612598089 3.3548077497875335 9.349209954845534 2.5742170175593846
2.3677744036116106 9.523530297836645 5.225790841871824 8.225427496637085 4.164535844515668
4.938930699273229 6.484248013243603 4.718518477345006 5.017596276469434 5.500046549632691
2.3066647672459166 1.949891115166221 2.450933072972328 3.8424276210350046 7.6807379919641505
1.7910505369634016 2.9280621213088884 2.4774291806452506 7.876335224305823 8.056029381231877
6.3236077488571425 1.7658950631543746 2.391411961904124 4.412572976332757 3.402455964370737
8.359625125282822 9.093988747462628 4.272456824458776 1.5011513063337536 9.812591265226388
5.181840786042586 2.335317844335296 7.153812184488357 2.8506525859238234 3.9294594465241435
3.1689389700114114 2.5444500033497923 1.2587863230166922 6.866269388472724 5.150666506658463
9.440655469054043 2.961028634736088 5.372080929698907 0.3039450715654395 4.155809493946332
5.546194131764628 5.091699788286746 6.029086146522101 4.583457635886375 3.8516659818360734
6.646448033930838 0.5107451715880869 2.044046712199702 5.6702965094755164 8.256592274714865
1.7438114709439243 7.271766352612005 4.319230739066664 7.14193411783593 8.94326104016352
5.669956719065075 2.5865462164712474 5.670956412311866 7.5660770015129994 1.1704481508863265
9.241236247492775 0.8763936592327415 2.7874471669871 0.776932080492128 2.439243425845458
3.1149630513659123 5.70055375144597 1.1895376767822392 8.36880747171091 8.448723487206438
5.188359004896683 0.8879897039704927 8.09078732655402 9.872833844000201 0.29414050712812223
3.2155109576567797 1.3424596211156943 2.1699601905699724 9.145053901033256 1.7975304117536939
3.105560406939024 2.048678649752093 0.43778695212392726 9.191612328226121 9.012054529567727
5.006546259498351 3.6813204902995658 0.25553570599424 6.817349879738723 9.30598004133347
5.494782623076993 2.2585597477407564 6.676530031889335 7.165342702021669 2.6519007700499846
3.593512429749479 9.9152431807167 8.705961868948295 1.0381891437080197 3.5479302721558907
0.1809923311767614 2.2149601338349654 4.716621318638004 6.029747439287544 9.340437577569492
5.397988652495664 2.7289978018912944 4.463652494809043 3.7097709535294605 3.955823402597062
8.493104448715016 2.4377349632297953 0.24708329131758777 2.1636617118990187 5.086057584345354
1.272843989805049 7.721124142820743 4.677786383970591 6.296916836743922 7.760474291702377
6.721829992386473 9.94441896795631 5.722994336456292 7.251174082863418 0.27304555327236724
8.604087725969517 2.3072763037768365 9.554222352501057 4.93003940584139 0.8110067316007346
5.027655857167592 9.483322834696928 2.7065101506087252 2.6774489599111133 2.087132709272469
9.288564437240959 2.3451618500275444 3.7647186861640582 5.7157670578373985 1.9278906905040816
6.749043732206115 0.5649979535059524 0.393498431272687 6.83743891678458 1.2394540758546095
5.93343437725758 7.07449324380711 6.7710992676720725 1.4893722819256063 9.07422341176407
#
5.773714273591459 3.0279796889931845 0.8282820980712495 4.810430675805646 2.4508478378180523
3.6016094190421533 4.20319923012359 2.8752576432016808 1.8405635661656414 3.157052111999842
1.1694978473753426 9.227277318685612 7.475027695467004 3.84030242636574 4.752892262861806
2.599246941355347 0.7445560172420356 4.320672226923208 7.540182899099351 2.8470367003690997
0.5538274898435516 3.6463610052588304 5.513069678135931 1.8127735336224484 7.846572435204073
1.3179156469572133 8.208128091077816 3.4330055593706215 5.788505177534768 7.640564131455162
0.15142439031075305 2.0265137063517495 0.11094195862788236 7.5644606614984715 3.3985359770824513
3.28069283040955 2.6145697110017223 3.516766618929516 3.081317508018416 8.019150657665252
4.050714023178609 7.559951729213342 8.02839452055711 2.0170026866409465 2.6719700991460047
3.37215855506299 9.163853650915868 4.837563668351518 9.007953501133702 0.8243834276391153
7.5281165834931 4.842462940209653 7.351766810333768 9.15432719676856 0.10297889580320962
2.3461605313690748 8.084293294310172 7.417800403052894 1.932037674189088 6.448024806053849
3.3689069922824637 7.8376328284823416 2.051576737198414 5.162507808188095 4.932932468336758
5.493109422745907 2.8479174521048356 1.2941725001540432 3.7254855564039864 4.354311021162269
3.9899902177602025 4.500386195525151 1.513658190277325 3.9472849621431165 4.693865374159968
4.105921368290652 8.944382599996025 4.649715203116582 7.4343490601946485 2.346453504449793
8.226103825069988 7.034654317024316 6.941285867032429 0.29315295674445796 0.6365099206302567
5.380672217423719 0.4414670994252585 6.533251466318791 4.862136476047368 9.887879386180519
1.3970988816924153 1.0903164059483248 7.2981585982367765 3.9521179115637475 6.351043264195566
5.002392549755143 2.464414868856411 3.747244299365497 5.116081855298504 0.10940581959658413
5.590145121128332 6.2878678197827815 3.929031758657431 0.650670672673888 9.439878528655944
9.481613090525292 8.190633189571237 0.2622264927281588 7.644588540912277 2.1559012053082465
4.276344695856409 6.665123354041745 6.178733498586512 2.3561170775224722 0.6308278190393057
9.33684596160586 3.695638152199247 8.393105409979611 2.478503782541608 1.2453851683753037
4.742551261860074 6.013270124924199 3.2267545551007504 6.2790360512745185 1.5757375200106147
8.896114315685377 1.554922338366723 7.151725631230912 4.8861160951983456 0.9217576002636356
4.323301255906303 5.244013658234387 2.0046445988711534 1.3342417725325189 8.678966972657705
4.101393970463284 9.204703699251336 1.354186976119919 4.429078156123654 2.7089995919864154
6.663997723537962 4.950955976243353 0.7091399209013067 6.9178584531107585 0.7973294605145531
3.867606647572854 3.7286848596946065 9.485958672719068 7.063375837172702 1.5119128242744857
7.7671365099766145 1.879185387592107 8.21147938530461 3.062997253707842 7.796391984179241
0.5064229461961478 3.066254251733481 6.427946323710016 1.3433665832722013 8.586147046772798
9.643098876670258 0.16909473175627454 9.187598346694745 7.616816457586087 1.9848690542240783
2.2525199088273844 2.98591649994159 8.17391471674757 9.854702988850118 0.42118614613338945
9.121762031705995 2.5600827548443528 1.159069645034398 3.8136233874279126 2.0529888521421205
9.793600714729074 2.2499391262885036 3.3311018659922063 7.011319754054146 0.16146951851236313
3.379426923028525 3.9350886201684103 5.21183367640754 2.1439664834863423 9.262291407425025
2.3988559034999586 6.459817220342769 5.325680396607071 1.3679586655734939 6.414766020273037
0.16305428431673263 6.073368768818529 2.3407264088026074 5.169603741965164 9.35116521397167
6.136773503126291 1.8848813193232936 0.2498292149509833 8.212880323189982 5.372676764410612
#
3.7818315346566562 2.5047536422626004 6.791016762573509 0.6164757592758336 5.29453802796652
3.8727870400815236 8.959553729069782 7.275978178909509 9.399556143965935 0.765737031450433
5.010674295891233 7.13114378018797 2.1976903777913397 8.103669210140051 4.766470438688171
8.564356817192015 4.961606419717802 5.735843030010779 8.126077718445117 9.598458228923487
3.7878118279012414 8.693079144028733 3.5508555243026594 9.422257171262116 9.114048282514338
9.148553357552402 5.076105037407508 9.889935340252691 5.28864558607774 4.923512900428268
6.033258854267946 4.313207782144474 7.243719943844182 2.3674327553523313 5.148229552967993
2.5890612850987957 2.2348820843465815 9.605974534423085 6.14281222640835 1.7702357010730156
1.9693511735692968 6.765589558779166 0.2001944251941037 1.7579652364617129 9.372746859682433
9.763486543254341 5.68790101714849 6.107598776197433 7.227810149285432 6.995485561956997
1.4168224088770387 8.990085969548693 3.1103827509471174 8.954772426002839 6.161069848623841
7.1359368480942065 4.149417456681705 8.940690187665329 6.905825972942595 2.7310813032977936
8.34733648786725 6.244191294162113 5.714606524669707 1.345044850044661 5.388977437917836
0.42057993190143694 2.7297948490082735 8.09412791625227 1.7517942947339713 5.5285119010085495
2.6517789610898537 1.5868340016428455 7.251249729120463 5.8682419751580435 9.825263490801506
4.595520053698103 2.0518073755320643 9.558382903553635 9.097802544629156 4.748848876147263
0.2042539724275123 1.2726742110035083 6.326025047613314 7.877464964666279 6.534375686148269
6.700027041381697 7.881087829831776 3.8015409666233557 6.272250901493768 1.3919629069841375
6.036861960773091 8.94396229050913 0.3227356013545615 9.097532651747468 9.005744092435517
3.944268933565884 3.3458230337583976 8.527622736147052 7.240257137196664 2.2362026230167134
8.369429166479835 4.695732325535671 3.838445734649069 1.9243355261800659 9.888357890592506
5.501091935357799 8.512877024491988 4.482959497355148 0.5910431916921031 2.790413178862168
1.5973713214852312 4.7710088545272615 9.746962570607886 9.813251557611686 2.5563254238353865
1.857245896222825 3.4202018737025095 6.810254372390977 9.601990527415646 0.3066880908693852
5.702503231878509 8.929535785405788 4.784438619118752 0.8946218486047863 0.9109007327260681
4.807701719449298 7.389681923119277 3.1785182990898653 8.78105790769473 5.824545063910667
5.942548423538112 6.89589376553099 5.868033490404029 5.200647628482116 9.292897915757004
6.065731984357287 4.201905296033226 5.207984358830839 9.132820222289958 7.624928844434891
9.83092138042695 2.2619809809867246 7.97233219387064 5.384287344625752 1.2852238024201297
1.2135176416867215 5.008850411572226 6.735495406432426 5.814352345062502 5.09650283924921
9.462256276424103 2.3460213402276904 8.629295067414478 3.8191577808161163 1.5687132885956
2.2404608840100604 6.333640137194572 4.292001357358415 1.3683448906797784 9.406719603402708
5.86494103647185 9.455365572708047 1.9288187551495657 9.373735235264462 5.495380345602841
7.648706343001384 7.367494609467101 3.0866398438663776 4.136735499297905 9.367866436000416
0.4885121285772209 9.54952788427461 0.6095188921688859 2.9467115928876937 4.216624806487612
9.838697072511701 7.67909494825385 1.8134117830692347 0.6710823576713629 9.753725836496736
5.310907345069784 9.54583790143855 5.848085463162997 0.3741111724227917 1.4363475035145754
7.587841108263898 7.501135952992163 4.349063965072637 1.251614279672879 3.647865251986744
9.086572231034882 2.5580961773656528 1.8231173767179985 8.51028226890142 5.054010989611039
6.449218354071308 6.172105307067303 3.193339855233985 3.289781567533449 9.172903799643485
#
8.667459392411974 4.666811413950476 6.621478529407521 1.636111888495765 7.458676309140556
2.5294757140519737 1.0051840050041632 7.48625820268324 0.946582888694615 7.975883455790086
7.275018141284821 4.350727564981376 4.399419837596225 4.93018498420254 4.617088339493398
6.8032268332674235 7.602818154369672 9.571061827526675 1.9361798933907828 3.27200622535823
9.359238503014026 4.163384045081536 6.22197171018272 2.1037234861063125 7.335784379878497
5.220046486209623 2.8311893396734233 8.6152974879754 5.250712434179316 4.493702549753641
1.9673774419858527 0.2576922374562569 8.149573958059673 8.771411202783094 3.0456672189979965
0.4025038464117099 2.5742745325025806 1.39643239340429 9.376788040489608 6.4701380247297084
3.358498758358997 3.3254828989914342 9.012085502166787 6.6851732056902655 5.346975071517978
8.492985560219498 5.703672120755927 8.79952179492673 8.057302752208734 1.8963302413342356
3.861707832294448 1.178728161339817 7.184685460090331 3.0834475455417873 6.415399002741417
0.3186738781790881 0.8354584172334185 9.775390679721113 0.5545146011757929 2.5028409039026216
7.3269547296867135 2.014286968033827 3.701879860449554 7.1573902169492545 8.745907594379016
1.0588013887891545 1.9323010369395601 8.171168583357048 8.627551054460358 1.1020438162731105
7.499025826260686 5.454939757009256 6.993674465907661 2.4112945495316045 7.850374419125815
5.0509186163546795 6.593206292889827 6.357974637744011 9.060744676951026 5.2813692911368255
1.2234019437975716 4.344329460895231 7.89342785543842 3.3937319787553815 2.282976353222731
0.12564394859961237 2.4304857200431833 5.190686386996108 5.399113395565449 7.515448762817646
2.659040785094034 7.362135768963987 4.023768788616584 1.292652498591377 6.271710246736582
9.271385197160157 1.5658972945566978 2.9103688356607145 4.8194193887453105 0.6551398686610952
4.265513610005265 7.734186039512089 3.4982919487981805 3.644056000326307 5.143113620437941
7.995591638434117 6.4542447756287284 2.705007639563411 2.1062781665605206 1.6880537945865774
6.368845681175321 2.16089762698647 6.282722975344566 6.230899529014923 8.324040506378292
8.544716231663413 0.2793555962455816 4.357491400211 7.707965428232673 5.264019878095486
6.051475792820909 6.877155695768808 5.054990232690468 7.1550408149615485 1.8392331596904508
0.17570987223314738 1.4434584983143623 9.912720007626973 3.7313133608273494 2.9267754987526624
7.280271467038028 8.270037459912718 1.8249017137510002 3.3049250870372457 7.06416188702317
5.337770804317614 7.80899404714792 8.522450496506051 2.223363172605951 0.6024937364394987
4.056665874739798 8.807448101848701 3.1359875729274904 0.22475858674728233 4.454142327956888
5.558769827570945 7.162170634887221 3.5333935270047263 4.810532401097131 0.572805881342572
7.035664880761333 8.144532092845656 9.196502004271956 1.2826196792145765 4.070638045906238
3.7714088597617597 8.880634318089726 7.1319138285661845 2.035476573064335 6.054532221542795
8.534205739988062 4.024203599005519 7.083740762466039 3.9268674062511106 6.171495669875642
7.160239364139326 1.939417614505956 6.41495780052267 1.6168603240667978 9.989301186762589
6.453058638261412 8.089888897594038 4.8514555094534195 0.7352774914086968 5.332335810452312
7.9221604189537835 5.973663145728331 4.121519613585323 7.14802627155977 9.683316214530105
5.018496749985148 3.9159239735607807 4.931752660563624 2.0775597167032673 8.926275292964716
6.780777184905199 4.762923088393389 8.45379658318213 0.6623202631045872 9.05353298490018
0.7735600226147934 9.299175487865968 6.856510488853443 6.113532715421993 1.5221294692652596
2.5439790063989296 6.359827805079945 1.1448446773446266 2.9659920346494744 8.6309089018686
#
0.4003079036600665 7.345826995604631 1.190333225634026 5.908333790665104 8.272668325999442
1.5749299481569157 3.428469722852686 1.060223424553457 7.3361797582325945 4.244765304004486
5.9325543446891364 6.048824414331192 6.7025191911618505 4.242492142969857 7.059679916596432
4.593642439284278 6.283333073540901 3.2374718327278904 8.621826694875915 3.934025824601768
1.621284551353027 1.2622464074316073 6.149482069699904 5.686449758297869 0.7157441816678602
5.402293032396653 9.382979418554571 0.8116893573574924 4.973782754089632 2.8975519053283034
2.574229768948683 0.23397767524793167 0.6991943143888362 4.644285826593238 5.6023184428346156
6.781393428293847 6.074913293524858 0.42096412858715304 6.573636234161359 3.922934513136962
6.461813416684003 9.51927757350944 8.723706061037655 4.02932904436703 5.127489883889791
0.11305150449346968 1.9438749142675364 6.005770233496039 9.144060565040927 6.175941568991622
0.1759267518822858 0.521077143813268 8.985521576096193 3.9395647980714132 6.095965311710248
7.557534545708339 7.541261431060559 5.930463116844292 3.392524289419531 6.592903606440617
8.645089974998285 8.402174234006594 8.759298858165112 0.8513057156934645 2.625014797638872
9.608233501123784 0.2985567221531076 7.40866271414763 7.4254016924592205 2.090364040862853
0.8926207264286043 0.2041891344250617 7.0142439620253265 1.7631964017202133 7.4526207499677835
8.326982589805727 1.7126868509833435 1.1778657483700345 5.763420760681252 1.0958835975140988
5.120595501356431 2.1177852788865064 5.018673439246759 7.489268719949589 4.283298511112411
7.495576425629103 6.966203298772733 9.7892440476779 6.01266448003302 0.6559168759048717
0.4690448761961985 6.752591130906388 7.480712265737987 2.5517082822280255 5.536782020606748
3.6025260991772 6.541034557528569 8.70711403949119 2.6874844738602364 6.781825772307773
2.003334656393466 5.917505386464183 6.06961852345141 4.99325636603014 0.9594691057245868
4.867727012889862 3.4345738189026185 5.776441542670699 6.78057387723368 4.714217725550807
0.11735967385288237 8.342497819683631 2.390420725788087 1.5953682723095097 8.649655403406278
3.7204912299920085 8.909184003355723 2.079287027458028 8.050424703070993 1.203856325231924
5.966352429873392 2.9248617323522597 0.14973474133287823 7.119906726705354 6.585023508322198
7.495421410502265 8.688189882887105 8.649265243625097 2.8901717575593318 1.5842742824075446
3.4755171976344466 8.424137577757737 4.1242936077933505 2.396973911846749 8.319426852271294
9.621912415691632 1.1552351326228196 4.190864220247805 2.393180016252021 1.8975542778958454
6.5157833699290135 7.791020378456689 5.6737832215204325 4.117053706866469 1.2065908505247416
6.466062789507225 8.313263072251171 4.539072124261659 2.956763746800544 2.636750545233197
3.47482235294879 6.172530613844872 3.801666917710487 3.5621011547772445 5.664312369146923
9.992365067625038 4.048334533720821 0.23280266192341248 5.852396958671137 5.36265144096982
6.994246217735169 7.3091059241115826 7.213982899548482 3.2813029401310025 3.6372875481348688
1.5130294375268343 8.234832561338514 6.772304753405578 3.7472046160831125 5.339219744314724
9.056668780186836 6.299615104019086 6.059820177967152 5.426965532353373 5.004244216520862
2.1409030636285666 7.450260164006673 6.881711486874081 9.468549315239898 0.20992082398382905
6.33277544225165 6.536342885295475 8.936367298426658 2.0285984639959866 6.018703235585406
0.3059701429344637 3.9019650631938045 8.89875741453114 7.187874715784069 9.078044356808077
0.7534258232459949 1.5125723859673763 4.893656386771159 1.4679549751612249 8.321139687479274
8.395138120196094 9.487716149314707 3.7358789505869794 1.5166964692451748 1.6213200602380833
#
9.668489594249635 8.842569878975063 0.9727603729867278 4.55098779045534 7.472138510020947
2.7596276508899464 6.6112651736851 8.322205396595459 8.477205049811678 3.88678223382141
8.855857610331348 0.37600365193234797 1.5688000174050214 3.391821983373217 1.7759991446337655
5.7581696223952274 2.433930296260847 4.9780066056940715 7.179634655995676 6.59886824166143
0.10673470319172651 5.913166659409917 8.645770597689731 7.84529398856575 7.908027251124854
4.187731430711628 6.031411251258433 9.952784676873772 8.50303986702418 4.923143935336998
5.2130771927216735 8.49095905743096 3.957445101790932 2.0643059291211667 8.900815708202034
7.233528755531537 8.724582894233656 4.080039500941066 8.438069300374032 6.176741575758611
9.29891233948267 1.8560786185567446 6.798869334102811 0.620231147150097 2.8429652960954614
2.203303031333094 5.1697450606431214 7.578155471507496 9.439594049586354 9.74042308330313
3.5199385062721413 6.744788352491983 7.09243327298724 5.466769388205551 9.253681967641153
7.075686127977838 8.836290935377193 3.9651278023177587 3.1604961188767327 6.760247939105669
6.454582210305283 6.250568611547483 6.862077933971788 6.741498323481413 3.880015542667828
3.2718062369203675 8.873377415310447 9.425823226821567 4.48944545510212 9.218918842931492
6.162552621754015 3.6616161847048474 8.236323130057734 8.059186089995594 2.8038819974646625
3.9047526385995446 3.380332027336194 1.389062311672387 8.72300767122605 6.351353649422841
6.710791797880267 7.417335403772848 4.853788695601697 0.12469251332215237 9.968364694043613
7.399634868826166 9.76440404397771 9.720239236035905 5.125836566690317 1.0780738713052291
6.588568629659379 2.6743586242954147 4.22245637270912 8.942285607287726 9.987675359271858
7.833175063106039 6.8208065135336495 0.46380285888765993 5.4256677235187185 7.971376270712674
4.445746953388617 8.581859675639276 7.168487523779852 5.691657610549977 5.193844577889853
3.8636460549928353 6.719479859706359 6.675521321391109 4.594417295941248 7.896710075029803
3.430946373655681 6.849071724340103 8.163499337251647 5.666153702492862 0.6846884911262165
8.570856353831676 9.046117683219752 3.331318743336321 2.9792321396128347 5.690800644350425
7.028415425512571 9.844101109913108 3.028007234022488 4.677761715610456 3.346727610215714
8.135762370956542 0.34680884363986664 3.1712696598193766 3.6123376478353366 4.314841469764906
0.9890806875981104 9.013142756457242 8.293427198227361 8.928770702047919 8.257909060806947
7.710282421591757 5.648838097229329 5.92941260935725 0.9774387775052888 0.38049803490994893
8.41921564060478 8.55394954907334 4.424817433365345 1.5535643015763636 8.351024306286366
1.2584334769538676 9.551685091108476 8.451299154898454 6.676543009170923 7.050123653886868
7.957608400682828 5.416028231025214 7.429266762565651 2.5202012450597713 2.332999666194198
8.041454794512003 4.188104680841347 1.1695483043369714 9.54921323014405 8.295323939725133
6.308111581522532 8.077821134433108 9.588509121080513 2.3944381625495006 6.739039285362009
4.558501862387289 0.39197287460369346 8.237830029867549 3.5288855374741566 1.9785126410956755
3.673901039577066 1.0279040326080056 6.292149495203549 9.935436501629985 6.132086848929079
3.330536471419161 0.8401359965536122 6.48660283664628 9.10066128302148 9.494065239383854
5.009093490117018 6.727625743154815 1.4567709372161817 9.53426955155662 6.301833901077471
7.004523450265294 8.441765661209768 5.169559280369328 7.704082710867301 3.078702887736424
8.008828440298984 6.289179571703817 8.044900382634928 0.5401816708012905 3.278898579471022
6.654503030307708 8.437282609727067 0.6580141336908589 7.956065044623349 9.160293417845455
#
4.603579731577444 5.077704919555155 8.95779094170029 6.7934786358716615 2.11035938562368
4.421980793232094 3.1578282663849713 0.7267745367895744 8.576998648728942 9.82199152856413
1.4076067756064248 9.65452011996054 8.820857192685562 0.1831102534972846 0.9938641619970703
7.912032697154682 8.215651355442976 4.7440857965951055 2.825929283251969 8.496631544769423
2.2207932421171086 1.4110923443597487 3.394905509949872 4.351458238950339 8.900386978464757
0.5368498839873004 9.611742659486305 3.188512122081246 0.20650730795611238 9.786731894904918
2.746608157408565 6.087889092983186 4.5557551619610175 3.9189057356605552 9.358973199433873
7.3391567927294314 4.398387277021163 1.6758270885389823 8.264923562718305 0.5048879112710445
9.82939655214534 1.9129684117536447 5.500984758686037 5.413545236797897 6.8001819826779375
8.857052861761082 6.91297023614472 0.6727434197493691 0.5265524479273127 5.318536935553079
1.1405722427625604 8.335645367830443 2.9156910332072736 6.223706383182133 2.372512229327697
7.575811354938384 7.06165923555653 2.4519415990686837 6.218027250461287 5.702049584838573
5.850314266327842 6.997086829423692 8.937935947507604 8.71514986498867 4.470088092405369
1.607334282518675 7.6598503542155605 6.864415875383283 7.9241972759073125 4.525952558190551
6.35256530800894 4.695474693073303 2.7877633862285323 4.382665579284696 7.601373137522343
7.414262139160247 1.8583392149089688 4.214091115576236 7.450344112957907 2.99186509219973
1.1910599810632547 9.536137178304172 1.438846750461693 7.2579386395653565 0.703703375755274
0.3847911109763169 4.829528921604978 7.618530157177832 6.480026222330059 6.955539020548001
4.483598348413034 5.992858165628942 4.084791145272272 9.165386938633254 2.0145614386919326
2.044965731933472 6.096392856665513 2.7372366953378626 8.62854383263703 6.009305770546036
5.794269981059308 3.1308950064193675 8.317652650426062 9.970875615934114 5.943215741634652
3.108158892057407 7.68004114882323 9.357078371105501 1.4043207504214532 9.781848377881538
7.889659676989462 8.319470092204742 0.3222262580348696 1.5841561338245298 1.447792251128189
4.015751541607489 5.897491073666022 6.989155144882192 0.6449670006742156 9.999787033128037
8.837847148857044 6.447344515285767 3.1053497831233194 1.3042048585261692 1.9405960830605111
8.323047928738651 5.400647644477582 8.005062228034964 0.19694333033332168 7.281175345073262
8.680878044485784 6.582519987861747 7.650598864001362 0.5342767610410863 9.176291128300665
6.872254139632512 3.1282270893869515 7.315408556434654 9.97420562327006 1.738082800965775
7.485126233365183 9.483333928774421 1.868031898121822 2.751710174512516 4.062553999319801
2.5109495865788656 7.414598200042871 8.163776753729623 2.124453462561232 4.813504841682386
9.20565890324201 2.769067507614164 5.021511826587727 5.882331165446045 8.383307901218839
7.453044208116607 9.426075218891743 1.843127086384484 0.9023527610004765 6.4881772943861264
3.244502377601923 9.98160558271492 0.22353418829700278 5.996019797922582 0.9631805852086233
5.216333340193688 5.629644056963651 0.9204686865141767 2.9652606760885702 6.676058905857163
5.693480639705314 6.560822519336552 9.121050233573431 0.5728136100859409 3.221091324736152
9.296162089320404 6.716142600766882 7.609625884159382 0.9385704430492057 6.905250747444865
1.5983534827242494 8.094206697341104 8.623159328003684 3.1727518082882162 7.103829543654301
0.7216189532474653 9.917468090697067 6.266571759552828 6.24773426030244 8.27239133595079
6.629847592133993 7.7489436012923125 2.1169843501101675 8.625195788493192 0.20304894308863375
2.319360983504299 4.354676579428994 4.952049956471205 7.3333716450686035 8.105020158983539
#
8.256397172926551 6.526446048467523 6.3633021114890695 2.471498178020468 3.8378889078479
1.438473027802182 6.546235312613714 6.009919227161426 4.09812597978118 3.5858407564544676
2.585993319734929 2.2715474872201553 1.3323433967731755 0.4750142159697166 6.717798577963327
6.936942354749641 4.427846328583044 6.6201741950517 4.769927528877726 3.5458737602680626
1.8325920738704946 0.43682784803370645 0.2303914668691318 5.431667888369799 1.8323329708032148
0.504527760589152 6.298664977994902 6.187297577815432 3.2304547261401204 0.20376469433628053
1.1589623946018892 9.983350738960633 2.925169344636418 5.5513919225897155 1.8066007340458685
6.906909380028236 5.142633744537046 2.9612052179666244 4.200749792426533 6.19081632277016
4.056680258085644 7.471891729608618 2.868210276267074 9.137603115823028 1.7226208701433192
3.4425135180103856 9.092969622868804 3.922675384714425 0.3210419139757379 2.995680431426894
1.7572951062366582 0.19282034655167202 7.018394211928452 6.954901006213599 4.797490500483543
4.101059689058703 4.11805655108021 2.7109200222093888 5.83525844835333 0.6570959161052237
1.9331329798053791 0.1643395791794955 4.951085808989845 7.135184622156709 3.379718957964731
7.76339764681491 9.376840456721103 0.22663629336204227 8.509970931699492 6.2741150707062605
8.085921016530115 9.455850966834895 3.214497277528163 4.226069787278788 2.520683564285441
2.241549488923407 9.423340933321356 6.916824527961859 0.2831739343081532 6.358519605199927
8.879304822098767 1.564897368502546 6.078283910762584 0.5327589538606716 7.962243214904387
0.19075230032688673 5.640093059835511 2.7535987447024315 1.1854900488246902 6.697803643496661
6.734415207939319 9.79181625322481 3.9096971165760643 3.756087913388872 5.464382068583365
0.16815078319472931 5.570298715452733 2.5174136212485405 1.4294099916888885 6.856262046519262
2.6384864675552784 7.876989498275097 7.479098477384332 1.650223836279526 0.2856273274253178
2.9086632151758907 1.1967826164902142 7.093462099424438 1.6541743950928032 5.829727666936751
2.3360827986118573 7.749908357299843 4.681989577955564 6.584669371446285 0.9542576507209466
4.533013315005929 3.068210679506466 5.893462293884592 0.42484596543359654 8.4450146999897
9.523840459476654 5.130944122765433 0.3755390675565078 1.5240502867321597 1.5275138609524612
1.2222495381422918 3.7654722928105553 8.160389514968355 2.5713662660730456 3.512919703187169
1.2066693941961666 9.350012872857045 2.0499301552772353 4.4964161039438135 3.140340913829938
6.2394087786528765 2.6497084277448493 6.882261184237958 4.653697306174714 4.751317710616001
5.373536307626296 1.8286662640931701 0.6783847454768566 2.5729148868059073 8.46162407144709
6.013743445338622 1.1078836805787593 7.018229856846908 4.244658562982142 9.445175804289796
3.412271325537532 3.8570480661948787 8.04690325432385 3.173907789034747 1.1574261887249127
1.117024110156815 9.254620393366697 5.810867940345981 2.7895501896365427 2.814760589847518
2.3321497395360256 2.6347908258868356 0.9990256348738971 4.9061485185651454 3.761255033572962
0.2777906882175687 3.570606292253501 8.076221632614317 1.9430798725208915 8.976749456982768
0.5140591175211728 9.219908606137594 0.7169073540873141 8.69307116634284 0.2632500245266707
7.389730146513258 3.9788444178478892 8.011157295308346 0.8297016282751457 2.766061969198301
9.348048160830057 0.42524115708080057 8.038054705245433 6.233966440983108 9.018860014264671
1.7063372123186324 5.257317340352413 5.362726978890767 6.32057574185789 2.0384433502071633
8.004870348669325 6.185153553410236 6.469661092343661 6.791351938327158 0.509025006405782
1.2752810380014776 1.8838515017260447 2.0151157806779056 8.664400773917883 8.696656909106919
#
