#
2.2669426336923943 7.417366118209289 8.125994191313161 0.14674753015785136
6.426336718973782 5.475970698060927 7.817738897834843 5.550951865967584
4.385588302820825 0.2689494575883602 9.377146305662382 7.947224835119496
1.7472610651974705 6.336427744870639 3.613713924275644 0.6942638140740485
9.45191237109292 4.773251294210379 3.3247341144538325 5.163853259550839
0.44825365757528957 5.111469602645717 7.845859910989148 3.0539007417401063
9.541100972376555 2.1044894107977132 8.116862564619366 1.8904132578616055
6.29293982548242 3.4619726520990888 2.6849353300721694 6.209012559908212
4.238022596619097 3.3127379891143036 1.3635741815002569 9.970628489768279
4.789537872499679 1.1811098221296228 4.699538269487568 7.663127889999451
0.846959928352609 5.411828363188968 5.176236794778666 9.640011203356556
0.6676223746774763 8.467446325374173 8.136960471395161 2.176755708345853
1.3386981433696805 1.5587870949899743 8.921869528915703 2.6533238592099684
9.79096055939816 6.349358163028806 0.38540329060875855 6.3016552825112955
3.640948003621527 5.729494988727265 6.581306314685221 8.385388237828247
8.79074293361994 2.001585019182317 5.971031180145459 5.064982356879623
1.5276020603667946 3.16996504194568 9.700783697783663 0.8955804156245613
4.82229556463945 6.47961224013232 1.572467968827688 2.422774504072213
8.917349410352145 3.190121475569932 9.31968613904195 0.6915188470253524
7.519966440361451 4.766603966387129 7.799771791545155 6.139685337732007
6.275479151267903 6.111577744423779 6.931235082303461 2.8533452289419583
6.899905727861893 6.957321967651909 2.429680762085989 1.8235567441381408
6.93037821982996 2.8612013640373943 5.072323316946235 6.73157718940209
6.037597224043588 9.406061143510989 1.0750842329405907 4.934387892364614
9.976901809109119 8.705701790856128 1.2077705545718245 2.9107909638110523
#
5.550000502145849 8.562370698412966 7.55869328787287 8.31642738989704
6.398003602178768 2.4889471519363453 2.4478831075359793 9.549119664635304
0.18029247076024557 1.9343480774863497 2.2868156600829246 9.827971259383013
8.80386545934106 3.4661267698314333 3.9790079385109727 9.163487251315612
6.297723832341778 9.618132244206064 0.9869606677063176 4.973587274277486
5.210285436003535 8.317419356705486 9.111548339450161 6.265519398826994
8.963991666635032 8.122721804951485 1.6601943900599592 6.336801137911808
9.247098237717779 0.8570723908969828 9.156893448440101 1.932921316424133
2.8738947497270755 6.317343301551263 2.275677996903117 9.118662867850778
2.1925728663202775 9.080800765992795 7.289608646496108 3.199503925687052
0.3021110405335454 8.825317207764675 4.303339605977139 9.380614969374289
8.016878529281094 7.152095004311319 7.47242296373528 8.997268851112404
1.2017870089392608 8.703244958644092 0.6976562714082313 9.799081615439867
1.8929656217673245 8.635035094242784 6.963245389054819 6.3105545052235374
7.637688349720018 8.87223822204914 2.897829241130461 4.9874920004600405
7.863049304697907 1.3188736746015195 8.893179714363809 2.698062592616319
6.563527510364896 7.876487097685804 9.946695005660107 5.454525320721912
1.1366488647848945 9.008438496491507 9.106542990416415 8.506161384996064
6.411095839892769 6.6357924041538014 0.8834807094497323 9.34258417207575
5.899213942640744 9.27930862741296 2.4563706415487383 0.5986166732964602
9.106009838510307 6.324602442508238 3.3340665409537182 5.253013615078063
6.921455647230953 7.889481968907519 8.496963403594439 4.2563422262683375
0.4851271556539283 9.479347653623984 4.603125003481545 7.216766648615423
8.020677380676073 9.355120007112884 2.346037330174827 6.7656473318849795
3.8947387480746807 9.678678740311572 6.030869868113862 1.0674320048227512
#
4.190010736938568 8.485482969608968 0.7168566827585119 4.747945694229087
3.362289652813293 4.614241220723893 5.632792884852456 5.4664434509855795
0.46848565217072213 0.479062689870843 2.654333768320347 6.043139933956121
8.436424666197604 2.270687171821642 9.926260904310332 1.1234644745414757
5.156962961518896 5.721371567731577 5.632490740083738 4.449025860661414
6.443230666311744 5.753820889234501 8.131612517517436 3.667544202324362
9.229784149159627 1.3421285805739758 1.1236474588219183 2.0935780916930122
9.018886102519204 7.840450954667864 6.248519895248702 1.866838338579246
9.706821789489318 7.2050195718312215 2.681892819081408 1.8312092926542292
6.685602633849625 3.4292858578682144 9.407513665514418 0.4653433060076413
3.0050841522996974 7.854483056441993 3.6178784422734465 5.811907284604829
3.2023306887951515 4.385305375031965 8.752916444373065 2.184231394723577
1.739543330620402 5.233160605510501 1.705245433388102 9.829248730996449
5.853986484348771 4.021284648792651 0.2512983331226968 4.975650288636249
2.875327994820039 3.4641784257754162 5.967444347105325 5.209935757042825
7.9751647195371715 4.983414485569441 2.157592087473625 4.305992782385086
5.787473695710644 3.084313648853989 2.3071972092048254 5.2294119667446735
8.344740174080883 6.93557149511426 6.242935784811372 3.7190412250741014
7.420909649080343 8.067440155106 1.9635771315110788 3.573739307681969
2.408561377287507 1.1587573812130736 6.121657443365933 3.943620242363219
0.20689791491182863 4.204502388917492 8.496336700009726 7.334781180691156
5.844507679644624 7.680077932386212 6.778132919717611 2.084285401491049
3.107233743266489 9.07981216912852 1.6704607451847893 3.212642551996429
5.645762566778753 0.23562822180931153 8.543017143614827 2.4225971670990334
6.228649450484349 1.108335561970792 8.256397894398868 4.066032102102421
#
2.5410893000175916 4.634463356734361 2.6993277600149916 5.744765736301142
6.519395099526596 0.827489253011878 9.959915213661715 6.501621144975447
2.2960720553868614 9.477066588664211 7.4713193807800575 4.879074306420301
4.394661700014179 0.9554110083508789 8.910138188526066 1.7586513497188339
6.234579070095108 9.150202334392862 0.7239558781436539 2.414436531500992
8.386914838672828 7.985031980610227 1.005084185967008 3.4708338972462416
3.68759910888914 1.7507375268034489 2.280296337122632 5.990465740379985
2.507939285984714 6.501127729367262 0.33114993243505 8.01908594182904
9.454642775003947 4.180978560478189 8.82321595998323 3.3907158810274476
7.96921348802727 8.047594429412296 2.740737481855493 1.5037070770640173
3.687796188387506 0.518642981506102 4.608504810477259 6.988419397556786
9.24256197477052 8.546663144299915 3.324724839039781 0.1395622121844351
6.930441342895022 9.525383428292205 0.3917858519223012 1.365852710934321
2.3661088052476074 6.580590708654046 6.649645898886874 5.461560839836383
0.4564635584378758 9.355951182405919 2.838412026685758 9.959472181254409
7.83577923241206 6.82058782213614 7.951570089999952 3.701510602620316
5.827005060919794 4.629396341410325 0.9737135485568347 8.369818791495593
8.185142467155853 5.009136010883175 8.649757416825686 5.524674758565303
9.81027326457209 3.8245896214094453 2.394071004596555 1.001339991286243
7.479516666249725 8.56062687216574 9.139589167756398 1.4288351787903424
1.1743451063810717 8.774226279422694 5.6169529394169695 6.243740426980365
2.066258809463181 2.9308592810018124 6.392526783664367 7.62014348222179
1.0715061244139226 5.745560879468815 9.221407277013968 5.1050216201588094
2.245514292781128 4.44698829606571 8.446828831754818 5.907465488360605
3.928459451319291 9.515764155463726 6.996561429311186 3.4906258582697776
#
9.57024344511336 9.358890050325751 7.793637483553876 9.490913553266068
5.414600135354465 9.883129256249669 0.804357755685774 5.303607536585444
4.018770725761719 9.950262746191644 1.6450697233423281 4.6374241154611635
4.303853167489602 7.93023040720267 7.993327573021718 4.6168728636034935
1.389761902401168 4.141479726063897 8.166493675558943 1.9362806367423104
9.905315707823103 4.00775979046192 5.443510953242311 6.0247263676893725
8.823535095079228 4.307290927753153 7.796409161213415 1.8028830494389125
0.23443088663845035 5.6689768282740784 8.123703684977652 6.416949785586202
9.796929680194456 3.9183050258244165 5.912390385163573 9.68326282788377
5.2255571908726255 9.837871058165998 4.587370281675218 1.5985287129060661
0.8150454667781117 4.184098186025884 8.141202039409244 5.678715150949712
9.989449259159027 0.1739355113413028 4.6449505561485305 4.247811032807876
6.812723356686235 4.356192632486623 7.919426172568794 7.179516299960556
8.660316198740695 3.8508666896263293 8.080846904039115 6.694580155900814
9.889691943614672 5.420860562699581 8.268111928673022 0.5990569880812089
9.958348293348298 3.02229541146017 4.867454665158283 9.212058620844516
4.144638689140472 3.5440784928142275 8.430036549777732 2.59350710584398
9.630366773502987 9.430389208435173 0.2717617359295863 9.866755866170106
0.17977552086342463 9.555412774906824 7.681274986344221 0.9792380510897463
4.638901132947975 9.413236056608902 5.658457858722763 1.814419622268625
4.292871840215025 0.1725466356432399 9.79631890432125 8.875815629848702
2.5711683129708205 4.391855612965733 2.673992824001236 9.64633352057923
2.8563576501576127 3.897406994725439 8.628175132623449 3.2315544343510534
9.865899199623591 7.06538455670592 1.4692600770898299 7.165735849113142
9.081542305841936 1.7527899150044628 9.09676573128597 5.181457216323227
#
7.875298014498618 3.1076592920715127 7.553331738967293 4.796360981405331
9.979216089455694 4.1717741526714 7.443367962025425 5.2452157624986055
2.6197765213832667 8.044900221283292 8.41980573811331 7.718235134861487
5.918273521672998 8.308978941980511 0.42730360670883716 7.416548646280204
1.3647005957119864 6.89745617721869 6.323804196779105 9.611248031435824
9.524082832684293 8.055442379369737 3.6834746084021113 5.1822463387698505
3.7374740774714095 5.107248609270259 4.790802622689121 8.662606575994893
4.132217540541248 3.3699365909024923 4.396328257267905 8.280805425003823
5.763648755153094 5.432806934109611 7.0814310068803445 5.960136892858459
7.7541324324915495 8.759149709322758 6.089195647076516 6.019298920470592
4.58548880404222 8.93527585602954 3.153270762647332 2.094972522497403
9.569855952244218 8.295353886588792 4.378505724349177 4.530214599422229
9.803200733697322 4.5491102060068185 7.362646532178076 5.8660998570071765
8.538238954634462 9.044277516215638 1.8464413734610283 3.7131766186475694
3.524895871634338 5.166821311371592 9.315499024900026 2.5449256587528915
5.696761063683489 9.23210783861161 0.2605490718992769 9.76658176551959
7.640067560269978 6.154190298915885 6.96419551277398 5.59917100256988
2.422204315050552 9.589762731091994 2.909556275736437 8.555108187511822
1.7352013235178774 6.797440973354373 8.566552031556274 2.030740861054682
3.610563581986484 4.6888394804529 8.206878952811676 7.599519299424607
5.699887438339621 3.036070113579293 3.703325919167447 9.470837915321077
2.972280170680554 9.322488132368887 4.269904670310185 2.1813733340081227
9.057809259651185 2.031837872388269 8.419411645962255 6.676893580175679
8.894367061868396 2.1866544652582736 9.725184767408106 6.197721091738837
6.059371956952235 2.3097301071881615 0.5439724292592079 6.4857317222132655
#
9.805848998100462 9.868249733377773 5.112271149168319 2.671827591075987
5.91495804981444 5.24621934662485 0.40140308480509557 7.931263829856475
8.984779335519946 7.620295634509599 9.777069414413319 2.5043403400467565
7.557747142624051 1.7721081384043456 4.852985477937149 5.515433470384552
4.855274336180946 4.167705302363658 7.409446677951944 9.317881635359461
3.8261353885233715 5.088149805655272 6.620658787030415 3.4844354437045832
7.157178193984362 2.0326078769710394 2.0725214565458057 9.04359958579149
9.246633498905375 5.234417433334611 4.454708494712763 3.77585524523767
5.478937961563687 2.6378601419943988 4.353255025414576 5.409838454951494
6.505309433619331 0.864220923002395 4.336690924616225 6.437320759260869
0.16684403086938904 2.0674334839492645 9.416187330164526 7.816141571958116
7.857081709827083 5.640662227731818 3.639308401311121 3.952231127396745
2.674193395610012 9.504570450250657 6.645877616711863 6.7734120059580105
9.029448010045908 0.833875744390272 9.217264760464259 6.598628650617001
8.554886559514536 4.2063468594002416 9.658742669226775 4.219521450989302
4.987317685372503 4.889789230618577 7.722869073174165 8.830166375329757
7.653815478017511 5.617133337461188 0.3232161019167892 7.554058759474209
6.596031170488808 6.379563422112158 0.787663119108803 5.042593141620185
9.780742040423384 9.437148491243633 0.2975023399217749 7.068819698462919
6.759371649895183 8.628782932711482 4.37258425991111 3.258430064122292
6.193397478722827 1.8590542101089498 3.5300863117398893 4.334095915473088
4.193388022608913 8.499197270895634 5.221079570024991 4.651706197020063
6.375860438944274 7.665361494527981 2.8620912206154525 7.124150353105308
0.8356065126800916 9.198164735186882 9.125055760279078 5.301851618185605
0.6278114746738712 6.015669970043392 5.397736259351423 7.742950847091375
#
0.7606755504875151 1.394175547325093 9.080527044467285 0.5933864438774492
4.772068411536065 0.4352398966870359 0.3898333150287696 8.025557368708672
7.598977731878166 6.21013674516234 1.2438262188327092 0.5413209424333925
5.779683700955864 4.812371404064439 5.819694192933313 6.383250772611529
6.787435048990286 0.37202023501089254 9.094886134552045 3.9278949165199637
8.427029709023664 4.161163330243705 8.142977142518614 3.9875322169013163
1.3146817452657689 3.6187515298064685 4.106934935473123 6.89935006048748
0.3523050958063223 9.031764484774733 4.745137989054233 1.1220058465311311
0.49846280383608743 1.227417960664587 7.952551170183009 7.856877623057663
2.428328695306165 7.821419010560824 4.771403573644674 3.4422636096813397
4.891372433617099 7.881384182076758 1.619114208190961 3.0356215975213843
8.803718327394154 3.83243125329782 1.5613113353055224 6.370809856131862
7.3209284834961705 0.22408706198308703 6.260842706940799 4.36058436816339
4.771151777501486 9.953075439437077 2.187041630814094 3.45045540228031
2.5878758507636084 3.440083373358958 7.926745788118976 5.108225701762882
3.3878998017026807 4.405565046043034 6.361070959505408 4.99190102150708
1.0698358699027062 9.01515310333696 7.432060254966388 0.41390700909865696
0.65571600003301 6.267949340636364 6.4861373533113245 7.819519798077996
4.19936085449284 5.314131662474044 4.060287764880408 6.503962424060787
1.0100984139507858 4.153058379400302 7.579498910584836 4.949269344541074
2.5250709757383607 2.7801261868630824 5.756428979385278 7.297059152798508
0.6477951145260112 0.8091768058154676 9.294090375803432 9.806880841813255
2.324399103055335 2.9590226236053327 8.422859983978062 1.8215298541056755
8.570366404978644 9.399723965802632 4.15113233875044 0.20264408878345108
3.1677752743516523 7.197866985189697 7.392515273984175 5.731270439895166
#
9.677340549772453 5.5693954989592065 5.718785446758565 2.9076278309471966
6.3892954912593805 2.532342446265356 1.0984136787588734 5.355565515604234
1.1052848958073378 4.9450734851404725 1.733600989585649 9.378529430327129
1.7213292825667486 3.694424476717697 6.790429998128775 1.1996630935579682
3.87744836898694 1.88165135461177 4.933313915129591 3.9448363611695436
4.604521119258022 8.407583409305099 8.395004209863256 1.0598288990580076
8.690444504618748 6.0058734017321544 4.537166976343646 2.3577039017127133
5.448802427132335 9.957149724989932 3.8688256084729975 1.6743898050450694
2.9557906373883105 4.312141524432725 5.824547385069203 9.622666017728083
1.284455870053371 7.209089245032307 7.131949971332668 8.44452777993738
1.8964511836055782 6.2111370192750215 5.470751357572328 1.2963335655970338
7.854379046872347 0.2215799756514789 7.244573385662998 9.967481074858803
6.774508341919749 3.5029191979330307 9.462150927635875 2.189697617045533
2.821486562763221 4.338855023469975 6.072127333940502 2.6207284752909854
5.354114517221253 3.4729668598442727 6.843546145361277 3.4999693834572025
1.4038025281517301 8.740503958051676 6.830134200905481 1.5923115231893745
5.429166949535526 4.599877737264586 8.788925595567312 0.24747998353500833
8.199250498704902 1.7598071114881444 1.6740373024307273 9.479296081031043
7.251933896937858 2.509170043994479 0.38489267030611884 8.217481673082215
7.3701856458839465 1.6680799764390284 8.723767344694064 2.2739073286587153
0.43587191796066893 8.703707090475064 1.4220233852444268 1.8808726877511646
8.089098293017386 1.8133113001853483 0.4047420563769384 8.851860065921644
4.005272497366013 3.7489941255885624 1.2751054136606639 6.9928141389840315
4.6402515677712515 9.04448166522069 0.9472796281094844 7.744450036598009
4.520742550741588 1.1427708616463397 7.256120116730714 4.41322429756709
#
3.359357593932505 6.253965199483551 2.403185652488187 3.193269528970883
2.121130439446105 1.7598401009826543 4.165272578391077 9.78471913697075
8.476037935802257 8.639535693868421 0.5242834497648943 4.453614885593675
9.642721650375222 4.154017467355359 8.23005074425136 7.252308239648656
4.663208381206078 4.711529572718201 4.131063802582459 7.817116262616384
6.396346636127296 2.3295576669926654 5.311624898845708 8.182212010266309
6.367192679764049 4.968584128846085 3.506976587664563 0.10984875519290682
5.565053791509721 3.026403449470271 0.5948581943858544 8.197625217504712
3.496661721017831 4.166327052823344 5.3196722148847 1.2466015799195969
2.4746285933825716 1.6713408630390973 9.785902517530113 0.14816484292926368
7.283038267268109 0.6932551635064312 9.562981326066186 5.709157712189285
5.564507655406954 8.966427859667789 2.395777821388509 4.102743105253378
3.2418564020869916 8.023815764503976 6.22962082882403 2.6499918995192253
4.653358624480515 4.861720435463758 5.142128683950782 4.920533975812265
9.125700606702758 0.21898021585517036 1.790656848191436 9.673227360035114
7.162842705941955 6.213544549342139 3.4726286230195846 3.61156298480033
2.4396553473523013 0.7079058067775108 5.3136356975100085 9.370634817476532
1.7866038817997563 5.2134172897002236 8.811043668622395 6.162258662123293
1.7359743108008923 6.220674053479609 0.9999394498648906 7.846521814585785
1.6140390054239049 7.979623390787659 7.213980707471254 8.774906720017295
1.0974253907677305 0.852262991900151 9.392255454962667 9.97414631501868
7.917619790292257 0.9739416605848676 9.550022768182686 1.756800876955222
7.052265642956426 6.909337493954072 2.235802355708042 0.23017019615046852
8.446958777447454 7.565836854957937 0.5350334195385296 9.545445948349183
8.148340830485882 8.184179905530574 1.5851652453968215 4.472020547935278
#
