#
7.091501976698987 3.8046588311331946 8.018691017564548 1.6812672087762657 0.7156003320742395 0.21890264951365523 4.904066526948955
1.7551553853100987 1.418844981600727 5.698335874091912 9.258577572207102 3.9907282193984663 3.6223908874141957 8.010842062616916
8.407922280011215 8.921249332411971 6.824152457801195 0.16026093943749053 6.162604694537028 9.2141656219643 1.268411946184563
8.273227227321646 0.8787277466451577 8.758907375300515 7.745159905426009 1.002379715873948 9.027329068905052 2.499875111004774
2.0038812027903923 1.2937580177662324 6.0054050924385445 1.5749202393984696 3.7299345350311914 9.787651096735534 8.17271790942706
6.241376323553588 4.4302185641322795 8.561670711220165 6.2311805989549445 9.138573934042029 9.16904420166254 9.403566395969495
9.692586956299513 3.5765071705278255 0.7075301133230161 4.064711305269671 5.226460252929586 4.870541202095463 1.783839577909987
1.5167942875220422 7.304709094333162 7.612946440899499 6.8030139044283455 1.9006104830304649 3.5943142321296766 7.358612192680271
1.3391595721685228 9.954545809236482 7.387026591514476 7.5527950281050975 6.301994351449421 2.0450278753636 0.22316387015701267
1.8272552578657058 5.00150926479872 7.428356531886001 9.398080721555296 7.634974740209285 2.281844761928507 0.6701518036006364
3.5586712638634888 9.459806389247488 9.318284433583795 5.8792574720990975 6.937825466829311 1.8866059908262929 4.155713468977649
7.801555893465773 1.7924446888599643 5.142135834133284 1.2232777791035536 4.5419666573619395 0.5507150098683109 1.581459980255798
2.7627424220584196 4.81347698777995 4.054895549943879 0.7890901429436843 1.6347729626541891 2.5368698164324437 1.2454128470959631
8.202161224594377 2.1044902290810104 4.6184873619043465 1.2433147018759776 6.041103247574322 6.543777563002374 6.193525202372932
7.81043118542536 6.86601975444146 8.671878117607413 8.356849752670819 1.747062367572696 1.229947207490901 4.718816581407752
9.54246064573351 1.2472367475501343 7.411822027587756 9.29413049243021 2.333572867881407 5.23017548268665 6.594218380247294
3.568043424356273 8.265569218205188 3.5741579229766867 9.224069348507111 5.456734545018229 3.434082544661146 3.365324481161154
8.32820598557084 2.9439963375902725 0.6853725206422085 5.8162992254286765 9.746867559849488 5.207494562109349 3.462375265921553
7.913491567192481 9.008275653505297 5.980089629262241 3.3714368453299244 3.200695659651117 1.3574716205958905 5.696599735097633
7.150040048314268 4.575785568432367 6.425437096011693 0.4854351966724346 2.366708318776616 5.421166918746001 4.394050801974733
9.178471014259493 1.7640020396593026 8.956298798650106 0.6180743805756963 9.126907927234868 8.124679348355784 3.1590688437943037
0.3961886494062341 7.16691998572017 7.3628575201874735 4.982793705894796 3.2006209653687243 7.503558318189708 2.135878108066012
3.553833847307561 6.972414359432276 6.21332686293482 0.9378502799868231 0.4686979724836293 3.2419812628980678 6.095649184669751
8.80437083802055 5.922611052420132 5.619516194558124 0.5512805450477822 5.867451525017957 6.076030549878727 4.025881008309284
7.535599466153792 2.912712299908211 7.793638205026192 9.407538956230866 9.855588698691127 0.2762689048718352 1.953868165613121
8.965747820147254 0.5684922029772981 5.8730629545923 2.576293488644597 4.872082721051314 5.2876657137269305 6.283676724865492
3.8840147628295267 4.770961862015762 4.599121081072167 2.6367214327879993 1.3092120976790809 3.2324680649401776 3.578436823149313
7.071941663609339 9.227577377408178 0.5719151672958196 7.277148787334363 0.8842578319446783 5.610828895694769 3.9029400350649235
9.301234440773548 5.693699828987871 4.053213569778766 7.321784078206816 8.121501140639069 5.548227989882749 2.2446971343352216
8.46592122048976 4.159293672770563 4.67921139091002 9.197727490693268 7.938201858007396 7.155650666520383 2.5164033779097723
5.4470264596392 9.371925388537797 6.835929140305596 6.338397597099747 7.54171436354325 7.760178414292209 1.0147791096625793
1.9913410919349035 3.557088450413916 1.8037313349204438 9.885406808353823 3.925743746542312 5.194864903400854 8.460720502284989
3.592085931459927 7.167598642226681 0.27130308698893035 3.8616954335737264 6.112308061114119 7.520322760094498 2.3666968996908273
1.7980655575050188 4.248184741637247 3.2069669275211554 0.8602284196788039 7.372147370600642 9.29897609181911 5.203761311679557
2.4880620575365753 1.843111550526952 2.893978794092307 8.210985900545722 3.3863766330379006 8.358880162473973 5.045067277642681
2.5919519665050204 9.7093798398877 8.391767839491779 3.3102796839923316 7.189464548029813 1.6498236865270468 2.335973768701305
9.489882179778043 3.3756111527619908 3.724257603607666 6.327699962881789 9.355113080517647 2.601520466583669 6.653974686680356
3.2459105463456153 7.8188511684231585 4.242725946100597 0.14370513211323477 4.625308304088029 9.761199263951555 5.3221399106718925
6.467594145615025 1.497965247707433 7.059077424977225 4.857958300786083 5.945597907224577 5.23824472180294 9.499524837068638
8.08506736956422 1.8769737868166931 0.461977049874136 7.376199147600261 7.710893218210175 2.7340819043535927 2.5489358854011943
0.6088148734902061 8.826443626586451 0.6081189869339854 3.4257189932455585 3.825744438119173 1.4037230232855586 6.327865813923503
4.19639028328154 2.1430880459940727 2.2774200067919255 6.715156283570723 7.11445995647564 3.9541252227276855 9.376058525947402
8.701905730844453 9.381247940317554 2.637683756995872 9.689034076253659 7.145400808447832 3.1619038588860775 1.2664719048227346
1.8430157675857224 8.316803489035648 8.515846445496624 1.6370407598994299 4.5263745272942755 7.2153318637668455 9.496920331229205
8.829383757659091 4.34656922214119 1.9648211526253307 2.3802742549288722 9.744626943439858 0.19243959587589732 1.8046764175534888
7.558133881750548 5.511485004532497 1.6430049018452415 1.2442768024965831 1.2717284714388026 2.7518644935222953 5.873845127393455
0.9097271392959465 2.820555863476022 0.9847068965282997 1.2515772333372328 9.014928107700527 9.721120121462997 8.928031483357314
6.84617938331705 0.7353985973366992 8.785940244546147 2.099874198494915 8.65566124783495 3.6853131641948855 2.6622822864475384
6.51623275959078 3.968198745771823 9.029760236986856 6.643878004325991 8.191399766584253 3.1057548702358626 9.346532303699416
7.096065441227068 7.620624570564978 6.703068983031685 0.5237366866957709 9.541599620387796 1.8649287073907739 3.0374759519443555
3.1438337387968396 5.637983440209176 1.6875298881292178 6.34096445960248 3.0680186918047294 0.8228409474885181 6.53509631943542
7.7440741356914105 2.0532782201662836 9.943824578494258 1.8391916485245314 3.2822409302071294 2.254736903357491 3.071937492005978
3.5286386763860094 2.7861114843134094 0.927054610819801 9.70935328371342 8.880871237612066 3.15980267103524 7.363544804396467
8.870849828100962 0.5465774859992267 7.64809648452748 2.3966258971129135 1.5988668436996791 6.160977027637646 8.307060311980793
1.5639159126006796 1.4795075655983543 1.9390463927968042 8.842880029089955 3.454443136510542 4.541319134806124 4.062607641823731
5.911405621553167 0.4940977972103502 2.0230862841180257 8.102625138278265 6.858843741847399 5.8652266058174956 4.180962250132803
5.764507853499266 4.666720967138354 3.833410590883207 8.986567392860671 6.363892893589543 7.300260834873249 0.16457753135230746
4.9757733261738375 1.0469440834822468 9.327546351723733 4.31520605761679 9.180881725258864 6.409621768225827 0.4626293760986595
7.642793646872228 1.1999786305124815 6.335368116406111 2.4851654453052126 6.900403905648367 7.775532460800729 5.601527716091724
5.6494244974803705 3.6059858401436324 6.301929598732835 9.5816059955935 4.682589282801512 5.787071759565052 3.707209480171373
#
1.695314088055238 7.66468417032498 7.213780532326498 8.723908075591062 0.6780427030585798 4.95654533291388 0.21212993302897765
3.6931794828835827 7.146007755677218 8.854277463793819 4.873995860485359 3.451291102334226 4.601650984830141 9.968141722217702
3.121284969819543 5.822831085411094 2.310087809935232 7.895858896743939 5.5955663655292165 7.853423432587512 2.566313424337728
7.880145040696986 8.642674114576698 5.428967085568925 6.037085087035569 1.205449213938659 6.414752459820535 4.348599339206377
4.739186792119682 2.949404295836436 0.7038555487882938 4.023895099287362 5.491703079580725 4.338400846274663 9.453129160661048
1.098685330373394 7.161203721377813 7.47045708075642 7.518484527004995 8.509467111215802 5.7668483096912615 7.379431657057589
0.6814217566818508 7.332893336583602 2.1390219110038644 4.347608504164407 6.040578780996282 9.359151380045608 3.0186895573671646
5.737280043816957 8.693219789639866 7.132650815994165 2.000839980307696 4.693382211295744 9.42673942520673 4.115556068640564
4.2820943254120865 6.330924377097032 7.287122950781399 3.901178538508522 3.6678909308551555 9.400558965129441 3.1406139715087162
2.8687522010921387 6.481226521760976 8.716699453831348 3.1848019057500174 3.2942479583072117 6.321616257068611 7.768061419045101
8.612895333222788 0.5192757219470279 4.508939056205316 1.03373716855043 6.004311116820739 1.0710028018152808 9.148981575574489
2.4372036991378296 9.13609335086916 3.9592080551221054 0.5383466993198605 4.501931817422605 1.0597851013089024 8.233893063777101
7.236300995616778 8.162304042026472 4.4890037250330215 1.1586498703129235 9.758479638329819 4.200664402835692 2.833648467688739
0.857864410757986 8.600972498406417 5.0261447091997 4.732588277776396 5.122872331988269 9.868723438731099 9.80287025788633
6.703073929611843 2.774266365665073 2.4853214008815865 5.412979383525201 4.769594443780275 2.4122061194298334 2.029976017419243
7.5526867634623045 7.978859598242877 2.203341937822602 5.207857672441252 7.336857981394711 1.0856317432913065 1.161412964065422
0.6787611534885967 7.140168499897738 2.8183702956345793 7.9830737387838475 3.097877289202967 6.440289431132909 6.852518056985577
2.6935329842715365 7.564037456902218 5.082518495254339 8.52895709112728 8.0797333610779 2.3555543014559785 8.294365388840522
3.8522639509994216 5.884477750732209 4.193940089536817 6.798393902286978 6.863246537026308 5.919019487167015 5.325442545855288
1.299614819383624 7.678378309572204 5.934839643976846 2.9042254412673003 1.6415384252303133 0.6118625776986271 1.4775396334537159
0.4710275397452115 3.4918248830227703 2.3083107590811114 5.753077261034184 5.965450944452419 9.765837282155601 6.436815620303809
7.797339911211129 2.018633624368494 7.849094541067978 9.956233049464931 0.8471138324581808 7.083646945709746 0.5456229919557511
4.672959381510261 5.063401809268026 8.037899978246516 5.13275064795342 0.53417901882999 9.640437365297796 1.01641937120967
3.1720256360299013 0.7238497087671067 5.418047530615713 5.953200300737098 5.875434122915713 8.781612867426968 7.709120830418337
4.523292268480475 1.4841507309195934 8.249486745125495 8.160889126479367 6.669566404148835 0.7652176728041882 8.161561603218216
0.9788210954118561 5.423337303398489 3.835868663197818 6.041945233426976 9.905949591555622 0.693807728319384 2.8807555457648713
5.337505634428818 3.7575375610281565 2.893466122318866 9.991237613847767 6.949979594605971 0.3451825067389711 8.58941589722862
4.698471749003155 6.284717996123879 0.3117386921219847 6.358037525696688 6.503579750995519 4.671303987484729 7.917047480649093
5.565508261443001 6.791143421302816 8.566819773851154 5.73119885278428 8.274253933137341 1.8576596479182266 4.995646075961563
0.4902680999925977 2.7447544506971613 9.642489882580119 5.3196926604420165 2.3147132150513845 5.897141662088023 1.4948318358149448
4.833353006090818 9.461530157181326 5.929853749340366 7.331708271052155 2.7907437583992123 7.198113578895134 7.5465966151088
4.352637396706882 0.4101160385785887 8.57362954589157 2.891830330212095 2.3715223162950765 5.419821218440733 3.749781659874083
8.679862900667327 4.09889204738403 9.637838280873336 8.633468482802499 8.264408645852098 7.026019625709397 1.8786651023264658
2.62386420834201 4.145468241697053 9.509124994338286 7.864105687689527 8.058576247656852 2.0527878448839267 8.851628155215092
1.228777083120955 5.943473662224942 8.44267143166919 9.420771235639876 7.20681776666474 4.947998829488176 3.3311402584615024
7.901654384739617 2.178776183498272 1.1852590509073941 2.9511868303411606 7.774238100281041 1.4308642516799415 3.9475535849569257
3.3881235203561655 3.982331524051803 6.730412414991393 6.470609120796576 3.517131381963177 3.5443369988804534 8.59273227957141
1.4466344701584037 1.1589107321130365 4.882927860629961 7.866972493663656 8.301302220684313 9.899610440747256 3.520712729047684
3.044731480929705 5.548312081745433 0.23854399800499504 4.341672981388791 0.31105147936871447 6.434148694431444 9.197245454985474
7.763576099419402 0.8636262408023754 1.7577968498942895 5.609373241164575 8.830991649762957 1.2461486059464857 0.14072329855773624
5.218710079758593 1.067899366751755 7.490261597242267 7.808996013332855 1.728330878652243 5.754137836863319 3.8640281241419787
3.414177821894217 6.670724058342335 8.815021403661236 3.9413268754937048 2.117790179366197 7.645755244627538 0.972166167926547
7.5222192295995125 3.260099979795073 4.574861173384092 1.0233699824831843 2.2053533127427456 4.447789607475928 3.6517535106283034
0.1082381546865765 6.526277193980356 4.415144412001861 1.2386579737972134 7.061411254227025 4.381207234792226 7.713609683644867
1.8140944710616238 6.8279372485536 8.765547997810772 3.5913783215548323 3.205789519277352 7.484853106535704 6.720708082190414
4.184431086721465 1.274365395126949 4.329182709748666 2.8974228355445484 2.3842285870654107 7.179831103917637 8.139578297964665
3.6789995622655836 9.837188884193822 5.658917019378607 6.431034485688674 0.7062983825933875 7.017854774223607 0.6071476523897488
9.916238215511255 6.3312132034407025 2.643211014031714 5.813909444041529 1.8613295493906663 4.734310879368407 9.352910079784436
2.3544663073738255 0.9507497923916084 9.623205904912485 8.720695336319203 9.133176542023005 4.3640381898298015 1.3974636885215208
2.329542884877776 8.528358354391148 3.525585500052102 9.701651960902765 6.80274276913906 5.648082704189719 7.413791771480765
3.4918529051919123 4.853886239580784 9.219077617551452 9.989047650326754 3.812253924636695 6.5351868953288506 8.204111901334048
8.633485556110621 3.980493588310315 2.745322703499189 2.1449941551068314 9.96498142222757 3.5675185221288164 2.4499931305414044
5.973251832747658 9.575870233058435 7.424804864282441 1.8939234119942228 4.5473189377685355 7.744666208604972 4.534747792078356
4.36495106437126 3.203416659066783 2.4157963362442785 5.378693188896564 4.72343139033146 5.999949860468029 5.450558407767805
0.44007728788770617 7.884553937272763 2.8728823419713603 8.365968298356973 8.241486237196131 8.911024430827476 7.8794642312986465
5.368213727445857 8.384975899112172 2.073964636289506 5.108517845035186 3.6261954621822095 3.0869214278266113 5.043163618769768
8.334130976694667 3.974624996498372 3.872247560886258 3.4331848809689243 9.294694474023927 6.366355239417486 3.774906887166413
1.178021805367437 4.124628331762419 0.5113995147080619 2.51758568893829 8.415685845368003 5.108314606514367 4.12041913319156
9.601469569083179 1.1204343276960849 7.2326697378611815 4.4378881652112785 3.6679874698440513 6.229589660297984 0.5795955305289464
4.126445464667968 1.30027019515407 0.803379081947118 8.083917806002757 6.43329693527969 1.2501993733458683 5.931239771419493
#
0.18198999600298382 3.574691183218893 5.966699739270075 1.9938165740910487 7.940406343175658 4.752208161890089 3.839983892880842
5.334546371662185 5.726027703419334 6.4596172042446245 0.5310799725309661 1.3972064179478223 7.5404937614664655 5.03780636873278
3.1342246149862705 5.9361447989209895 3.9616522120106152 7.18260081539224 3.4848065063671223 9.465124237214942 8.905679692457355
8.388193649504844 1.1352546322125132 5.649952403153281 5.400104099221086 1.6945912834360706 8.830079556624424 7.9053941514704835
2.4047030101890448 6.784178896908224 1.4512605806117085 8.632097749943402 0.9218435868555312 5.04976409929799 3.772698347462038
5.2752287826326745 1.702010496741163 9.385620007229882 3.9862754928032578 1.0998762137838347 8.391082991692489 6.063905112727989
3.658994902905308 9.074138981062951 8.89729662440887 6.466833856705771 2.9938461952479196 0.5428598889831591 2.0886718632743393
7.547844033827503 4.141868910820192 5.018604145634129 7.741283921033908 1.3930724737800357 4.023261840216177 5.714302720284159
9.930870828889514 7.3339492193851505 8.999161976028503 1.426171828009228 7.372107168687998 3.6240951410201596 3.7764462555354568
6.9033219569021185 7.985276981544512 1.1683548692656571 6.849865795671908 2.772818490588762 1.024193018738691 4.15214545414833
3.743904308973323 6.742036200685435 8.472974322322518 2.091499587577185 1.6809764738732422 9.592058820194113 6.247532976441442
9.45884663053063 3.127150966175168 3.5455507803930786 5.609157023057145 7.567664858353712 3.556424006681522 7.5356814005146
1.2195138303724842 0.18500689357402855 6.648618307942202 0.8232136305824884 3.8138426481661947 7.095084609986536 4.380486435543393
2.157902574121929 7.921180069463137 2.9184818310356886 3.118769693739891 1.2177621555206737 0.7394845347827026 4.3226487383648395
7.0982997856681 4.208449607751902 8.681434926607515 5.353994139680637 4.27635176305807 9.115256732507902 3.6593962466598944
7.7728226269182805 2.7159841700843494 0.758315012931897 4.387312093804896 8.585430069252716 2.7250934126961726 5.778899462853768
8.785030053051894 7.45217261423873 9.437778228239104 4.353187220847045 2.060798439595568 0.9997799975680604 4.186837226859488
5.056665141043873 5.262386856626809 6.959870385357615 9.754582048953647 8.428727681440936 9.990514587946356 3.6491606405468566
1.148462300886973 9.919236366327208 1.865432465638833 2.604825561227003 7.841109073416122 9.294521638761395 6.237645119984552
2.4021723365532632 8.480487896369418 6.04687648978943 8.484721952312329 5.940197880563838 8.617827338717838 2.141729863987241
5.334664743832467 6.501285070262683 2.6984335123674086 4.753819022864061 6.902988664352565 8.283123031499127 2.8867273012028836
8.813813569108913 6.942411112597307 3.3533245871084096 2.443871212050754 8.351688542566656 1.8010453603349261 3.1056588291320155
1.7906173447008746 7.101596365555095 4.680980019208738 2.6286072318858014 7.92785842751103 2.3451664623793134 0.7384338175385334
5.777311767364692 9.812680036286515 2.245367727869974 7.324653362081072 9.380147701951245 6.538024531232199 5.415819252996197
7.673775283927977 7.151383757079342 6.575527708680725 6.449320680973893 3.697790403232861 8.634896352580958 4.0768580754117245
8.80549488266825 7.680448075344424 3.6006632276928663 2.037928304259648 7.2223769671685005 5.1915359679007755 8.340574930000718
3.068439902555765 6.449856075667743 0.6040721565145235 9.554273641576124 5.551125989738183 4.870265424489105 1.3505372574321308
1.1950762768380985 2.018202057147445 6.333947963845904 3.1688344187612723 5.660068728916828 8.233022654681239 9.027612874907817
7.13428434917803 1.384929121247243 2.893783973516846 5.5131875293709305 9.359221519601816 4.7319524716543855 1.7046216825383298
2.4485708458345776 9.815134127825763 5.093018519818554 5.802024994779384 7.730291352160343 9.09640509654917 3.465033552566318
8.396693863451176 0.4413962038213839 8.13087378288174 5.489501962051611 7.935407588813781 1.6110067817524554 2.7185631132145787
1.7039756305874265 1.4834275943770598 8.890793395121767 8.319101030302491 3.0947626863012 3.0191154957211377 4.900439646432744
3.6589997711146713 4.2073775321611615 4.713773990111373 8.37688186255444 8.333824284114835 6.270152795459179 4.798365720163185
3.2862010802226607 2.672914229804397 7.87237706813551 6.873256502096368 1.8153363876895363 7.504772051296842 4.653051125142502
9.75857821034933 7.426800438267366 4.6912408399724495 9.540263285392491 5.0251792824303685 1.3597945424750897 4.725326433027006
9.483764170607031 3.9201551182591716 7.534536772008179 5.1248623116814676 3.4954868114193633 6.313717684187861 2.165442042801399
2.407932606096829 2.6058353988816574 5.370733980070971 6.077639486158183 4.974072834366018 7.076621190674282 9.057887907048661
5.507568606165603 6.625961652345946 1.3468746421385727 4.528788582882561 7.39061790782507 8.6521474218001 1.4178560966085305
1.2276283977733988 8.999724251904926 1.9697046189381981 2.123084202612071 2.194735676665961 6.597706094977378 3.9395995693489905
2.9661755744405496 1.7756825842488744 7.104990494031224 8.336077610423342 6.2410631976535225 0.3644428809672693 8.144730799690524
3.892553509851581 5.882186396148099 1.601127419306693 4.41462725695796 1.8786826366392617 8.046758164627654 7.995093483697877
4.672624913398788 6.907461914875885 3.131651577325922 8.352493943088337 5.292892174432727 4.515540841376767 9.307026982949354
0.9258828383581434 5.692745254268577 4.000430887972571 5.176379332813988 1.6815000345770965 5.3798686885810145 7.449310063337746
7.527767296386363 5.541827050617855 1.788074574302433 7.60742402441274 7.936729157829362 7.712250360651465 0.8889830053874714
5.065110548449473 2.0932427338425166 4.690173123180906 9.221201954752022 1.6473618454992214 3.295514859083461 7.551425413182337
2.6656888274745287 5.27301136628329 5.3039634990398685 2.1964483251670486 8.356118878164821 1.282470182313693 9.056887621410864
6.610671766163007 6.392789971233064 0.8817572964894946 1.9758464251705083 9.087113611874429 1.557619466960341 3.3227070054441468
7.738860147467083 5.958440545482663 4.981214716478999 3.545721508864248 3.636223724527802 1.440814551219999 8.402517846145788
0.8679292837898078 8.030624711346027 2.9375215730367974 4.338282554780198 6.087459819260393 2.5448661522695013 4.5039596479046065
0.7256014850399453 0.28600252760481126 1.1092123144909762 4.790836677104429 6.349801054829685 9.623302821925213 5.4008043307463645
1.6036269728219197 7.079489460338253 4.108606543033059 4.6128489543364495 8.423063040402035 1.6700102007063125 2.2891359219651517
8.125818878150502 7.490042516295809 7.1383710196214665 0.44680330459885287 5.625503407482873 3.784121851980249 2.629238397995764
3.030524538522708 6.230291463849202 3.032218495589266 8.582134256938504 9.74481439024555 0.25103614823916764 9.258144241643173
2.3618570259799845 1.1684835471954385 3.25747575678571 4.386525707421015 8.288974033677711 7.496845198084332 5.537550418588228
3.686143558084998 3.29169541460967 4.180441918766695 3.3140164841581172 5.1668534111270805 7.27896715573244 4.6957376593597555
6.968825926705922 4.326057879458195 5.572420249744882 2.037997307439334 8.397279791172426 4.6926790523907815 3.802957986656799
6.356873230730852 4.982955306473411 0.9724618217494481 9.667125569008553 5.13080094162859 4.3413699123057 7.237364708582723
3.56950202009629 2.1166991772285426 8.839228867457535 5.606914705540266 8.927481085266331 2.173051482770371 3.730047220708813
2.679532341456397 4.3407303167252635 5.407884454368121 3.591204799395335 7.590315228151231 8.768320281691459 7.894928236642137
3.314984879797554 6.001257834455757 2.3327166715596603 9.300282694317932 8.544098190356534 8.773388569388397 7.798857981164208
#
6.198089517454638 4.436061441103476 1.872132020681661 8.334807528714837 8.270813289289553 9.199338994768759 8.750557531858924
6.976714677882081 2.81288104612913 9.352691134834357 5.695312423339419 9.351916494849585 2.5875261879380616 8.949898442556126
6.413222698788909 4.895427912484255 8.962594280790675 4.646012123137715 2.058306660924178 0.5987429678320746 8.577826364181895
1.8225398946023867 8.771756246341802 7.068032095026698 1.463237046406892 8.67930979417388 2.2627932527830805 4.153356866096928
0.29726707310119327 4.157769655857181 2.372626401745394 3.899726147891424 4.13203229042283 3.1634307178932777 4.833412747686592
4.948165913717394 3.5197756909462097 0.3720502925156728 9.599948350468173 2.08928149355093 0.30731020284753985 6.042286346920832
0.3125952802977041 1.0729741315643704 5.108784190485902 2.7725270987540775 8.531857647253632 8.919493773595779 4.522068015246668
6.7930345500686755 5.169294230341746 2.0144530403577843 5.442680810599747 9.536945676777266 0.5718042472661011 0.877151357295725
2.168668363270971 4.988838401492415 8.786490543521124 2.72514693764391 5.294710365344004 9.173840842355006 4.087311667585119
8.643771229636336 8.167349924896227 9.390857416796699 1.9117229315595985 8.472642541868296 4.668255939827826 2.7952932913660287
0.765245519791554 5.4533864340287135 2.3986626019349 3.5658910972568885 5.9502548404504205 3.5313549159284108 6.450192680535883
7.922928899916105 0.23579943894543653 3.9456674811420185 1.194908422731074 2.898970688704627 3.630581423775428 7.552779155714154
2.59532585918096 3.9396010653091595 8.04743260063637 1.5648039551253436 6.251734453184002 3.626669520204111 8.49996067850151
2.648108534072085 5.538645763389916 5.518137569368848 1.9078568149725568 8.271491468656224 3.151058804593295 3.796794146706069
1.56326496939018 4.994328301014455 3.9605754779676383 1.9360356519431887 8.157992341371251 7.92513838929011 5.517563104528832
3.718155010432972 2.499208807118518 2.6171535315614083 5.820381942757028 2.387408064850002 4.01872174401505 9.56242601827542
0.5095460915145331 1.0293911322670501 3.1456855415589375 7.524981429002942 3.029204721324892 6.365575078901736 7.2034180116265585
6.445787234580095 3.5952568852680864 9.093138131602466 8.211416734769339 5.197575668512744 2.224960295640621 7.492502840618254
6.8914294654134265 4.028830852750416 1.171992793148847 9.988018519626468 5.417067955612919 2.8294747342074924 0.7256587879209908
6.115117306044585 6.9860670059537675 9.151379311597296 2.426261269132667 8.878280757839857 4.988544577858072 1.7217045173215917
2.9425898976141096 1.8115501793477562 6.405649901776493 9.48440271509681 3.7007077952499285 5.386954113756529 1.0232825621667505
0.23328254473937715 2.891981788687869 0.35222608882519957 4.69935342966331 0.5857172738378207 9.209657968967143 8.001914223039503
9.82781480592159 0.8639845059751492 1.4643367961082454 0.12040473880954128 4.304018949380614 2.114411782674587 0.9390431411073177
8.230676689483383 9.424574883788493 3.896870767918152 2.5057290359529962 6.09900117270858 3.2164761931091723 1.5763090597759715
2.299995626986491 9.978370141267863 2.3354045385693674 4.312307790378646 8.388278080205964 5.310332463020536 5.369458675179504
5.849893714813491 7.047686123940554 0.5080888880086336 0.6530522643129926 6.170903993426101 3.9557214767685442 3.8923363397694972
0.5063309872886927 6.597837900823876 0.20581021126262122 0.12001627091551548 8.914989504372931 2.8134449101666554 1.6774471603863512
0.4590418607716078 3.9126395549771003 6.5565651665224145 2.2519958456284352 6.756283960446316 9.095162066594968 4.345175319187151
2.1002447701874756 1.4057991440072182 6.365623896991746 1.1578970404593028 5.864093246570344 8.23502445914434 8.94133053237836
6.990726859644225 1.4280415592431184 9.958803549294547 5.38394404135969 6.150680511281984 7.346956304925717 8.64669906110426
7.718121227521477 7.4309525091389546 7.462608100453533 5.31156527019608 5.631986018335909 7.70362854058706 0.8818825768148244
7.672056031534927 8.77230297253055 3.2485794130476604 7.147477943379776 0.8015512122426998 2.5364630051624175 9.609713830929184
3.396496978762209 9.70171120922354 3.373407234629478 4.546532251731616 6.92838305844422 3.409931454821473 0.6305269835238638
5.496011882821566 3.3306286792691395 3.2607814876154952 6.672270927257433 6.527998972679022 0.8964795983271854 8.77801157728024
3.912786435676456 5.8469400486436065 1.1417926419972888 3.4891557235827566 3.829513308075143 1.2337283632214477 4.470174293364439
1.0334694562208533 3.3268749948071488 7.344556978436782 9.146035140262924 0.9470513870001422 6.965316821358939 5.735854658853694
9.030271463510644 6.986009417249823 7.577456459339581 4.414300121125835 2.2073780821537077 6.30416020673098 4.067513157990182
1.5099513554153847 3.112451177500759 7.970994468946241 3.549082426563623 8.564510327138592 6.4548024253232406 3.794792897753602
1.840985438458385 6.914546602443919 3.8502961732913494 0.4709565035349117 6.759099113151687 6.432404543175922 1.3429243345728428
9.772062647790197 9.506229997928308 8.021076373306819 2.595227100454556 1.554091340560487 6.673158577928124 1.4288984770371802
8.914699135968625 7.006708755334072 3.589778365646437 3.668125185770477 7.227970106382381 5.991923153643013 3.1719791160481927
1.7846472189143872 3.579126534547919 9.119156401015157 7.486057158544673 0.9016722420350813 5.359431108950971 4.154635882076024
8.047616873424877 0.4870959683174956 2.376298488379991 4.827001504967222 3.7994000424745957 3.2143155725356922 8.712946629143076
3.4232426789759756 6.049967387830831 5.69182248426178 9.344398405261895 2.3161001245645103 1.422492789424139 8.312616732172346
8.984668569926793 6.67512912627429 9.150082159694303 0.8298172897379414 7.4102725194208965 6.931303154253705 1.7970492058543135
2.854136744002843 7.682276124840667 5.451156063447975 5.039141509725978 8.398063559049756 0.5611280889509072 6.4279935997393896
0.2302711999696374 5.878640929057412 9.905592584925609 2.2706019297522957 3.05198697994975 0.7797139509650206 0.3870490865169671
5.259088932911188 5.4365063698465255 6.417899286949052 5.058354875307613 2.2646607919397437 4.39459132765061 3.900545095035467
0.9282228957810954 0.8783368169861694 9.470592679274407 5.5206027204102375 6.407794078313232 3.5996841667102846 0.7330960380339748
2.4135106266624082 6.259974164913868 3.3350277149549283 2.0181604422554744 0.37025387024512746 8.360733050902079 1.3706272671978512
7.600385490327698 5.0967323389013135 0.15418578295600227 3.570567302783152 7.44516890214178 2.085804303557566 0.894210325866986
4.542085073327665 3.813260761150918 6.351635565306441 5.6124662436923165 0.5172776885021655 9.41526758204337 2.8183919490241425
4.09615132157834 2.7151669885882095 9.298862640873729 8.057696789039229 9.083673641093466 8.71450909154129 1.0874915329593908
3.1743544103634433 4.137191771759463 1.43640319287926 9.827764339739868 4.464905908893539 3.6747481218363967 3.7800542417750815
3.6286076806668675 3.93857748049511 1.3290234047637837 5.29039023521831 8.283347510810323 6.885595001777539 4.960999357237247
5.061833630411847 5.286047780941251 1.0272453283838097 5.013950971901405 7.578976758250263 4.789957999889729 7.479393939890292
7.9072568339429 0.9541397948758998 1.5490511603185557 5.742651559643599 3.8868441121738506 9.652683262969992 8.866469532255193
4.4080400810246445 2.3236468010520666 9.854992937740171 0.8261692859875431 9.317606500854623 4.0311753680885705 0.23396922042220059
4.382152116888238 1.9630953263056217 4.1541142967772 4.302401014289912 3.0822299791807843 8.16617073717438 0.8021959641604202
6.607006749035094 6.848371370648586 7.573935798910432 6.710235734041835 1.8068319417202914 5.931346115977817 5.832195574786094
#
4.264170687253161 4.855229252228799 3.8048644253879003 7.1256703961583945 3.6592752490679903 2.166260376809225 8.414472534080147
1.4717223399369326 9.199148178018897 2.3874487323773668 9.344929793825123 9.3661763882535 0.6469239770427633 3.3115169375579607
3.003968553257633 5.070322826346458 0.5647467405336783 0.5656852331049 8.554249983514717 6.673875670699374 4.201071144955016
4.7355687997735965 0.15913352945566483 9.557237708011463 2.7624598146678085 5.841997951756231 7.3035779363833315 5.231495320629676
9.344327396711876 0.8435555840128925 8.572944038855598 6.0185936686044075 5.634877395859192 9.145573575467704 0.8650707897299599
6.929142805672982 4.669873058940254 5.390104596652114 1.9826921578805639 3.290636362400985 3.594336906644594 5.691625861158042
4.222230897627824 3.292227805858065 3.5831162971987194 3.922279289498059 2.729764992040527 7.806876150182653 7.585996128370985
3.3318269203141857 4.816599354000436 6.106320248883292 0.9475428825238579 8.469789727386038 5.137945845627213 0.8598010061098726
0.6991316039229583 4.4739881988670644 3.174026228050707 0.47246833839976876 4.320975653284922 7.866165129262061 7.217814498410517
4.44859928612099 6.576147268998005 9.83084685902131 3.9892746831847523 5.196272705645829 3.214158298485949 3.6842352730301755
2.603088126809589 1.2082704542107572 2.5716020745741206 5.903434175358488 0.8991594830409522 5.3166016471494455 9.580313343096133
5.707293697413358 1.7833399710090223 1.3823856339865328 6.20622471020469 7.51210104829215 1.45282597269463 1.9690263081851938
4.089143335968056 3.216765063248287 9.957111173474022 8.449482386186599 5.5105009808345935 9.324870599916874 8.524279511807086
9.743456411080775 2.945827455072623 2.6769258187215135 4.871335699856592 3.9503428291995872 8.087630110685161 7.2184092428461675
5.510916777085726 0.4220104247964942 1.1152310670505345 6.882009309723975 5.700574374490086 7.093625129117543 6.775697328295954
0.5932633855946507 4.733174106381641 2.6344335449590424 6.8804761003773836 4.086267286850202 1.5022674101759366 9.891221409603308
3.397919991856422 8.086300391106937 2.3110379497895566 9.84940583999255 8.347456973743965 1.848769331816297 9.113542080941503
7.26491144129888 6.818383090330377 9.18304328628188 4.208849331075058 0.6950235221174133 8.339355127767044 9.085778385595367
2.176042262121579 3.1641837436738847 7.204884907755741 7.947400185162527 6.1689294412543365 0.9441719840732796 9.474297347414376
2.2760673314859314 8.11577374764387 1.361646089379593 6.109195975297874 7.629412045744111 9.631753143640644 4.922166066051499
4.306842517726319 9.090300811487321 4.959136683984924 6.116030056114781 4.287149045741453 5.374271471780788 8.979649443768349
2.857834651509261 4.583510195029319 5.935051028450264 9.171120527531281 9.858535187018228 1.5371581040991367 9.428978727753037
9.033698028275673 2.8221096244110044 5.1179684800486935 1.1290046673684855 5.674680235196063 8.176701160386834 3.3261280450681516
1.221053422328795 6.12379328032811 5.929701244383981 6.1147390194387965 4.096773108548199 7.130450217095309 9.751366151799767
5.963041134717185 4.452059211489292 1.5846510131225569 4.442977027546842 9.817265806525775 7.901606590079983 1.71012815517842
8.27626815476135 5.29481839948446 8.055683056080174 5.634540973087899 7.886750583056536 6.7253338030947685 3.3889286235298326
3.1087271955699487 8.374295875272782 6.021517786679677 5.2927010073193115 8.854065883393414 1.3818701062891328 7.618147099173662
9.533251376632426 0.4524088287033159 8.433702675621888 3.904457743129334 3.873242471209551 8.158705176764332 2.440152716075571
7.552592932875871 6.975466622976928 4.94855493481703 8.211119190827272 4.61514717097514 2.8623491250705784 4.939489294027325
7.8176867743413165 5.586856366795687 4.7855632446323435 5.280777803699201 5.639680022697355 0.36538559173126295 1.31781748984191
5.2750098146323605 9.175512097246365 0.49017486179717196 1.6695988762005225 8.501192598243057 2.875718839193163 8.720344018486873
2.102077146212588 9.89853940011201 0.3402699210658362 7.750656279758703 6.561342431188407 1.8693927124653458 3.777764883341213
4.069334435327755 1.582817279438678 9.20995325859635 2.0462938495204535 7.364478518654238 1.4860818541459926 3.9288450955596854
8.85339298483529 2.074934184440629 8.747761469357126 5.41994415916734 6.36107492414561 8.14647381917957 2.797416413819281
5.5413416357457965 8.566064738090166 5.611521310885791 2.1342154739620662 8.291218356564926 2.081184414362345 6.080564756745138
1.0539292701063507 7.879111230799255 4.536297673659003 1.9398053563176196 5.757961063880464 5.767026444202528 1.4530464965857202
9.6324922885705 4.677502004017006 2.3900285606365714 4.241996111160143 8.086634670206493 5.286880618156139 1.866657578646358
8.989448031280062 1.1185070077582506 2.296461385359629 7.927472557378344 1.533639548156326 7.043144490288837 4.796133885892605
1.7728611157794623 3.951812154823404 1.4272641993307653 1.620213250250139 8.149332022806474 3.7721574230171173 2.440367233075752
8.532598991175787 3.676203340717173 2.173569698125023 1.8885258494034698 4.710871783588284 6.099861700169244 6.655562734838007
5.626839846204231 9.900558028940708 0.4973952553112513 1.8407593387157557 4.80628503133922 6.9408904541029806 4.467980674076355
6.448953732778074 4.925145882711547 4.471988630276636 8.923555118747418 6.747168259159002 2.2293805375414384 5.586943067944828
2.6379902674788585 0.7867349645674073 3.328449922771763 8.857797483426472 3.001008331601277 2.0008162523970974 6.0635797955593045
2.645026342103962 5.524452139407967 5.097012369275794 2.5514785336333974 5.075351038907038 3.16572106287715 8.477947728342365
4.82339175768974 4.913204407171161 6.174997366877505 1.9801935632550602 6.350541409896813 6.513697886202414 4.475473945477389
9.398829761950491 5.836286066958282 9.669293789244094 5.888924813884992 7.629150204309065 0.1728615525464665 4.401942067931392
9.993902467504121 7.714857208394645 1.9667431433491274 1.5734124705948425 6.962770713286654 7.820841413194044 7.50740553819514
2.897189412742664 1.1995103096937547 8.294447961692804 6.818262894886607 9.789238619347858 3.510928529491864 6.845124074466322
1.1130938539894046 9.742748464642267 5.4489489344179045 7.005617552659385 7.838787864169289 5.440259842246365 7.489545458750694
1.962844251634749 3.7168106147709326 9.88851247237495 5.166170149183872 6.551019259542464 6.125859196711299 2.4187169045835537
7.252775502461655 8.926853743190145 3.8445016464904187 3.240798205041978 4.996535861083896 5.695664010859482 1.8986216858142568
7.210082500348818 7.791585964346673 8.042089860721513 4.2671351547625695 6.3269175987636945 1.2055932848145234 3.9288344348265865
3.1094545088148333 4.404205497157342 5.220095030001852 7.508109909542396 1.4452867229923805 3.173709250456586 9.19499988277559
6.300998851040145 0.7950247275747877 7.302817608288679 2.792268185606754 7.956177054929123 1.7985478467653846 0.8775477498601063
8.440295685569358 1.0681351959980403 0.5089370582389963 4.8420833259104015 7.2499542875448135 8.793430959676261 9.648328619729337
4.42210896866678 2.852382674231748 4.961784676395307 4.318107238404478 2.596474825741368 9.88458918659822 2.548678898345371
9.665917644560318 4.7210407376454775 0.924849095306091 1.8154728128028732 3.001686734555216 9.393998405301012 5.955514424342083
4.130844915257963 3.234718475394118 8.945447855022607 7.318083812661488 7.2722930965531365 9.894470794136746 0.10683893404361733
6.608406310821512 0.3773930831410439 8.82602027907875 7.618403484618385 1.9716340341422782 7.004694672011467 4.998770525923178
0.3679224428296832 1.207785007068371 8.802876394557039 1.709592585302794 7.741791314303827 7.1067866097336605 2.392621057304232
#
2.3316157001959192 2.4269422537127836 8.908647548351123 8.884626102246024 3.699220278381654 1.3659337509460587 8.079206022440736
4.373548329021676 6.023133861616518 9.879403630837194 3.203344304383114 1.4886429771405276 2.5987482195833573 0.9392446024551155
3.3907339639358067 8.594630300357153 5.193502164362814 7.069700779816998 4.57212868112189 6.081689665776605 7.600661696668403
7.942502810338629 2.6436876121893724 8.746592147135313 5.6072421479405 3.9220073382304994 9.985480762653864 3.5993997614014424
6.549099659127905 0.15649478249402993 7.989268016568214 0.44212103916614254 1.0386548437151717 7.280048373045877 9.766326663972887
1.6759380523641445 6.1538195566515945 1.9532575188212227 0.6074387722316752 4.497320991579285 4.110326832686627 9.81146875572425
6.100669525575514 2.631161080226572 2.8581041064365076 5.336743441570258 2.050990694225996 5.340091538729633 5.033908788576701
0.19478096946719514 8.72195858593843 0.815232157536137 5.938043981438513 0.7373462614108215 0.8545297380547341 3.7126682780130458
6.6029568875098965 5.66710581314217 1.8397195380622797 4.813043919988685 0.22680825271569294 6.168960287077111 6.923194596048723
9.579074273172086 9.225568692450311 4.62176191959804 1.2631268963946787 1.9443125713603364 0.20960485598994438 5.267225003875145
5.356028516429017 1.9387444900555404 9.033329362837442 2.331877647662041 3.3250109131855448 1.2093356977122216 5.24921276522782
6.792540076454761 4.243417337861242 3.4027368683490753 9.108835149453682 1.2175828039570669 2.861399835769878 7.782198032883974
1.8426351990067942 3.054058649671277 3.8178783499328133 5.052050620248087 3.0836151921967074 7.138935909394393 8.585064902839964
5.61708019514733 3.037368547075281 9.798782939731325 7.106693200966505 7.637309228695768 9.850583209050956 0.1580890127243677
9.429541706661588 9.274847646529054 7.921996407320722 4.162180534753059 2.558901534091891 7.340842320325515 5.762612190752432
4.073917114530671 9.690585898663986 3.259836953578013 6.080035276741263 1.2213540204268303 4.780118378351935 1.3953603593039694
2.0204443700542773 2.6688450660134766 7.959319046118604 7.409828396737535 5.827514000860395 1.6684905402871055 5.200703343202058
6.319073362198909 4.009983462644737 7.486917294151363 4.901457074529365 8.59909738494295 3.896735912525732 6.906416787313394
8.224325716210139 3.3190734472752252 5.170344106252385 3.3096468467404243 5.667059154859059 4.449955718615081 7.166820908900542
9.923867082217212 5.722581068815798 6.244327170679887 4.717936537314191 4.702875420090946 4.323955562145905 3.28765336941873
4.1384856274790325 6.573846101929398 5.440956477935183 6.04158747305432 1.0540914377207145 7.675082955957643 3.5617852190536876
4.118485940054172 4.303741051152754 2.9821208594441693 9.494380375264301 7.507652687411209 1.1404637868028278 8.169734690552517
6.46229424455955 2.995102698063734 3.4504513754044774 9.669087586463217 1.1410152129342346 3.6176875955582797 8.075773353973815
2.3107271865384478 7.0923050145717115 3.724639767262768 9.394285956966758 0.3560538406032254 8.427910753497368 9.47680669958396
8.604666342156628 5.054914770835292 7.847042526280751 4.159081670550881 1.5070509214552699 7.089744792841316 7.173508948046599
6.99380625100895 0.8484879260413551 7.692045286424003 6.427904598176923 6.4999134753248455 1.2406521809032771 5.1661683512656404
0.7164871114460949 7.208624418629013 3.472189529897223 2.9125439248659046 4.922618210216196 6.937067070344246 2.5661457338873634
0.532245975519122 3.0042204807871533 0.5765346438918568 8.438659891157565 8.406254505705148 5.579901703291084 2.6338523333156134
4.604801105837058 9.891784895617 7.4734870570300815 5.45490800761732 5.884168248328885 3.9459638587422585 6.253909081384519
9.505583524158126 4.85175312485121 8.441374415762578 1.82803190783086 4.574688704620276 1.048188563296149 5.006042953034873
1.2041670654327992 6.07311438874414 8.427854614653125 6.531927096699813 7.314476644705161 2.6940775552634326 7.283997539625037
0.6203949743812887 4.604267308524406 5.9891117373805285 3.677919292316753 5.580807817198989 9.20784809227517 6.257919780562613
6.505119548098911 7.841468391984577 3.969183447146598 4.244557379371151 0.33654131064809345 1.6274816251307445 1.304208359856672
8.722593682113242 1.82491222465758 8.367477505495184 4.170108524342092 3.202173758193891 1.0235861199147962 8.894617650179336
0.5263356235987349 1.4329718474957556 7.341480553637138 2.1444803469568674 9.61800502074603 7.337986638394181 1.992748025186068
2.9637095129149285 9.011379160024546 8.508353671980638 5.861614131697364 7.134007084831596 4.096925897022459 5.255918488513194
6.735212236616111 1.8790108558323722 9.947298576030251 2.826731034921652 6.336791901683154 4.573523047385626 7.557625020180742
2.218676285601378 6.9310133067846795 6.294920698028272 6.960641971186418 4.519643202114302 4.627389913070339 8.356271237904735
9.288631909885126 1.8430952839770107 3.0392441376785846 1.8205126265460883 5.164465340067275 8.32863590009013 6.473281297512185
2.7022184898267074 6.122207910607617 9.179197080486734 4.48519438808672 7.4781506241131925 7.569472162639599 1.6041936996984743
2.390631831353677 0.8248836476762973 4.2769612342880485 1.4692518481563894 5.430525703188154 1.1196285722008037 8.538929929185876
7.856130408240978 0.9760937963673131 9.995580141885574 7.536238759776167 1.0325480807531964 5.409875969206885 2.900717668223827
8.516122073276463 9.151563646621435 1.5568535584041037 6.49151945150027 5.757023216715786 2.1375236873020236 0.36603301056102655
3.3002284912742272 3.9307279884770345 5.639964981211807 7.161747835975081 9.670834317039894 3.7095515867601034 1.8195448209926353
5.941079588884273 5.055329721142847 2.543912840703016 5.81033618067399 2.1148681588621967 1.950129279401183 3.094909184366676
3.4551476738194813 0.9882599194856025 4.954757524515679 7.189025374231633 0.2810978619919844 8.900345617125357 8.252536316402846
1.4224511238216535 5.67496104236342 1.5023918099823383 3.634527390982147 0.37471473818288903 5.052579761413527 8.887797222015866
6.29290551059947 7.095594531867093 3.6417604413795654 4.6213472597234295 2.6857945805498846 8.862514114452646 3.5559441515258383
7.562036922506996 4.733133102320864 1.9506654785481894 2.1412127319935736 9.901990481105631 5.247787260403341 7.98969329338048
4.52382664204897 5.892035772544806 6.348102736658906 1.7481263363962354 5.674815922701921 9.26638576512141 6.365003474595724
2.6133386533389187 3.0345341059343265 3.1059582286178964 7.295818225025623 9.1274717820523 2.5666333154813925 6.004801120994333
8.55421759102126 8.089608613666988 0.5378941218107691 6.466206201146405 9.451367399026958 6.345221024098625 8.65972405437141
6.378049627977434 9.458492532840113 8.605409444811617 2.2955102151598568 1.6702565546893178 7.707739118732917 5.910202348642098
8.889794510938179 4.945842376396954 2.8420285415118625 0.43060240402831695 9.304904826300895 9.59390727375725 9.192321194368954
2.4581297016954347 2.714795116862467 9.052834076458318 9.896063145773034 4.290536392838819 5.434785533902418 0.8402613621648074
8.644981041898713 2.8336897575724143 8.455002444634447 2.260030481733854 3.980156909681427 2.2771703958108946 0.33183738491074966
9.820941728719264 7.638469987755751 7.288765199258636 0.1519598633753967 6.270656952476282 0.6989141042225322 9.862196960978256
5.42645024207338 4.2920702706421885 1.2704659041064938 9.329686886323543 3.113272256791422 9.562574489440902 3.699565257399707
1.76392461853426 0.45633555818496596 9.096583394717095 9.839869783117871 4.370547474413306 1.5213925394628642 8.899191342096122
9.23159842844624 8.538985305067381 2.5484241494672424 0.5831146903878803 4.621500546082737 5.971323003019514 5.275359290751013
#
4.906890185190572 1.075955575570919 6.462318880649358 5.701586533303276 7.108940617195084 0.2689161776609055 0.5967293109387919
1.7247704865352178 7.8387701270144365 1.00669368697719 8.921306628377947 6.523490745731046 9.850149422092398 1.7787196415543365
4.993095339402346 8.620081162911394 8.278536461416756 1.6960766935129823 0.6815040990317947 1.4407008836024207 5.628919659573333
4.85287585563559 1.6287105322067412 1.0739786215648 1.026262293540933 4.331590428827701 9.783709502158153 0.5774548622377802
9.32912728196921 7.768237850144095 1.635943817716544 0.30856783281978384 6.412596769692049 6.715055102264754 6.966206970674965
3.4059239296605632 3.8063721711412937 3.2222417780366355 3.3462401530929466 4.1573318281926515 5.413385362681789 6.441909940934719
6.668375324811408 1.9161749850879826 4.545814845477188 3.979447409657167 6.831738414192046 0.6074232133239095 1.0663238579212506
6.735996829691808 2.7442214716678066 3.9114888135486954 0.4965344051473153 9.502241454634872 0.18186968991809227 6.351687995368076
1.140587094028151 5.696548996923154 2.991521853474323 3.5081757438038883 9.910341776711945 5.648347936314146 9.071546514360595
8.196893639966587 1.7734633238807929 0.5931081330504053 0.5063944053967466 4.923487621236939 8.495628834247038 7.445664855580699
3.9595868626631763 4.031731106918708 3.610047572539199 4.776653506403475 1.346533959684086 5.712404588857294 2.9637800466301334
0.9766148607308542 9.083367303487233 1.0690976308470348 6.453344922164303 8.92555288480957 2.3926194944983856 2.889560188758084
2.8546124593365496 7.000781802635356 0.33695822714058554 8.94299738467508 4.685730077683862 7.094919475807091 1.2485511341128848
0.3782025589440483 1.199531658820233 2.3935927929225356 5.678680043138722 3.8350487825193085 0.7075522092770665 7.596756816503302
9.386622256747593 3.425934280123546 4.552315532323512 0.5904300393397985 1.3139713278422063 2.902696526179252 3.695701717828796
3.593334090091133 3.122852715331328 3.395375220697693 8.23517422803798 0.7879809034611052 3.2469895508366147 6.735513553881439
8.806068215741792 3.9038525154473844 3.8248634397459362 2.9714958864779897 0.999186698382065 8.135235691556064 9.615476954091683
9.474986583978168 4.62851351284853 2.623686917469298 1.4076777772413744 8.61795251070707 5.878185431083708 6.0726413541526165
4.651644703606526 2.68380419286755 6.45970396993442 9.624894067150283 3.543555874864933 2.529943661456914 9.577306423971269
2.7666875663717945 3.5385645150180354 3.609259879207066 6.002117280860459 8.043499795113108 6.161202329842188 4.119710534431438
8.653370577842782 9.75593890557204 3.554797644425369 4.435061853887761 3.258154558508693 1.9814299524369248 7.501203990367056
7.589469526600901 0.19171754499937332 6.185728723587405 6.695194663606863 3.304653675145156 8.252731920686255 6.179393030314099
2.087749143978056 5.705738177745542 2.304498633056529 8.511586146862616 4.084842890741966 7.136928185631271 4.252236573957427
6.005595895358267 6.866982880797466 2.7670034629099542 0.9905388546037805 5.618837478121006 3.9840352797727183 3.911565845124788
2.613229900031171 1.4802137463889578 3.062653063007782 7.5793143173980795 1.9142112503909061 3.546601518382458 6.759831912352198
2.135128904014157 2.0109883458961235 8.846904860366347 1.2983445394431108 7.827002710703994 2.168696325509505 1.6915234517635596
0.48989915564653863 2.6917809544461266 6.15609907724571 7.330840701745087 1.3926431101613308 2.7142800524747646 6.924983303406039
6.694814450001534 4.735281960360073 9.220865064060984 2.109292256613097 7.151461346471091 4.968532777535387 8.338367545113053
9.669544375250009 6.144409132770823 3.6835358690082876 0.880956229411753 5.7184618791026205 8.705798585702619 5.035818106281994
1.0045716916803666 2.635829197425821 4.708271159408211 5.863853595595307 7.383857951949783 3.5651141245884617 7.383589492792634
1.8342872226341362 8.837886537096438 6.037446901944337 5.353337754309955 4.945192223809471 1.84250245962583 2.3413013461724157
0.8269484415131032 8.712831218927827 5.6318745635407685 6.675341020157873 3.2681963559515297 2.140986945734123 5.209734074412783
7.837411188959939 6.639497229035361 5.035658909842758 0.9057646012762008 9.010213977624712 0.19062414563741115 2.5219935989640634
8.941011731510752 0.6655171461206661 8.497829368605238 6.435072049914178 6.457756988147217 0.7045172218825932 6.181904235722475
4.12619814488017 9.090535008777056 2.6589897841468892 7.686186668448194 5.292530894289382 4.846030394918293 0.48260479162740566
4.336121145888725 6.994684755346897 2.181781318535046 2.823011863574621 4.90771678962226 7.300258778792401 3.023760827764347
9.074554530676583 9.780102954253113 0.7541880552899523 0.4606303791540274 2.0809257331143423 4.735256734184282 3.104505215644488
3.686225812844053 7.52412020542522 7.193912411025705 5.148145103826687 4.767259173890869 5.730088414689546 2.153605160001573
1.9782592936717576 8.311861786307269 4.231964186132411 9.71236094505581 1.1605206295872383 8.086237542339656 5.494568087636625
7.849444247688968 8.242618736669565 1.869730937764917 4.03351077627938 2.6749221863748787 6.822211547445555 8.72512586323431
0.8915457280682269 6.513679277748726 6.402893031587101 8.967399775077915 6.894124987405754 7.396157448330465 2.90685455553626
5.7441539992331885 3.2503208996961637 8.889478012788919 4.708162454505954 7.562132313594253 9.176732217573266 7.020494247267603
9.148759551113184 6.801834244176707 1.3737478032297794 6.931351859397569 8.680231114320977 1.367264023729894 9.454182139133145
3.7546757431246047 4.548371383780234 3.6405349226879267 1.963928465478571 3.5772913141239644 5.747657876787162 5.722551004395949
7.083591032757795 1.8298055864357865 2.5367103871858467 1.4639647676409138 2.585394532288283 2.1189646901956207 7.003609259555491
2.2332950135188394 8.31610174772006 5.350829434790842 5.909852784932557 7.952500897623249 3.179261298018801 6.192154319687317
8.677443522780074 7.289128127493693 3.969817798798861 6.278425833216968 4.810124354334577 1.9551923185599014 4.198375772789208
0.16735561236677565 6.073400506685348 0.21320974888820388 0.14327442697092696 7.977296986018144 6.1437277194563595 4.967148470393649
4.081503121632036 9.04175564085407 1.4351276574854568 7.690936365034649 8.039949856277078 4.362631576976885 3.961126597530936
9.794713891191574 4.793171114880399 7.152793912753182 3.3124332604143842 5.200161883991715 1.179530413199572 9.605835290266164
8.960242502323874 7.96696910520945 9.621912291220369 0.3121538037811762 4.065120894092861 3.313709019395455 8.973924962017668
2.4847143868065236 7.85036784058911 0.1428419769259266 3.190115143670727 8.923438350873402 8.218481479275152 1.1754621806380943
4.2289591755669 1.2551467118563933 2.7785810766808177 9.668054315940957 8.70508374263418 5.885296882278122 2.836211909536787
1.3323778891429248 9.725238409912038 8.742320620732457 7.902501443948713 7.015413874333122 4.063597730038128 0.46096675582485336
3.6513192165646045 3.9105267290632533 2.533058723058332 9.214983123858687 8.510135639449613 9.871588220894708 1.4244519763101007
9.198084767011014 8.52885394133135 9.12397736431425 8.32876051656873 1.5623937581461838 1.1062043258352676 4.766245108823349
0.2768095296637174 9.524001868738328 0.4781237224648054 1.6068800062073576 2.6122124120039425 5.8446627316518365 7.951435218472367
3.449235178227358 0.9842669459372448 6.414273413728055 7.687688755369207 1.1668762935830452 3.799081753322175 5.64572233720583
8.451413000002832 0.9039174339161056 3.286885284920429 9.966460871514041 6.460658941117734 0.27439847752088564 8.218471816617175
5.753101537540346 6.4655648399180645 0.9655428215664674 9.958251450096316 3.5724975385755524 3.3533798569588407 2.961341898937556
#
4.634677744653233 7.8460194416567735 2.034083248671163 7.17003078994342 1.901363188412823 9.072717092820145 1.5211529691636447
9.313728640173498 9.261636776177127 2.1427812865685625 1.7974425857531466 0.6007493500715926 5.517592205448913 6.414181351094549
4.994852023069945 6.8222017902816185 2.1478803002270586 0.6943877805360561 4.973592725657763 4.576008687779775 8.901049642719107
7.805315333571126 1.5050480935617925 4.29295600122841 2.470101087219105 6.089351026397047 2.4994530612252306 4.763811585007657
2.4154503845063617 5.301770538988469 7.904751725321345 6.427349620004499 7.191517708413656 8.082913956798826 9.203535073146583
3.104109867255694 2.9283808069253294 6.8103602167592285 2.057809942217499 3.4629390400631674 2.6813481743287637 6.725350544479524
5.227658925014003 5.995537785265022 5.728579449578789 4.986495084766414 1.2472897169872392 1.390832982221812 4.38238443788895
3.1222882589027954 1.3628862818500225 9.393846898419747 3.854213461397265 0.3925801583664903 5.225572417857026 1.27971015424228
7.868563897935339 9.22777886872128 4.404618944589658 4.350246285321248 1.6274856704467635 1.056013935549653 3.1284868424708225
3.0416238138432665 5.320659956585303 3.267905060927827 5.036069316949246 5.97119029129883 1.6079730759509774 1.8682093826164974
8.824118282127687 9.209262369330801 2.660616870180381 9.341012408908227 3.7302224278403964 3.5642316118148694 4.197885086328696
3.867263012383427 0.5150426479440746 3.0055326545274657 7.266143397920798 7.401327060244821 8.950356750353322 5.087569612832174
5.616223231252801 6.244076119059249 5.8959024262022925 0.2754592976824979 0.9421561535429568 0.6620879858993192 9.41870028508564
6.564868778110219 3.32721888585417 8.086543649443552 4.809748063879029 3.651265415014062 7.071176769263385 2.766943647553432
5.493807980824217 0.4933311164712837 4.484542144843037 3.4183024491575313 8.47913963979323 2.9290175558019 4.344534121615471
2.646200783782685 1.1414824987974672 1.056146469783537 7.624939558183527 3.1194248274828826 3.4121183964568464 5.696384443609599
7.560194694811989 8.238599389043776 7.337166840696513 7.845943283684539 7.802745532163593 1.9856385009911928 1.0621402658550392
8.219028207768925 8.775280654738955 1.9439219897598772 8.16820364562287 3.18563212215333 4.1736304525340975 5.1983606188670635
4.106884379395489 0.22413476674680854 4.5182816985687895 4.274592052894782 6.009544405005766 6.718079938336294 9.402212307684174
7.395337772799036 4.3120315702078 7.719833071569408 5.082419844864034 8.158597280925278 6.64340905884593 2.1880436498294684
2.7940642644288163 6.553283460951244 5.332515717526552 0.655550709111977 4.0741447724691 3.441326504734188 5.406592686999727
7.6464658510630175 0.42490233247515263 7.485229477667071 8.168364259651481 4.070912419753362 5.988960172873679 1.942753617207695
3.118140468459609 2.6980309262052247 6.946469740126391 7.757370762132894 4.868344330419401 8.81198082428006 5.243698971833497
8.35846746186923 7.983922473744936 5.50117081095259 9.893017990920464 0.9907949334803954 6.03587281300823 1.9637034951973944
1.0346860844373431 9.68933448072973 2.603508991807119 2.8180834677461726 2.505395955465593 1.890737931928769 6.298772820818417
9.997072951087512 3.0409135923466906 8.820841702928497 6.059892447364957 7.455975268922275 2.473492645594173 7.3218661324288385
2.419778227240261 3.94091235622552 9.598511629399962 3.775134155555892 5.8071176880637925 3.97405898187404 8.593781860439055
2.936562800869942 7.524989745527271 7.209425527197175 5.144687776219725 3.865190097949279 7.679072863824915 6.277150583646062
6.520005810859149 0.6486290812023512 4.779487774667676 1.353998625745065 4.045975936994882 5.267742202714491 3.407541120228716
2.1351638873538845 3.633743141354933 4.728808604175879 2.0618852535057544 7.777808632195883 0.39649990593234463 4.630694447592994
9.480169970712199 7.241309841370981 0.9998669430496792 6.668021370032341 4.87051102011942 2.742849450300645 8.367790656750508
4.5112266927867255 7.6314301859078535 3.021193091657756 2.6662743218513842 3.1832600963612223 9.484581771617425 6.8733320169670815
2.7335155209255206 3.916307308167756 1.39442984441864 6.007451639710332 8.454507062841325 4.760445310433965 3.629279862362724
2.2604491246888525 7.3005699523376695 0.48451001100114244 4.419635030876294 1.3830255153898672 9.207867673448721 8.973724683146859
6.528454747255532 7.8752643104468625 4.060144392426625 2.3318275226237777 6.324102727271175 0.9844063652759427 2.8299399732099704
3.5989716401903356 6.654100706918189 1.4898269547009435 5.86336285150921 9.960569190282973 0.31839056084127826 0.9957984730707938
7.537947376791376 0.8885083319243288 4.144128029652435 8.242420350222947 9.96152923482273 3.2667596717636935 7.144116345698507
1.3585696784100887 4.586128643955134 1.940917652261191 7.634099167861068 5.712362109581559 8.34604162715749 9.002172338858287
1.1431483230537611 2.070824779551668 1.7085073318934314 3.1847375564125215 8.53939948549713 8.429400646844739 3.877851750382187
5.339437419196925 7.2649455003242345 4.8177982658072835 4.895604567170516 5.1011662979962225 6.495157398433694 1.7060638019712786
9.340087792577709 7.557749473002681 7.166067136292361 1.031453883853148 2.5357579653583833 1.9960610030093369 8.919710657854964
6.271262860140126 6.487666611847856 7.342290128556147 1.1363293424449692 9.29399034009408 3.5557171597391637 1.716418808295023
6.924335760105014 3.577973225323477 1.9630682054006185 3.850898279971652 3.962860339300907 4.188876587068401 6.4328259475489205
2.219473182891838 3.043118033719509 5.94550292643148 7.716778899465403 1.3158063108487532 8.211007007644746 3.9770454300863305
8.93609333948374 1.3844985267460572 2.9901094365725545 2.044075098562537 0.3526914661290794 9.922985673549814 7.648884820961134
2.8738225771402526 1.896977404306404 7.149731451785129 8.396782092830815 4.566925236074469 1.6639773298785965 4.0705059035263265
4.393144519800121 9.34032943509294 1.7269401289701785 0.9590205435662105 9.047350559545995 5.835114810821859 8.197318105410625
7.159731244787046 0.6064210744473195 6.809730807077077 9.092876008954569 2.2035689111690893 1.0346382759475699 3.672781397524006
9.253652537102731 6.357430246543938 1.4447472023066936 0.8507514728234966 2.672754558530346 7.457196002385392 8.877644967853008
7.107497596497996 1.6929295252410062 8.511928161620611 9.930026295986032 4.282992261097066 5.015593510811588 5.470375913060358
1.9754343215668184 5.382458419220629 0.782173941059078 6.298064646182596 9.134527885025491 2.2362222756459893 5.261261322934009
4.700376138568478 6.580886832701714 5.5886875741739495 6.892947604517207 2.3886299323846187 9.137856039122646 7.847377476142109
3.297190906118413 7.136673904672888 3.750463999807942 2.867503802738502 2.883582532460238 9.741842399139852 6.495369787897302
1.0863336090781566 7.410338887958867 6.532101264265855 7.898160976601802 4.7059516581836975 3.8161375478762523 8.223166158067334
7.914357204889962 0.18654907176656366 6.737503688011203 7.676593712071561 7.286871322904917 4.957044522605614 8.438956114321238
5.223617974709165 7.262154492738693 0.9881941640838496 8.580395902816765 6.6795434972805765 4.252523895120835 5.162050987130974
4.607350818965898 9.803414056695395 5.663279757861346 6.152523467364377 9.481556739618899 9.240675645063323 1.2350272807723437
0.25050747729849654 2.2416617274264943 6.434481341574453 1.035687939796058 9.37076313812769 0.6010166935974297 2.7766737136353443
0.6211075078163075 9.083754840151816 9.510316064455619 2.269187376093861 0.41901988977776305 6.576161539397706 9.68738019432346
0.7085750587886599 3.7389770172510706 9.736489272789678 4.277479417372374 1.801551654108695 1.219127171921806 0.4865313989428177
#
0.4897828695224087 7.0660047532096515 7.513900852031982 7.0583000858100835 6.297160191891519 5.779325053149211 6.794940686841715
2.094402750684973 4.219838984094057 5.238416321572944 2.6359769701692217 9.877567467658679 4.3968168830375225 2.365221975165238
1.4977520975861118 3.4806167299232014 3.939634822376453 9.684195597081956 5.216829814567889 2.33998353203991 0.8741041740225866
6.931377795520559 6.996866877178398 5.391896040072175 8.018244910256062 8.348789908829794 4.5304424141022475 6.48022746009059
7.08725173257693 7.593234401951365 6.046138133177566 9.817562195651131 4.520664207607196 8.091922610495686 5.985909589691066
1.9596139849651633 6.158007408401 3.161208991150187 9.465675884628592 2.6020042080087595 6.532568480978386 6.861294279040605
8.885704622682116 9.273870305093906 9.77993245628428 4.461899365487485 5.827375399804994 1.3284352181196288 5.639107339640406
9.816654099423126 5.343241544485381 1.8492672837104802 5.703438425961285 6.2444020654993135 6.966597257232433 6.100171071186236
5.635156384363109 1.3698713232576543 1.7442271150635147 4.9302770560561395 4.064830523383531 8.584375133815774 3.6392856230701516
7.308427472752153 1.2251853680413176 5.774649041244912 8.085449664605653 6.4100403328100315 5.251776499813836 4.569400658300006
5.108460307041756 3.917617898357012 3.227468137321404 0.8656873097214115 0.42956822993689325 2.397009976242438 6.928737737000626
5.838744521906772 7.839618661438491 9.275359248771649 0.6090254627305605 2.934759816197855 6.129852799531038 6.550526369479607
9.274234226794036 8.380756410916977 7.575854567211553 7.886086646429283 5.939395432777096 3.2105596245407497 3.9865217407551876
8.964904342944479 2.7786572945836596 6.746781331020589 7.848319262591731 2.002999791817972 4.420786219479234 8.350518667139234
8.305052251684259 2.6410520622951563 2.3534202186165887 4.2494572643655015 5.40308239687073 3.8826049436890995 7.418775849758828
8.066483538135998 5.785894835376157 7.273668414103721 8.35407798050532 8.609688029196041 8.511873491076258 1.1501702287001927
9.934123138497611 0.24886741398341616 2.7378478215746225 3.0165952753663516 5.684953475425708 2.2413394782439195 9.160533020415002
5.090075705698709 7.857081513900096 0.6298722024494481 7.806347140403545 0.5656939322631089 9.540622172921577 8.360684053020245
1.513488980816558 3.0221163733797414 3.0208634364350844 0.8082071654634095 4.967409869264208 7.028872848180791 8.18875720019889
6.286384126948282 0.9816669072331079 8.288563698026948 6.021090271689717 6.971147099072381 4.718832592100099 7.965124339683709
5.366179654960562 1.1931385889051334 1.0706681124215636 6.94763355795239 0.729534680112156 1.9287955758345299 8.807646598936442
3.116730511017779 3.8353354536661257 5.195154709379457 3.3977637988626403 7.554026553687645 9.099709262268085 4.9843318940918735
4.284783568520747 2.034900284950831 2.120318596384096 5.281557422534459 4.0942401805995585 8.688063936410021 7.407173558407736
3.9490371441000693 7.153896914842514 9.399945649120479 7.694338584142816 7.225889163551827 9.154531112966252 1.1778433435428517
1.1275257459323678 6.500410104135613 7.175602075230703 8.433353918670527 7.403104083438661 4.538109804663833 2.9067063425333948
5.15055798154803 1.0975237899104884 7.715153701246054 2.03043516654997 8.666563817070928 4.535221453636238 7.6667706751769344
1.230441120984135 9.227600010432676 1.526837571704955 6.741546894933923 5.87888884354124 8.591740575535628 0.16887181294590015
6.04090608970516 3.3054019848479426 5.56148177054978 3.1770129643909195 8.167732309833573 7.365543948862595 7.976522696396923
7.97513902774666 4.250283075869149 4.011831715670841 9.014200757575267 8.597890474705 5.67295236893067 6.3804332964425985
5.8035759942963665 8.598352327628143 4.693341799625974 0.3816397890522234 0.9105157408072877 8.508422463098174 3.6231595228130833
1.3411659244427372 6.702020006080163 0.5041541070803426 1.9287036238421456 9.263870486736733 3.0210167896400706 5.606065857633032
9.585200744083895 9.105724891520973 5.219220741551654 2.114090819695054 4.203233657952685 9.011818580460227 1.385772499334014
1.7172649431897473 6.499645050743046 7.8565521168770625 2.0823830080759667 1.458706094233483 7.480866368075569 5.4273863696906215
8.39381402026485 2.724186867748896 3.4936219391747425 3.4301513411291293 9.923991389822678 1.7199631459242575 0.436408518181743
1.3491529341552293 9.17343809714621 5.990067033572138 6.303576777655067 7.209676256114541 6.311979719615071 4.722059954440235
1.8532481397509684 0.3519122506729122 9.625984343205575 9.205136990629867 6.727862044930891 3.671617552037727 4.165815180893013
7.200502652640106 8.977542758436767 9.212709361212958 4.516865264011282 8.070069619738513 2.107922625555173 0.46953000985540605
3.0808557357710913 8.814805372260698 2.7462333052876016 2.9419567722342803 9.779298630177346 0.414303009809065 1.4073673297784675
6.632093145903687 7.3005944800913785 1.8811968477981154 8.028040757094985 5.365302492146218 5.85535331019325 0.2425177430483778
9.699658602045304 6.4047976332145735 6.823256693448233 7.771973947277752 0.17180637277704758 2.8928266442946216 2.647781478915778
9.344684262735463 3.4703795748344572 9.836379641198176 0.19015359125103615 6.672308510663525 5.039901533557544 5.0054119090911495
8.65084418924545 9.393408690426362 8.584202545190744 2.642743700508201 3.1835369895988928 3.692145709866226 6.712207174432047
4.807078752307472 7.323424429649819 8.377038131613991 1.876025730703497 0.8890686531409306 2.092547679399733 8.607491618524653
8.96145864187541 1.986589781832087 8.00288229828069 6.830322820968069 5.782520908124866 3.9287370775543935 3.4859371687369274
6.97069731755664 0.8458835907736519 6.1582371108951595 6.849937378172748 2.7838144639818494 5.954815852433633 5.4873872344934815
9.412269463497744 9.804276435089829 4.663531971912256 9.89636962168067 1.5057779100620596 1.4913119129932744 1.543060277796597
9.874195269174919 9.831435651886611 6.435392980623384 0.587741727460581 4.249533938662972 8.144345010233657 2.3081883554249507
4.873298337362543 8.016690063655071 2.6264374672846023 1.9117722521447043 3.119702615069621 5.2291303689543 5.038286945360779
3.9471909125794635 4.548261325829257 8.50498316999408 1.5292166093781625 4.95273337285098 5.276825771975989 2.656015863736629
3.2325831501471303 9.179249305401289 1.7321968269725785 6.361592837542201 0.9914275771103389 1.9433459252336398 0.7499185065971492
6.5392240561752635 7.226937559637459 1.0454976213852634 6.60298479442787 8.000537411833772 9.047775257797394 1.4581222963538303
2.6018466527461643 8.2082219562396 2.876153024920763 0.4306666058443174 3.5170986183609574 4.28073449992359 6.896166256174018
3.8932071107540294 5.587001371206018 2.240003684929107 9.221400382689062 8.753673476284295 5.951471906621352 8.623260382533367
2.296738783397418 8.469804002395787 2.134009308061564 6.168046930785767 1.2383090324439823 9.325117470225113 2.2133730952775506
0.10510060297211155 1.1441826654118907 4.194737516982652 3.6460586115475877 3.9997961098909833 2.362395730687397 8.216664546906637
1.3122383513399951 0.5757898885351116 6.026393243036324 1.9799697892810144 8.126746792969467 1.7891607405010514 8.442279609966157
7.188496375977643 0.1172685101784916 6.786948698278737 1.3098173622414042 8.667548656747105 1.7872225915634123 9.648187612229536
2.9465976786326142 3.543688169376386 1.672285802760693 3.5918150013177224 5.940541930657472 8.064810321669748 8.097551131818339
0.5952420798934162 5.425535675644766 3.131635324606121 5.638834620800063 0.3287472083416638 7.555308616907641 6.111269583544058
4.6333026022844255 4.4780255095399975 5.184593576340609 7.049548345408297 8.812444940736155 0.30940273533561236 5.999216210713893
#
4.465921094202418 9.254032995040536 2.7951541463251117 3.279253995634907 5.743742612491768 5.942766202146366 2.506463623851645
9.332225000574772 9.186820516557624 0.44225805436546395 2.4169376293818785 7.57047710442461 7.071993715647141 6.615690021022616
1.1273546256072242 0.8233083555179892 0.20328964976437547 2.106734634949065 8.286397010631951 5.347830394235865 3.944269378435395
2.757539525606562 4.134245246551988 2.45817332195774 1.3075564316607906 7.8979797095637725 6.63181173712523 2.5054086054338622
9.009897138331993 3.830758776744073 4.0544537668592415 7.824799548619147 7.545303722889001 1.1659008906725559 8.690176937505644
4.260760723266462 9.929363908334487 1.5601708120457292 7.058542371426835 9.952649427322356 3.088177849966608 6.563684281919544
3.657671950875705 4.7943525131196605 7.562045259776536 3.8709185973556988 1.3616142224314651 2.748510626889418 4.150074955378677
4.73955641183759 9.73749530946079 1.7687979081689371 7.421261248125523 3.9178252282943165 2.492656872687548 1.3653424963157952
6.873567726352151 8.227558223362443 8.736647430361865 5.520953807740229 6.171305636833726 8.483822227929211 1.9631191809925057
5.387739808633397 3.2947120609331666 4.736533350634047 0.6840547410850535 2.5749431068368587 6.07173793942708 4.842493806777637
2.023672470001893 2.3918587100091058 5.688935668379751 6.020229421525781 9.99995178928365 0.33173311256843885 9.217196997387148
5.064724567675666 7.280855253392565 3.484535576224917 8.590838550739186 7.206625184266974 0.6381005135337121 7.850528643629637
4.144817238555945 4.619254275450775 8.968663029307189 0.4230207073206591 5.11329461181613 1.3470087276531864 7.621767643180622
9.733523664293699 6.59689336448137 5.1613031614830955 1.092359825303396 0.4739088673665899 0.603320993192801 0.9862185723465444
0.7538911429242905 5.587442188485861 9.211206283131895 6.526695721684185 6.329136861436799 3.217030087920611 0.6021110103586942
5.883341132182009 5.799743222177434 4.725335816777156 8.10109352631287 3.275146729807636 9.616011823240205 1.4527648250345986
6.600409320357817 5.050055281375547 7.388472327529097 5.65474323749187 3.605342840043675 8.968226764448506 4.286814787387106
9.819173234111902 1.8629450411565935 5.961313169335787 8.430236215512323 3.130819551479262 0.6966710168278469 8.633357283864953
1.849767925566939 6.51144080270581 5.658466636251767 0.15209856815685008 6.606579962432519 4.436997375098755 0.9536223770593342
1.1103714876948785 6.429496965948375 2.0929929960852003 9.984660584627338 1.2168853960854196 8.994611601728156 6.029415564327365
8.457313461067926 5.711065169740716 3.409933639983631 9.530910452520686 0.32947571097860884 9.026574849122337 3.800306481390797
0.7609133182584564 2.392036058507402 5.225242421490895 6.112970534051529 9.369419911112502 2.819075994675298 4.988261467972365
3.5673815599450327 4.700381423987071 6.638176743380766 4.127356774098556 0.66981425828296 9.747581294201684 2.521528131764272
6.563778343008314 6.837131306805445 1.9770171718967648 5.199256210343274 2.7152463113575345 6.682632625064029 4.372064578561593
8.619990245874504 7.633392258683078 1.2676983870141432 6.43316854547783 5.62338259466304 4.507449861280026 5.387996668912935
3.3765915598782223 2.304132726731275 1.211176664559444 3.609862230219846 9.850589292007637 6.3131963063411405 3.1588330952238364
3.5990277652044376 8.208704614303704 7.515864388497049 4.992722128458023 6.08629845858931 4.0829258834787 6.47998727435013
3.800576095364656 2.915225757324422 7.669069380480579 3.4024102234869282 7.515045519723801 8.87351855419658 6.156578489836906
7.360966644974185 6.156974458276986 7.538546362470031 0.5091757941197539 6.4137843799693 4.534862660613111 8.71237509859781
4.473508760920611 1.015734541850568 2.3052539846057196 1.014779559142137 5.581041638769918 1.597638077230108 7.929800693220413
7.516468376076423 2.3294501837527957 0.19136161712029942 1.9216853693527365 2.6775535849220007 0.272600672236317 8.755970471260596
1.2813219971562084 9.511552926167276 6.581823578065221 3.1912224838140473 8.500096951483306 8.200235428276992 2.1262938185772606
3.906225684531085 5.039401620088471 5.32263131168965 8.005051643367636 3.010934698083655 2.7265554936315293 1.624554215482099
6.720377389707225 2.054545270769052 2.291495438395416 1.9646278718054822 4.249074646620795 5.623908949055222 9.208315272107328
5.421184342417676 8.796544527622533 1.5159912957497848 7.088617864609374 5.154312839266916 3.2593689301073008 8.129836881947666
9.666682402909892 9.155126565044077 3.1871251918229095 9.43138406113288 1.1931066735515148 0.2284327663431016 3.4325337072560873
5.808906561382791 7.671643054327379 1.9572438216319408 6.176216830272743 2.4442546158084304 2.9933279476229395 0.1417947264369097
7.004941348697743 4.153512425209282 2.3651822895778296 4.9502602510387685 1.1798627330292621 2.438725581599568 2.3844813674535787
9.45372430386574 0.821925793278945 5.713119796119425 3.621714519795895 5.755300889421557 0.9786659581187793 4.716112579234436
2.104323107971419 4.889031355068793 4.126418818597779 1.0454613818077974 1.106285414252496 1.8733052522231133 9.879604101024942
4.015037424621413 2.0351934654836525 1.574486770533138 5.839630213307596 2.9545500000483704 7.41613392878001 7.963319213644908
1.2231947014511544 8.512187112556349 6.275604233361223 2.7337246695262665 9.575854796316907 8.06115536135881 2.9718729675565547
1.6502514919499518 3.1099370562378166 8.272758265706422 0.9122156840195448 5.466187699422284 0.3020854616891784 5.348086775070542
8.337033376839718 5.478395223065371 4.161325290405966 4.037311621519576 5.8694316760914935 0.5811235766231828 3.7196108701102455
7.504143874802194 3.9804875468440555 1.1275109269371044 2.5412949887782554 7.806012626191604 1.2940248357467405 7.7152753649897114
0.6378064547869853 4.591354440814199 5.700161102239545 1.9680010683643632 3.205332873402008 3.072842983557573 7.444466367898151
4.199977362959174 2.167470564790412 6.756481164415945 5.149413689575021 2.7363553604312134 8.563674935957806 7.190256842188597
8.284726714630315 1.7644073826294404 1.5062149171382684 7.193526704549679 8.058525500262279 8.077813071461351 2.9851593666093326
4.706853217365419 1.263204748559092 8.190338609889228 3.4926818768826036 4.867660197177357 0.20819601417942746 2.4557432280168268
4.000629152252951 6.851483228267516 5.13610502860651 1.052589498321197 1.3021267577894324 2.722392423188405 2.6422771822177515
5.953844508669302 9.417567693411272 7.297283772716131 7.912908168081872 9.684727008695418 9.525657845934774 0.10944409450968795
4.808254526289705 2.9014294456111798 3.440207657914191 2.7530245264999156 0.7776351103157815 3.855990627502554 8.887853310149595
3.6243312583943665 2.0781869550534022 4.328499157372512 3.724633398483189 3.9366263980713265 0.4595333263300203 8.742114270430084
5.333436521348412 9.844361501488454 2.496417131076198 0.29137633462468493 1.7968894700396079 7.481989474578758 8.004065538233627
8.568200916195801 1.3989923316168111 0.5721901565841838 8.332248083777317 8.647687844675428 9.581758302317876 2.491975581539323
3.4563759424040033 8.277590334608124 9.125166286149799 3.9980811310112663 5.641314210507859 9.631899473439413 1.571236291113597
0.49168381077276546 6.3309170563428 7.287723381709709 8.518322683700436 9.974728314980103 1.8756783729013233 5.659091961432503
5.595287921010816 3.8561899797539665 6.635580775347906 9.940336188392326 2.879989920726509 1.6597343627153274 9.675081626867197
6.377062059153584 0.3185128884316679 9.460552723545245 7.3552224621887365 2.5611054453093334 7.963274258774071 7.75531042621129
6.070610501784973 5.639986088310831 2.1378792071919603 7.833407589253832 2.0927924728819147 3.757597461670543 8.132370070363947
#
