#
3.0407065528423303 2.050561224576216 3.9794618529336203 3.6919375524255296 9.016037893473644
6.993170117573619 3.637266233583741 6.6832753416461115 0.17356359121006903 7.553095218213995
3.0964197422485844 0.4096533120515877 6.979115424265413 2.45474690701923 8.150478250999114
7.865230246357441 4.0808728429560714 4.711079380908301 4.950564126880039 2.6485540559046328
6.705664591480899 4.681012916502313 2.510643209787235 4.061839020254984 1.3197081276377909
1.7477765444893798 9.014794985685683 0.10974008256097711 9.267956032328764 7.668695826087775
6.881735989272533 5.20958519986821 0.4248874189739311 3.0119864456732723 3.468948641679936
7.733502139077406 2.479920256284512 6.327146669681451 1.9657589951799617 7.288919101059185
7.243505830223091 0.6184263899150357 3.723074695578095 2.985287777156403 4.92868918769031
3.392956944611612 0.9017673426893928 3.622421804692694 4.623086554294705 6.011433572196736
8.58413894959589 2.014785844242383 2.766374306780373 0.7770861413392902 4.8522003570111005
0.7161532587758614 6.861182141958546 0.6379754821509058 2.6587969297563645 9.683032569878975
0.838806657304243 6.584561673839241 2.8971995410153637 4.869996838555671 2.7342704114700362
5.461777853176877 1.7178030232358261 5.090192787055902 5.496483820221965 3.9415786186213553
8.045047805014775 0.31878631721920936 9.8316775663946 2.2670882074434977 5.579995833530555
1.2610319851224845 7.2979135258467664 6.274918730935296 8.13028070036794 0.33096615753159053
5.1674172613344656 5.172868039999825 3.14517621437441 4.513722904018062 8.11978576299031
8.79604348008196 9.507786460350683 0.3551814883726605 3.6492886407997664 9.443123856348247
0.2194635423760536 4.3263573503998005 5.675599771255069 6.6630404081458785 4.112410601475837
0.998093123838327 7.009370538699294 6.519758320499621 1.717248688164923 2.218070414817908
8.536643698668723 3.056130572945375 3.357537826385241 3.4943227584809815 6.416476559677738
4.235069852458562 8.280271860498534 1.7764608292902024 9.346809035585451 3.922534259658431
5.743553199501139 1.3496974705717748 6.922026460913948 2.1591392583467854 4.77447501728881
0.9470971924246046 0.26714599808145856 5.074650148145074 8.579840807088148 1.8978709189565546
5.30822340351488 4.316143459911957 5.543852815798915 6.315958058570036 4.807936511435066
4.0998150686383745 0.6630127774116144 3.452290468267698 8.473346742643823 9.662084897796642
3.2347822784410747 7.312778522461368 9.06389087250314 2.749020723951752 0.19995857289758412
6.063997405863832 9.041235394773826 7.945411618448657 3.4815128561648336 1.0577610718104427
9.821378777285894 9.723808447172356 1.2875780841423143 2.595791937211945 9.801875525049837
6.294679410486641 5.021608660619615 0.9516812062360529 5.043687052697336 1.6473449081874785
0.5592055381064309 6.3570555626896805 6.048859858675594 6.376833437715385 1.334790059222092
5.629860295816292 1.2140029851030563 1.4100823960639723 2.0568929024988067 9.000851350708597
4.970189307937442 9.86577728002234 4.963970479349133 2.321813493797512 9.93511761547651
1.2287767396724725 8.836403876912408 5.643571718128764 2.869155061552104 3.8723085080092554
3.095031730934286 3.2519707040400174 6.320137531559481 8.052139790286809 4.329612313089802
2.348099364898656 2.6782988335537485 7.004530930066139 2.1574657860229407 4.955416314025739
2.226884812670034 8.900948816386737 0.30780608944078036 9.974258493591162 1.035986387307286
4.938483220475838 4.529830849911047 8.248573603201326 0.12243907176247681 9.41101717195963
3.242881360694971 0.7605428226316677 6.739779751070258 6.9786240923983565 8.441811969129326
9.201596735197025 3.7080061838398697 0.21601115212915634 8.542445608459516 1.1442176856319923
6.7294630542349685 0.28174606452969453 8.69358355690343 0.33511616771228514 5.982689059440207
2.041461932750293 7.680427922525077 4.48048991144879 3.1376510621951077 1.5881717496174783
5.269663684028123 0.9096832470408831 8.33088664477246 3.8742246854641067 1.4843752332810252
8.827479197522038 4.66519271820206 0.9046030538982253 7.780229227135477 2.1662990136109985
4.744687234818629 9.625363731797638 5.840658385118157 0.5094008404667019 4.237351117955369
0.27264144348973396 8.169095486826052 9.300421376049151 7.555013709912313 2.6408947559750855
4.741425940229424 7.214262042488963 7.382167035209054 1.064628319608659 6.3875532969687026
3.913802826512559 2.183116985073573 7.981128985954246 2.6948625448031494 3.2118447303915962
4.532794517577345 1.4275447229802474 9.252317912434767 1.2257490638121373 6.637965524869031
5.676749659824825 0.541600945147592 3.9869593310023097 4.407496766270486 6.906292168529772
1.219548348097491 9.010560846761932 4.001191720867341 5.336562704687603 1.7655828707887746
5.757474733914126 6.311103474200029 5.944077458487376 2.4052118256583834 2.6390253382243736
2.7216908270892897 5.041238576195025 9.103033216612655 7.047525625163113 3.9349812613998028
8.169936055089332 8.804960121855828 9.106642749522962 0.11521732750470193 9.39794718694127
2.3393923258151372 9.958933119268373 7.230773697090515 0.16199970154836674 8.335302806781907
8.458642567509935 3.8592115818777146 1.5231368866453727 8.366841397415111 7.460881243788377
8.799391941435028 0.8627860874433031 4.784548448872414 4.660937022699727 3.179075729807158
8.946667811692848 4.389464296433019 8.802486693475508 2.1410118584267352 1.4537366136684398
5.336279196032853 6.251287216414066 0.7048563415312339 9.297886002470712 3.688323040664737
7.000294903328245 5.2476808144239895 8.457149956540007 2.338794135369545 0.29341904403255725
#
7.139991794500964 1.1940713581033213 6.609109075567478 3.697082763362462 5.237913365473019
9.97414081984296 0.30565325984630043 8.817794897679192 5.0047596704575135 9.897903893643036
3.2892627759229534 8.244240859987736 8.39410782776403 3.294899463943415 8.416262207242255
9.28022287805337 8.432606630093094 3.8096170862344128 8.942132788848163 0.30950565232418104
6.865848860008607 4.736785165217422 2.607569214412376 9.756844851213238 6.6242939195303
0.8145940256455431 9.099525353673268 6.648888827790247 0.8928083161457456 4.908649800847901
3.0193060865787102 1.3220583963142838 6.159555913882692 6.918978814331111 4.919778893950809
6.338691220197056 7.8658914584470665 1.1213170064313607 4.883920039500556 8.880959397841004
9.182470181405654 7.7131266222016714 4.7238367240815045 6.482078884828854 3.336401665626653
8.380597385049471 2.1888010344092734 5.943875174246234 0.4275157310947577 4.605817148614632
5.758178418364417 2.403438241559415 6.941515011710933 3.2095092115596655 0.6286761995820971
1.669234599526793 6.349839537194892 9.626732325595043 7.790288157817043 3.0411752747351244
2.366026257750584 5.68796580674545 6.916370313886174 4.251601277245581 3.5652586541639772
1.3610037392962262 0.7591854542980867 9.0881277115173 0.2089570591363481 4.874623781122413
2.9162833412332185 1.882798610844835 7.473690818791206 6.8581461126935075 4.669942592275316
3.347722760261437 4.738463837673995 1.4987001283440504 0.24807890467300897 7.317414327842979
0.6185399791618202 7.501717869972744 7.116213433855728 9.76367277070267 5.434184187879828
3.5439134162603674 6.7379767548730545 1.1792451988275263 0.142675904601969 9.529180705356222
1.3528396622982894 2.1961550708734787 6.4792229170746225 8.824423098418494 5.407792465495363
4.4169941840383675 4.444567521334292 6.555398525042785 0.8979962760461477 2.9924801369762233
8.967364148636666 2.9848668937186864 5.2885703800801585 9.819404192843802 8.660015028996863
3.035750902417523 7.926928528066941 4.446818226831224 7.982705525130198 5.022389586403125
0.27123386944207173 8.624316097068208 1.311672839210758 8.59758215016862 1.2072097954007814
4.447955015953154 8.00177841567243 6.301899900811701 1.8905142271054238 5.003739199730041
2.610006753578783 6.57403102012445 4.054149925593322 9.788297648876508 5.3544380364717075
1.4708113324644065 8.837102432685695 1.8064589658883534 6.643278004437051 7.20133803690582
9.374918689584574 2.8756474226540063 3.2878644565441326 4.354767012410975 7.116609976246629
4.476088317187058 8.79735460042659 1.0803654125962323 7.157664088301282 7.147652293042665
9.22599399231281 0.7164618760502108 7.5439495447077665 8.649415964493393 4.807841800329704
2.4897788942651307 8.205643746106801 8.162990205994106 9.655581126829047 1.578173291224095
1.6456634904480683 0.9891331822004013 6.355596819428167 0.7594710858793627 9.108675084020634
4.522885733813253 1.2658902160394678 8.755810979778369 8.518682712216089 2.560463411014169
0.39594364155687867 3.534369704403069 8.816679208741217 2.4955266221765253 9.062559053048622
8.618324739711435 3.3281980182924764 1.7799058895627744 1.2787977983310808 6.993430705075951
6.6846443918381455 7.92830859857572 0.6251548637810984 8.75007946079133 7.548843240714363
1.4241296003512405 8.325194338843039 2.296539583277548 6.473138392978147 3.3278845074535077
4.096221226022164 3.3303191515105586 7.678489598405662 5.385211463071222 7.4467391209436435
9.77015846106693 8.725573489553195 3.591052962895728 3.0003771032556834 2.5451270463399416
7.884239398393371 5.088247976600716 5.249993571150115 2.7872301167662323 2.590155634130387
2.0712134963882183 7.451733163837747 1.2563876373242553 9.151089044614018 5.936934753481051
2.4011646287402053 7.680526409258723 2.5930682616641434 6.334831440119267 5.1376904697827275
5.979510538240315 1.4023746307129907 8.076130247657684 0.36056817125309415 9.539560041201664
6.391431399677282 1.3123822193738026 7.860981350674057 9.206924119046173 4.469860436771963
4.033983995272774 0.3973389044747071 9.506807901863198 6.908839862458137 6.10993503033182
1.2840209835986651 7.085790181796948 4.773442712571342 5.387598819573782 4.971931094238984
6.198775423259654 3.126851029618841 0.1522970237541701 9.134491479486343 8.994725845601579
7.802943780308809 4.69969703258241 9.224522700504057 2.9158890070547088 0.44484216766311757
6.963769332392554 3.7188817151516864 3.1412421456983406 4.789774340237438 7.375165333092484
1.419514542485008 8.887369647095298 6.084688538064874 1.0191620977756477 3.82952482166689
5.070852730474633 8.182593274962295 1.3523557479964463 5.651411660435007 4.434740579730072
4.589888443644132 6.70416584223373 5.812664408716993 9.909617084278636 3.006477029518335
9.008064640140642 1.3394730668723285 4.950651431945304 4.361247129228722 6.1316720230927855
6.928004723432941 4.225315067306001 7.31110597675692 0.7373535014892347 7.476621872681804
1.0614956775939777 9.926367209683258 0.9088100488667399 8.462996454702923 7.769551116465486
6.126509353908829 1.4450631564704377 3.161076987071679 2.397788548597085 9.759450836877676
1.460511199527073 3.891345631503813 5.683702649882459 7.69356550004882 6.376309798640737
8.945974340801122 9.59795083565357 2.0932037950826814 3.478356373293408 1.350568292266821
5.364288493924375 1.2337441341913635 6.422719286748375 1.936157315686847 7.888822423349792
3.6544500906263595 8.17637564498614 0.15066604914624815 5.473169384715885 8.023437475593164
7.040061590678539 6.336883010036983 5.426955754444226 7.177581698453888 6.58514088241736
#
6.171817829162306 2.81918110143607 9.214528753041414 3.9157875968529345 4.271841968694199
4.246340444031251 0.8455557334692108 3.2243103313665626 3.7498752968385523 7.869801925988822
1.1463184516635527 2.728464101389624 8.894649192119168 5.481666615961973 0.6507561175852903
9.619517401901426 1.3471249077462413 2.9901278514042793 1.9349524246493703 5.266660376874883
0.2982866517846201 9.499661100830338 0.32179488443578386 5.9983294428671545 0.38543509993130165
1.9846963388227614 9.90600479225535 1.85684674685049 0.6300379751203664 3.403773762368078
7.528697052919003 5.22974075758358 4.270743680377664 5.998096736927539 6.2355568241294375
6.08386132049697 5.820529106974259 3.520528423988849 1.5940631819060216 7.590001141056419
7.759477366788657 7.163720970557472 5.534956545821614 0.48110280612742073 7.133668347816837
4.7730948476640265 7.138969429044279 4.852505779523054 6.8501827986212875 5.951935771829899
1.1327729748987525 3.47606219044562 9.083971816611935 8.799833955022002 7.009535034387264
0.6251151159580592 7.206946864108776 2.7888088226641545 4.681693188830208 8.989669260508304
2.5289200996930985 5.058596840526116 8.77110368269987 1.4176976262516563 7.794056167999296
5.991358005707468 0.8405815137761135 5.095664421572737 9.423520254919659 4.737174396074185
0.9780979980547206 9.959142887920407 0.23918308417526557 1.8971667642814958 8.302759590151897
0.283267757979516 6.7387177691768665 7.031977126882872 0.3356723721571431 9.26948577261518
6.71228152065591 1.442748509625147 1.9106518909243517 7.867227346267837 8.21092795686818
3.829149810499313 4.0852972477291 7.3612527629153925 5.313520305734947 8.156416189439227
8.625116011634264 2.188073290125018 5.885507513008897 2.37063159302823 0.7729483339523302
1.7840948569434913 0.4697470485511577 9.71381069872617 4.8600840394408635 7.335124705239461
9.168881702124812 7.044576612835419 5.47225144142803 2.697326700074441 5.883223068884859
6.7865447406276465 1.1100939098652667 2.570611140416146 5.4901222530613 9.986123121957323
9.621507720433062 7.33283311784799 2.3895710711226728 6.692062431886341 0.4062782714740081
8.848599979164684 7.13251459833293 4.347230584057334 8.898152355115897 3.715215914315827
1.2087732282138361 8.46392176023543 6.374585657293113 7.787854855283595 4.46206784886589
2.4780221617380205 2.797610563632941 1.8044045146914205 9.777361052885503 3.255081614294341
2.368303823684878 1.3009174872075477 5.707559030958814 6.60179765668041 6.134117848818217
4.729266522424124 7.158323850531207 6.606502790250001 1.7651630338316693 4.789045270564744
5.302575337899051 3.0474940491368745 4.594039382749246 8.115969598564778 2.784336904444344
5.5602107553068105 4.47531556732145 8.740114021857762 0.6897604092349665 9.477554172563263
8.89503253133619 5.081615198084995 3.4853224305285426 1.1817425164700812 6.266905685983809
9.561027848723118 5.651646344084676 3.8424288818827894 5.772989318385485 0.1649939568748211
1.1743648281610484 4.373840299417227 7.743574669396871 2.7000119093921993 6.418775896557787
5.540666291557873 7.5431628632808945 9.335479596766056 3.961322987827314 1.984734954879324
9.810976946717357 1.662347973397082 8.06452493442095 1.3512036673494618 3.123594446497409
4.396272920571796 7.439651155632374 3.986455187815347 8.686959154842645 4.479651740409818
7.59744335849477 8.858233769030365 1.7522852739324524 9.767523503563723 5.536024126616778
5.049670937168335 7.882099688991928 6.197938508458421 2.0281268815691873 9.330068999268132
3.1628152282472732 7.97044939545925 6.538134494677218 9.060398902699909 2.924989711859959
7.9439466239637575 0.7122720027953084 9.442780543862092 6.068523554368532 7.95791531223988
2.2972302835311806 6.711708994340549 6.833670703760271 3.5301653717365498 7.427887812298231
5.735506814691589 2.5833016817069847 3.4724368865653954 8.242629130019953 5.522480238013081
3.8620866398355194 8.44847137758007 4.490707056629636 4.5600518569140815 3.8776834606257458
8.685875443493918 9.320642290397231 6.714191433057233 3.7632581703395713 0.5086537800865836
1.040120808614911 2.887650165715639 4.130155259179919 9.638046811727818 5.061390286826386
2.513439744818825 3.368431371454715 7.489518227204568 5.7113394098964845 5.71284788173224
6.268949914402084 5.204373539717489 5.759940993671758 0.5152744364843871 6.054511017632789
5.73284575049366 3.4216693806628857 9.82416860469947 1.2362607010841042 4.4867861634671655
1.502181255317335 5.429514600075668 2.76556514676557 4.00619820627761 9.023777440486889
6.9705693449640105 1.8511978445111765 8.663595744504965 0.8211279347937381 2.4816037024444904
8.625451871979854 8.166458205859284 1.4076986238727573 0.34608011511063186 8.479352716153802
2.5107554851706966 8.807647776803385 6.173605932603499 9.377740785020343 5.609253571266135
2.6053113103274512 6.161798427326557 5.662557377366479 5.29710375409273 6.630056719989529
1.2427581217123094 9.180513126666312 1.3812870852023562 7.619076897196722 3.9015170035305236
1.2263181302874155 9.40306965190756 5.731693626051231 8.578865192115508 5.7916843026507845
9.193010377917208 7.259007580324311 3.26376584747661 2.38210362059346 5.871269270689522
8.312400057670288 7.030667209760441 5.342624462068226 9.029168724193976 2.2757802569600236
3.641299563481309 8.683496613272814 5.978516789648802 9.658827420326142 2.264303137598164
6.567687445976233 4.782778661146941 6.299621219246094 4.770821582903345 3.8266642738312164
0.44293698977980167 5.406193977886856 3.4987386830730216 0.6654927589733832 9.722155512606761
#
2.5214023235885894 2.1651092412218236 3.0324980465188847 6.5161296074898285 2.845644311815417
5.10379509647698 1.0026404485927518 3.97046125759847 4.97559592235498 0.4903024056554539
4.784592613120235 1.218923158913134 7.774551366787533 5.046163740380705 3.56444376386107
0.9445429314846505 7.9322650398086445 6.641180580689381 8.418043808212515 2.6269353615532007
4.115059294613324 1.419100032436917 1.3184800480651853 8.114298150051454 1.3635732410507209
2.3540475814379858 3.9877734583424806 5.758357799893329 2.785221664615725 1.593367830115223
8.975882738229325 1.6510520427024575 1.927000806265743 1.7856785463019453 0.5506281104871595
1.9034078524805156 2.4426353622443586 4.9663907239251746 7.347568263275914 4.11505549823983
8.953482781560972 7.797141916618482 5.241081749180118 3.9082792413789496 3.4570486519502124
4.548396930354274 7.1295867783901254 0.20245042071967578 1.976171122287905 9.827616380289573
7.855728958455317 2.4074310698913015 1.5792951553196866 2.6893802380280984 8.45479171017762
2.432705969266292 3.1536807433244958 7.7588985800298165 4.6761997326571025 1.0537215805853997
5.371746551483345 8.084900573462923 3.99081192862727 1.8564865408480364 7.379180515541039
2.7363879396315633 6.505796072458801 5.128136306949457 6.470454200175697 9.26737548683709
1.2139718234920802 9.007479127323599 3.379238558823531 2.538693539399815 1.0951131964673082
6.139332662240912 9.57243402868566 5.868537433053957 1.5179730303743786 2.1419747127899837
5.648540207533757 2.834583827733198 8.007421375661488 4.711887333090856 0.7611732995396414
3.31093737170122 9.029561935826102 1.0039331264453777 7.508847175878204 1.708873155237844
7.633019921342614 3.5588022168513387 6.993313065903101 6.25003787530587 0.34839676271621034
3.4264657839379424 1.3073740605165654 2.6938666110494793 6.925911437202224 0.9579176198476729
9.952986705257322 9.073780531488307 5.345153146468837 0.1929644681380509 3.0635627819722426
2.185785100337999 7.90069105323653 3.2422791986941073 7.7243793129628475 1.955931783888007
3.2264025157961065 3.7910366731558542 5.321148538559477 0.8861586072333525 3.9829764649814403
6.483554733668816 1.8177597463521544 3.890971104391145 4.262438828687285 0.35642839537617466
3.948826054669643 6.718513598518566 0.625825171492953 8.021104971731805 2.923595961037463
9.534815475597236 3.274855061370147 1.3713730690352084 2.040039258494516 0.9369221646308246
2.863500145406811 3.4209517208558857 7.7417918006637585 6.159605458055065 4.273289723909294
1.255146426033495 8.811893906458721 5.252301028627507 3.706498368935775 0.14085400490808553
5.858948395217058 1.5747461525082458 0.8628550975380591 5.072851900296018 9.213167777346253
1.5302699359087897 2.8563030326287966 1.8502160866512485 8.1357173861204 9.796498357305886
2.1319301885044966 1.1312451523917826 5.09307349232097 7.780398551847413 3.2686240622584295
5.402304216370057 0.2189603258084878 7.991682023751009 8.071143405656596 5.804580578802754
6.4856694289566175 7.686155384670979 0.8944901603144801 4.635260090368162 9.500999869930325
4.609552070186369 1.823665739473343 7.461329573139392 3.697313272614803 8.354314365262239
7.959057160888113 6.6452077653946375 1.9856438325102541 5.56739505676492 4.968165066376832
3.436487163483744 9.717098703926219 0.8202544784569765 9.920773664785264 8.845104697042867
1.6920647012167755 4.9915995866855605 5.69488653569596 7.055559913210002 6.009473700718831
5.244946519633509 1.2423667633189739 1.0659231780133958 6.791588661922511 3.245515769602618
3.307551693440776 9.529580931174472 3.426560504263397 0.5718676192736876 3.46362019982506
0.7160688741752104 7.242358991199257 7.934102613661462 5.857465382364454 6.7159362297193
1.7212541088394944 1.6843779161885326 9.379822841177187 0.5621608892484007 4.103223460599134
2.7888305428993956 9.078346847330302 4.229460720992521 8.687735657286304 0.6839752477439989
8.621698510221135 2.51328726752272 0.447135714324455 8.74841092582755 5.315081975205122
5.328676689574187 0.5011041762193438 1.650560738495681 7.808716501588634 7.906060400036178
0.964077608104347 5.262357827162453 8.572484009205942 3.0622234089561324 4.560537790416399
1.0139281273037026 5.5178554345080295 7.173692845116298 7.46454437540717 2.154828113202198
8.3243828576697 6.0027008851181485 2.2930127223355257 4.456331733662246 2.515001522625098
2.935856467947796 2.047227978682431 5.612942136512823 1.2484318491533468 3.213898683703481
6.065628982082854 6.820088321266251 4.390320333708152 1.9999070474528486 5.0734695451388765
6.356681651018253 0.6339004336353158 6.621576124097122 9.032911019535481 4.780177838734858
6.223819993174127 0.10378585221566805 9.67235164708047 5.239392429820586 1.6439037065240325
1.6630299076468282 7.28192492023388 4.428133451514443 7.901799529756373 8.362335823549035
3.415110203848479 4.103830670601183 2.9032418209484874 5.57187949587169 5.91559166846927
5.008276237165154 0.4491816692052364 4.334173516389954 1.5491094981550955 8.04800665748725
8.14378942123004 0.20013664286819655 4.548262519831365 5.647158574219131 0.5306622723305274
6.064471671337837 6.993357868642397 8.315290540844503 3.258594172566336 0.9878422884358651
4.172098716097441 6.2954435372598105 4.921120482094381 1.3317727283066536 4.267089192596518
6.260729198369833 9.878888813086991 8.286150566753035 0.34933356570530005 6.294889066192528
7.742907851490404 7.8513368332296 1.7672930897952268 5.8793169555322535 2.2962243874664936
2.737898384567326 8.436779688202492 0.4853836932301947 3.497349461621453 9.543516823578049
#
1.3525864485657273 6.436826707466232 6.9640115442485575 2.028606794350456 7.560625450664811
9.832764795208995 8.281671334694064 3.580582219043416 6.778388263291769 5.6250137260125515
3.9324650102952643 9.006880482788404 5.935398386252438 9.371560653164416 8.230716195278967
0.29734242201022365 3.4016606667664973 9.34111860364003 1.4163991535702714 7.1924839742114965
7.220562321383172 4.721040857506693 9.94419100344977 2.7643370395326836 2.664206492298796
2.6633420923988664 4.320184082903476 6.807757349791414 7.360533978256987 7.594451235314937
3.9065926603871843 5.157823751752224 6.3482050612564676 7.9302599829575655 6.124661349825249
2.947720031393161 9.686947536826356 3.046375584950758 3.5644393727915453 5.747536833094791
7.31638550832085 2.2919160244851176 6.878995892738224 1.1646534535136661 5.429035772960408
5.19498355217394 1.2522767088148452 4.376114029792629 8.431497810124768 2.263496953368535
1.4922703509317405 4.526563400909436 8.396614360890029 6.142953819384089 6.352514334722076
5.31188843216791 5.818573741817049 2.0065139613013043 5.045601971609425 8.971787126600226
7.4545512531428955 5.268529529547908 1.8212289333043685 7.661748510997684 8.440419377733585
7.83012590442787 7.207253171749705 6.050094530615047 4.181428860624187 2.094339327966873
4.723279081302061 8.037747938904852 2.066509950979731 9.16528891059926 2.6794297909665454
6.110580623583072 8.976224234357062 3.685763459730838 6.819595092364958 3.7219976226966818
7.105193264632298 7.383012845095482 4.283119053517728 3.4760204556924337 0.1559223322444412
8.090283473800003 8.539811886448835 2.9275147128332204 0.4180049165310349 5.98244923097837
6.056957265177498 8.282870815841683 0.949368507135512 8.897177196537884 4.301399751322204
7.978267366282704 9.54653123172385 2.2303294119379315 8.718096348705725 5.327565094357721
5.914036766547718 1.17964892597628 6.16190606269797 6.431037576725017 4.304168743629513
2.550716421450655 0.2965947761541683 6.6849215685936905 6.619224467796559 9.46034944814405
7.601240773860189 6.954780388950552 0.6826649018872208 4.8235644592609175 9.389277512286622
0.9108653460072498 5.532738311188933 8.757744691546016 3.484830884294312 1.7211170590648228
6.363201545624342 8.021548349892615 5.7453241005529 2.4148978957591805 2.3780281041581244
3.25845587577402 2.898956432135067 3.7166423411496545 6.695288874522151 8.391735689025776
4.831195465028564 4.796574415044527 8.465856606074576 3.1976765354274947 9.615198753905762
9.824147790338413 2.530686035724516 6.948306147637383 3.650690910988648 0.5212390486549676
5.994481860973053 5.685248813460406 7.441313688315292 4.594241782241557 0.7674800371093395
2.5780235170219146 5.876314289175513 1.7964816676095312 9.610330947921689 8.650554754375609
2.5863326168703686 8.22689557754828 8.331960285474072 4.341951253030437 4.389167084414318
4.4707276856807825 4.090463485089239 6.346451060636074 6.37972880062408 4.894485824076572
5.662450166119367 8.279093537160449 5.814877081328276 4.524069132812802 3.607973752230865
9.311970211603207 5.983091251443394 5.870225853454374 6.3349447343230585 5.2216866878261055
3.4203665053868586 4.870973156560439 7.37837399708302 7.809576918408176 5.695126571609901
2.5874957754596823 2.7284756495567213 9.806192425837786 5.5678121945396555 8.250344594148999
2.7080998906535325 4.4388325402021485 1.767465630014768 9.340928455346946 8.947343079814999
8.35594136831489 0.2530071552849851 8.260699996936763 7.933217602242534 2.111924713165947
1.9624153398006254 2.027661589551172 9.031726592495508 6.476731421921107 2.5051398996392122
9.74375842446316 3.3830633555615934 4.921357927162051 2.869991897982543 6.8920518678245255
0.4099871531967034 1.8820927827228071 8.577381729783347 8.995801779801447 7.115894607632862
8.387944686235382 5.253265489592046 1.4770055733683995 7.3485517245481144 5.148092293436195
1.0393205552104208 9.950020820158539 7.174956302187628 0.4039397238413658 3.7881303452509756
9.088125058435399 6.267988067334049 5.447635834058196 5.077935036953523 4.906800554356724
3.060267225515625 0.7187688540827404 5.375903670356121 9.159608081381212 8.57809279030843
8.52425865595561 2.217071357757568 1.1876359472138884 0.23405570259412123 7.931743394579213
4.993451281111559 9.198310401138922 6.196936604694216 1.2728456033214095 6.951482149446728
9.577646576270379 8.236086551678852 6.89294911661254 0.44476955942687724 2.777616230777375
9.595223654165217 4.369535728199299 7.57984706823012 1.3606836176502242 0.6825315585901333
1.1832410582651476 7.388425245121686 9.284822589073986 4.23697512023779 0.5667385757706915
7.486352411293507 0.7220949958944907 6.980091295095647 9.244062823893984 7.267763896197492
4.417033699054046 9.0388266015539 3.1836651604235318 5.020082758197114 2.0816415212423633
1.0780278745638268 6.894733460560611 3.6171205690286863 9.883512491740639 1.2439854337121323
7.330486493413449 6.573175038169877 3.0754280442198336 8.863589377890712 3.7825345252949125
9.794446471599965 9.472045339579239 3.4637833424643105 2.5149329458747367 5.63076517423167
2.5885090706493954 4.533274656250904 3.5271380669849774 5.026050426828687 8.992642710693795
2.8062070007799673 9.19602705420601 4.373301652335399 6.6690389502605045 6.896025029696996
6.329493395537019 6.688010747087656 4.059083035194567 2.6176797845325614 4.206292377867804
1.3124945224175444 8.413361084080153 1.0957026047738503 1.5426453044388078 9.536752557309054
1.9604699323443855 6.5789342566227855 7.769332342087136 0.2643648606059985 6.4138120886552645
#
2.8545891440251348 6.871027360093088 8.32717745878668 6.980908163108609 4.010862183654881
9.22891693482616 2.1003876194009523 0.7212905565675554 8.179833184655251 1.6909611735821142
9.166663979207321 4.650251236301905 5.605263707194306 8.69175373253919 2.962384331927724
4.090935851223985 4.973309263103481 0.5489227320297898 1.7160611124630223 1.8832552728553429
7.131960484544272 9.868794417315813 7.573479079274339 0.5707070469205977 3.4219161126697237
1.5918983316146527 7.0237508903196435 2.370791842863148 0.9735031368032798 2.706910422527443
4.527028006030486 0.4076540269790341 6.121309359481398 9.052339178720104 1.7529614248785563
8.72557501086862 2.4779870516220073 9.626483528287263 3.495200746493693 7.343996304551604
8.381360126503594 8.202783866727907 7.143836449015382 5.289094026069877 0.9989694061337433
4.290501026865211 8.79938434407799 2.173341729008439 7.510727945869027 0.7883220492252896
3.8784781289586046 3.4314606174550626 6.451777612301935 1.220667211052651 9.678363090410913
2.9547213554858973 9.780999191135866 6.797872432239323 9.913679671837873 2.056879397366866
6.007694384026736 4.534879865307565 1.408960211570132 2.0837900657983934 8.281306855178277
7.270304557499546 0.23603296547337216 9.949083051364656 4.981463008986661 4.402481205983199
4.4455282504659905 3.7274952647922315 2.932045063395529 1.3664475544859762 8.37325861936511
0.6562207125607458 5.669290532735011 3.812689304366402 9.850214744149756 3.603212290805115
8.86338093001707 3.873380539804552 4.7528879824334025 1.583330147139106 4.565167706463292
1.2786916520047678 5.577397857822337 0.5382419498377109 8.754614868574919 9.68535210567884
4.255376861734636 1.623254636389495 0.8413887813667271 5.353840408451818 5.722520502021657
9.558467873630223 5.830747400056745 3.727518280450608 2.399933820019926 1.1391597705402314
8.258624991846416 0.7744988609395218 7.361499333570595 8.82832148302773 3.3322279828559207
4.887458868123931 7.444150678812095 0.4728550383408674 5.264199102882808 8.886274214702723
3.3501331808278643 0.5415919117609951 7.936609123737227 6.435880334020099 6.03169765502254
7.553706141608698 2.223934590205069 2.6879044076283236 5.428768081376042 3.165635511934672
5.449466052581432 3.7091013511547586 8.584151445127594 6.409165055504806 5.3215581181625735
5.111468625315807 4.342752928634349 7.736935900125404 4.552743651229595 7.693221625136962
5.63132908206464 1.611031924947405 7.330720061431807 5.595062692567022 8.392089247340824
2.37821769233053 9.530356792821632 7.297704319620436 6.683132766730416 1.3655126877165191
8.315605012878219 5.1919758055456855 8.442220142668164 1.2996772094512532 5.618669333581037
2.03863457955621 4.937423207072406 7.324998470180435 8.172688949113407 1.013858202114668
2.501853736152838 3.160992381188784 1.6551136437116916 7.926179849560414 8.715413990701878
6.173824218316894 3.615467182678512 4.270364476372572 1.694666636955148 6.462068389149398
0.9667275666996664 0.5435258263706979 2.7909292528501077 9.931015519816665 4.374556622310671
1.3701930215396434 4.86793254029889 2.967238127979738 1.1614110670311861 6.080055318919489
1.3439205864197383 7.911445722952822 3.0083791417205656 7.158978232836579 4.2895153112801525
7.162506276255591 8.408913414706223 9.477818346681962 0.17276041273091902 1.974199114861944
0.3750848949712431 4.583502560791909 9.48722956810082 1.90486765605278 4.20096600822894
8.679389801535148 3.454332029773931 4.631805833052333 0.25738575924359797 7.00326029745705
2.71722676208411 4.778365712340075 6.733842547932603 7.497592528152184 3.5921584474952324
0.4911042656612352 5.58610121578353 4.360893907447088 4.927854119212798 4.584862220318723
9.683308091627739 1.1673910260473819 2.1128987376724595 8.014869277287477 2.458215190402282
6.179091111437671 1.2377451868466434 3.641619832648807 5.638562581941616 3.7699978466192254
8.2417241455735 9.732181748836808 7.111918571396246 1.1620584628107156 0.1486562877424653
4.020746962905569 1.720831044849667 4.922475199651084 6.162986208175538 6.369555326416053
8.993248397075396 8.952559287776836 7.580678010715795 4.200966584484783 0.37286729421999
6.957180146478857 0.8627647613670586 7.3754679250357364 4.349372384114976 6.5626067918289
0.7505913267844795 7.501490122138404 5.345176814448828 0.15568002357745492 7.959903521675129
6.031743225334618 7.845719304563412 0.5362983725700285 8.415315273675443 4.432015060163572
7.794042665172379 3.4494403068673423 7.19709066714791 1.4212348252235056 1.709385688709883
4.095416231184596 4.545496892858179 3.6352500250295847 8.88658710318538 3.0304046865274206
6.165546259334205 1.2415699374842384 6.607365069528428 7.129918657960351 5.222504155145144
2.5646700648392247 4.448938007000586 6.416239900623038 3.8853134452680385 5.036925882074732
6.7120982159772185 0.4034456997070093 8.442868582623282 3.6484909759365234 6.24062265467146
6.231103645749647 5.291627486478916 9.37370210055348 7.613426706349344 0.6007438087954053
4.983771303187536 0.4882929554298263 4.431485593989837 9.33210493421231 9.111462325197985
5.935473460863688 1.4578636612062952 3.348471348872052 1.9173828887910074 8.120971017533673
0.4290537671602914 5.730972891343052 9.179325368867564 3.2933388409538518 8.602061061829342
0.25510020409829437 4.7477612347336855 0.8425783347786817 7.2352767446509745 8.720407037825884
7.781048224990034 4.814293641425738 9.089308895389388 3.0992203295112635 4.7716781480288315
6.041745083637476 7.226163152460047 2.2257392690693347 3.976506621652866 1.2875957590615363
#
9.282380769479177 7.51882177727968 2.6024468139867403 3.224438458395758 9.28264627820641
0.8970475537811975 9.633056320874733 8.339055546184316 7.245473700132099 9.156576231123548
2.5463423122876185 1.9521676715002783 0.12821936734910544 9.685913673913086 7.3777883090842025
3.6888992550174935 6.482905871894421 4.482937724104369 2.3040844618468737 7.701205723604934
9.179782468832514 8.51186516763686 6.89205467303797 4.575822024682029 4.148494675149791
6.3802375008422505 0.9263146983171611 4.053769227933085 8.423940966179115 1.362340440790248
6.768308617365153 2.1017998864762015 7.7210825094885855 2.3652243585594053 8.42566949629124
2.6760095949810947 0.22939821155262052 5.983808798304249 7.550068031018616 4.281610305079168
8.96386162182639 2.959695671989977 6.145333207420849 3.056647421421168 8.906477511757165
5.78009763935816 5.882466488758211 5.554747266742575 7.373444930492771 6.438175300575834
5.905090422242668 9.871683704182898 3.520839989388091 2.1968884624649974 8.729382079671925
5.120552524195647 3.9975271255587055 5.8055788867304985 5.650765949627563 0.4710817953853583
0.907280714264437 4.717905315772608 3.2860240405974963 6.853715378326298 6.88134830278143
6.036272743783488 2.8021740880916295 1.4317778315585517 6.494125358793914 5.864746907403401
4.2627814450563815 2.657893872309451 3.67213634825827 7.8140754642579875 1.7672174850286022
9.11727470670996 7.780653485127411 9.063985051148101 0.4864983333825359 6.795096259784208
8.660499830732704 6.093320269729784 7.128036196082373 1.6281310516358656 0.8727516600682286
8.35924453365366 5.075697264942735 8.79992819129255 0.47967429094241787 9.206807731501016
9.15780236064638 2.82329884359457 6.204436562968054 5.408988429177317 2.3656236831135167
9.228106057568944 0.7020821145158447 4.675869164645175 8.940360928906678 0.7169836411408568
8.439385210557232 1.3527021976194114 3.893712252016112 5.730351542327635 0.18275040246843055
2.278800270922668 2.9231271584688514 1.3518818006156663 9.505021658575867 9.419354072694983
0.6404733437789769 3.0284281589506254 3.142460191504205 9.306298229064861 7.956525920216582
8.879520544626173 6.988933565290396 3.878752371419396 6.300741608126727 9.524589573632596
4.354269811954412 5.954700001958921 8.767973449434614 8.977588808193708 0.7630503699679503
9.513525947803522 8.394863266904109 2.686435962523435 3.826287999510832 5.951931021176728
9.310745990639727 4.435595667335576 9.58160064332923 0.3748969110951048 9.274048033921058
4.569920300464127 7.208779300064496 6.424815078539498 1.831721448102435 7.3225498899520725
5.409882291885997 5.149098804942122 8.303815007338724 2.213556708829374 7.788805871046801
3.158358613077634 1.399469051940708 9.069094589543319 6.595164705287936 0.7429552868457865
9.645983196211976 3.3356987487491447 0.5277845981711948 0.949014925770232 3.8261778608840373
5.246425406494277 9.10337851833398 9.7214765057367 1.5001462170272468 1.194229116207973
4.200368207332298 2.876576109655801 6.072660271479436 4.203583721852299 6.2489670582578905
4.164649874021916 7.390518870190839 8.741919087965954 0.9107335171105184 2.0949157013662423
4.88148367589607 9.980427134905575 3.9822995672077637 3.2743509688936987 8.830200383644598
9.835372972950658 3.102609264769733 4.928236411949209 1.3760853527873018 1.210896408292673
3.948862047609608 1.596950998168194 9.064999526509784 9.14801287797699 3.6054647619499507
7.332315294347311 1.7987262186940582 4.084672074679907 8.198935600241864 0.8475078185781619
8.15878312112968 7.68782260116139 5.0500492099439835 4.144650179681985 4.817870175621442
6.863505128378399 4.900269969052232 4.229532884359251 3.3187101548464755 9.538647533158922
5.132308505285137 1.0915657055660999 6.521960717316707 8.918953870276212 2.275905853073556
9.24371287755056 9.939038017669002 3.0699304597498687 2.9392329745202397 2.1367848881256726
8.126231869188192 7.077621637663716 0.6482021194180012 8.401074290683278 4.597590003872194
5.991750622643565 5.900861455791365 5.610123487086995 4.906330868964161 6.700984771677987
0.763353037976974 1.2538359718406187 7.157569478616949 9.242273171477084 1.2356010840706526
0.40628165063827293 2.2443908313043393 5.947586402482722 2.1181603568997605 9.594235539050828
7.56451192521828 9.604708622501864 7.13425193363434 4.071533254748567 3.0463893943457836
8.864799261608812 8.545161313236495 1.0744654494161865 3.337522990346775 7.798296569671551
2.0642365156473206 3.2532279283281476 5.270790499313918 9.496719950937369 7.063941466858131
7.280557269191034 0.8740925613148347 2.7801248061540824 9.611638451684648 1.7090129203300481
4.20642988864715 2.401304693485448 8.278139536391976 5.180720265775621 8.427440745401531
1.2439927636864572 6.750900965603278 7.305584394688621 1.8539957994371639 2.639671168893033
5.09539763816758 9.396475074544195 1.7024700976564708 6.108474420001375 0.3865949254568184
8.528355869575952 8.967604465763458 6.97713976568243 1.1664157130328041 4.166140749309244
4.983305859037979 3.6837532672876847 3.104583139264626 8.233515060689188 1.1521401385548846
2.6313465746774676 6.476063167985078 9.916364046737172 1.7006077355823028 5.101227228984056
7.583144344234174 1.180551759835926 9.81363731710325 0.5433702050227129 4.954562478047927
2.6674827510997376 6.424300053337193 5.000092207884903 5.371432415983041 4.279994997715111
5.238342895053407 2.325808767759196 0.29522317430126055 7.5232474843909145 4.686103065040918
6.229011318408654 5.532808171837313 6.001230496878557 3.131711494103472 8.485250888330688
#
1.9726884924393815 5.598268608969699 6.317557048673638 6.0531734701951905 9.221579927874632
8.804848512624122 4.7962973281848935 5.65545569025107 2.1922827652986814 5.778410629632047
4.205364034314492 6.53184772091495 0.3803689651261939 6.68713522314493 4.013708364279872
8.078660928208535 3.3117737586521017 4.757887820156265 5.790866259075903 4.371590223191676
5.812145075426005 2.3146742278860586 2.162771405841403 8.881425524277478 8.637672416699974
6.513083671234335 3.02812773833939 3.905588375533835 7.427480768220844 4.547664827270821
7.029136040359534 7.662176742849913 1.1095372375006636 6.675548937876139 3.1253398655157856
5.06690825000799 8.4994426152784 8.705590838556082 8.670892897602378 2.791327021513443
3.072468168316983 5.2396362528879274 8.523682810406592 6.293021095996495 8.025537501712222
8.044462412058948 5.976939203992239 1.3225899808044983 6.848438359237844 3.829358156951926
9.227341686463296 5.12891349629008 9.783801949730563 8.97316425359416 2.983983454325698
5.211669796160811 0.42621509169140204 9.77284175030022 4.05524452587246 6.217228264819651
7.977593937569203 1.2250002285640216 7.793216201347116 1.1589794679100107 7.49817898602881
8.63023261723114 6.799978965439363 2.97923967473424 5.283150647774606 2.360974732183612
8.842861671883814 0.6393881848755729 4.420012075074485 0.6325390614761357 5.040561394903474
3.8956108213974185 9.108575645312335 2.633985695052888 1.8967178148791928 0.22804058275139827
5.611861818158501 9.461415791141665 4.709657349754045 0.7948879451828281 3.488716791812031
8.88079063555477 0.38041333221607143 1.2055714954285812 3.955632876280144 7.72735550382113
1.0478477310151435 3.495052429764776 9.819197510618064 3.3416927776280074 8.478975718056079
3.1980973773747907 4.919730188806944 5.987256785956504 7.9892727280359885 7.88267583188896
3.2791223073446005 2.8621466103270987 7.389649433814839 5.589443670245689 4.533843911738098
1.0382502268273965 4.442352403093211 8.745449348817452 2.4299681777553555 3.459963354005004
8.528074304055906 8.491660782611383 1.8745698018755226 2.711696146629214 0.26489101907119394
1.5834344701919316 2.304040788569031 7.013376717726555 8.321786866586606 9.378766110127039
6.59087564918233 7.397304794459442 3.9477128897322604 5.576015438494742 0.8899299320392142
8.75780390068139 6.13716391415502 2.4394195642064833 7.398873786988871 3.4847055325132574
3.270806027348341 9.015806828710671 3.4776383608178323 8.219223376402915 4.846787648111765
0.9741095815375695 9.120973745982855 8.475783820805555 6.392219844447034 6.507399283060199
3.118986038623607 2.7823643253725865 9.012181220567362 0.12978359309019982 5.9314334002978715
1.3870570058787837 5.41091157932787 8.472353305230465 5.3186652262389345 3.9195943199027314
1.5522492603869753 9.798725680645724 8.375279152143113 7.273830632428599 9.155537896464937
6.601314032811512 4.135323561840998 8.433019904648656 4.992093769866529 5.167829477884301
0.4406800284494361 5.847644330094951 9.488998728859936 8.264995603918795 0.5136898320316545
4.185557996513219 5.197072080836415 8.003740970197539 1.3454273456231283 9.446766180521056
1.4351178403909124 9.902859198314339 5.656094944688048 6.55707648063709 5.7946954030880455
3.862736815473236 7.124657608073823 7.815558087561643 0.29515019495625694 7.1536899905893225
4.4803028057865575 7.944998814117861 5.487061543911011 1.4363842893825804 6.032514993260269
3.6952424073464334 9.92916447771228 6.11403620628734 3.2012646569756935 3.109782285443456
1.1540397705519658 3.965243161822493 9.29864376507435 9.551315503660895 5.0243770559258705
5.076377684792126 0.7378605420905764 1.4745789208273816 6.164816244601928 8.800057876517544
9.642662584151296 4.126847437693934 3.7810895499380046 1.5778129307850755 1.5861798613649278
2.1490600642047495 7.090115053355721 3.088352812765714 9.4850929082453 8.078506788990579
2.9445478835828944 8.789780072341621 9.359948908912472 1.9273940178978703 1.1598389673302503
5.89853701951181 7.487767730219701 8.435477716495626 5.110883999932763 7.110749140838335
5.299130118579867 4.068458690102784 6.990553980586248 5.434783782084655 3.6239391808337387
6.078593800409835 8.21881441915613 4.452085133782142 4.658437725042095 1.752955157520006
6.4545201014505045 1.2583132769000511 7.8124057007167504 0.22678218290134833 9.542462372196015
9.617670170000679 0.3143207539488371 9.330918029272212 5.684536711064758 8.038206278972375
5.056068271376674 1.2980866073277046 7.4109755745998065 9.553956244467749 9.915074130302546
9.507354413684773 5.56316473265485 3.57055743958814 7.889495580070535 2.9716906840032173
1.8218138375952404 1.1570268756959181 7.746871631917747 1.5910919284078036 8.184023237701977
2.6543243776551266 6.033050814383442 0.9393212329571412 9.610158700440117 9.160131524528873
1.953761037346851 5.932395680710299 9.448693694080854 8.168950353334413 0.6320841144030176
5.282681128343726 7.997278749581259 4.116062705862816 5.487842206921857 3.9498703708639065
4.42841235934254 7.240200163933961 9.065400605186682 0.8648999045172001 1.6824308537255108
6.725760391465332 3.521556369907119 0.7169238649697327 9.544182074068623 1.3621628341293337
8.059849936726934 1.314355831096031 1.8869707907403281 9.53050027822156 3.4030095894944408
0.21249749897105996 7.470887407874895 5.418937776742721 8.485949455629092 7.354964829726369
9.98679451764021 4.688019917867616 3.4427177891816747 2.218273178503912 2.5563210581211187
6.398853775474442 1.5473429167171338 4.735244081910989 1.8979130317335744 6.922834180289142
#
9.72655726822013 1.5398187072923912 6.27387856147808 2.853473833110992 6.382476796473488
0.7265673889491158 0.5366603857108059 5.586051231351693 8.538809775232526 6.43577949385759
2.260967282417921 3.080220300757843 4.3642787213237675 5.451218448905558 5.039120780650787
8.111588053396341 4.511134491851817 8.326361010287972 1.6431089828706131 6.155129459943885
9.470412000017337 2.1536649476978145 7.23429502367142 2.8342085307427234 9.878348893632262
1.9801851637498902 7.903822729446418 1.6886530868333418 3.6212960428025793 4.080811139785408
4.61444781305372 3.2097772857779114 7.22669389561673 1.7922395417797934 0.3035891667365993
0.7795578432571038 6.770014226324859 5.653145266208599 7.093928435618041 1.2219338467512122
3.867988124330991 1.4619454450001808 3.7303861697857235 5.675796014029951 2.6293286050854547
3.3576766648580496 1.4482882506675754 3.880084333785363 8.109969415273511 7.831555113424909
7.4968379372607075 8.210761536485693 5.173932695720329 0.10188497089591841 4.5347029708988735
8.841542633783897 1.5883848167579582 8.454351261701516 5.524360954988366 6.079195529066304
7.5065229401356826 1.3193592623503312 3.892688335278697 5.545863854185646 8.758730872745796
8.855053212494834 7.619108427611438 2.4801529691391977 7.575805311167102 4.074618791305604
9.807236723591862 9.503946685570746 3.2072878766705486 9.27397407955117 0.7901690736739351
5.865129266985489 5.8401181199099215 6.898810394585321 0.33120792451808345 5.810363283138806
2.8966260027947426 3.714920606246432 8.70104467783846 2.42629382297776 1.101768497366404
7.889353913334048 6.933019269509944 3.058494634881731 3.988091012192445 2.1477150531014693
0.7308443505970859 5.933017774248267 0.7149329425219753 8.689610597873017 9.029645907827572
0.3943980911151499 4.493895192082015 6.54631315325301 9.566844194875294 4.61948991338012
9.390251495302714 0.3248089099477065 6.274615553516107 8.991848851424141 8.418987065267048
5.00056500505902 0.44229451292014943 9.585285368406979 8.581212950621548 7.012659288421892
5.566810961537252 7.3373387009341595 4.619105347890664 7.120069085636658 1.4271388821250612
5.8931743088744515 8.392162503288631 5.252094404027353 6.145758931407649 1.5374277733935569
7.525421188277058 0.5037461456036532 2.3417595917339806 5.698887876479162 7.760440767442445
9.633436735017094 2.6394615915579394 2.4379722538608988 2.321617612911299 9.03046835169207
5.624191849183801 2.468996907262829 6.100831524923172 3.357332209080302 5.98506608482801
6.942458916477035 5.243504301084555 7.379779699451705 1.0636694460207754 0.38808524753853746
5.126558548416141 3.70110517205929 2.721217617315989 7.753626366915094 2.8519090472492175
9.034247029522492 6.808192353802312 4.5883761201143205 3.2615630887708535 6.838003534564749
3.114227002082445 6.5803014466609575 4.85693156961513 9.933564605979146 4.80499755822937
5.150221697078138 0.17814707947618924 9.51136581128495 5.803702885833034 1.0123831300675823
5.303023683385231 4.1315279121234845 6.809783184123175 7.560425273215031 0.9712405927063053
7.109955560476509 6.702295827481964 4.612708354825784 3.4806320859889106 1.8399778689467294
2.044116367701002 5.397559443313526 8.10205893003197 1.1689837119120599 1.4066234826009305
3.461298545708716 4.556065383531634 4.578889494465871 0.13041787789678594 8.450325084291475
7.704108902847885 1.674226298212126 1.0530099484145192 5.226774284703837 6.343081397678024
1.8673354007344072 4.6788249168612115 6.255961778458665 5.037193405392392 8.747385616856018
0.39550112086476297 8.926754514238972 6.13194723827344 3.1009101144855165 0.9580364253623488
1.3427115117648407 7.189202510667779 0.4527100791229648 8.911673098979907 6.636391318376733
1.9096568630448671 5.4319312442052015 4.259060803104439 9.945889287045201 5.4090340870802835
5.637462246764326 1.0915568358361618 1.4369151869758294 9.670772369536751 9.031470741816207
8.423257971618618 3.124713452364018 6.100871521688735 5.063676293756272 1.8528077051050045
3.3464816826620325 5.154512369005129 3.5908317428875787 5.2176114871789725 8.624427593353769
9.776631621324139 5.597838650654964 0.719014770111305 6.352502521477291 6.379896299757505
9.506387735287749 6.595188493129143 1.1261093966607256 3.450656047649834 0.8521546212262825
7.817887949866217 1.7080451516569695 1.8828945482226307 5.032938735625459 5.520766416255097
4.675369507033697 7.786876172324847 1.3258172809090034 3.563987977759444 9.05619022967438
8.791335562044134 4.753345674789358 0.567773056430223 9.418276743955975 4.119725731450535
0.2939676165450287 8.014454986216606 4.612085410734193 2.375901625590841 8.41007865934169
2.6389761490256003 6.0261423389371815 6.496232717192321 4.338516514652529 4.711729759388074
3.535206736760495 0.7652350941708388 8.978160218877756 2.9726959922869445 7.198499490518239
6.247630393644243 3.58754492016452 3.7955039628887324 4.3476115053048385 0.85489188719189
1.6818941981838766 6.581652107376524 9.268111386294038 2.857132889448463 8.359190386349614
4.5304766206490985 3.673582614428266 0.5260919134775381 6.439592963710798 8.529279653793033
5.077064648602871 1.1152243548224732 3.8828176051454655 5.763528737196124 3.218666306456706
8.439785895075133 4.299862425203869 0.9252414102841264 7.958504750511727 5.700383961119313
7.65551267594693 2.0501568174455675 8.99701117254957 3.927853006585001 3.2316830316050167
7.182765451686635 9.997062979556402 3.962008444152774 4.658840753768766 0.4066005713670977
6.902823585493682 4.8594964912881835 6.321287113561128 0.4383656812571832 1.5325577200116953
#
5.012095902921188 1.971242719544387 7.865487786618873 9.17093939648963 4.933092522244689
5.028893269779834 0.8256258905575669 1.397915189584697 4.041555725059368 5.472473926894011
2.6443168974002624 5.357786813612978 4.355215214985705 1.3858350000427646 0.9563318651882771
8.413854031768594 2.0514287016823487 4.893575199237926 8.147736199804985 2.523208947892582
3.7793258082888377 9.239631349614271 9.054832771444886 0.10620602533598511 8.598391621361579
2.6908187500994694 8.27763718190315 6.573533854243237 0.8944059370654642 3.909400029028626
0.9763229479608873 7.653621823783876 7.844881712085307 3.6709625058856235 1.2119431954719921
4.740389138411356 2.7637592162736127 1.5136444823033277 2.5149382197682133 8.591698110090032
1.0241118035451766 2.536634796249362 1.988481537564304 9.302845227986772 3.2183002687451197
5.44050633222575 0.6125581576867392 1.554336772534143 4.972817458706633 5.892022878244059
3.981129122439569 8.403047443705855 2.2356912236161737 2.855749110157077 9.749180639278883
4.750477359024918 3.527412636759088 0.3684630560964486 8.501959875983177 6.269537997320187
4.589654048122385 1.1369539530684594 4.0222088525239865 8.99756749455062 8.325592301128337
0.8731200903940755 4.664835073080574 6.00782537389496 2.4789887433240625 4.388887538094746
9.186084637845887 1.1939887552857367 2.859746668396924 3.5736573779312093 6.0094976890970715
0.10687538798825624 1.512426770725852 8.882159789472855 1.8501561007229972 8.648577770404186
9.567068782522593 5.503388812777909 1.5407337785211235 2.58454008086923 1.280047065678529
2.7407292713622393 3.937443102427628 6.803169138532404 0.735051117368287 5.29518856779793
7.25669957655638 1.5901914618071609 4.481169038180068 1.9018862281813949 9.992660726057984
1.1854704860913263 4.190909677613738 9.13481628724486 0.2562029779903128 1.785377129920613
1.997108484000691 7.988541823564689 1.7606277482143198 4.524370556109205 9.480500955933355
0.5948479162866356 5.9672698914113615 8.6229754816445 2.714898854439356 3.014198701075324
4.678808401368746 4.652132847626259 4.981385170652388 8.979781973392186 1.3787471522876866
9.642669137332744 5.89410275154377 6.415091729295694 1.0761692281873354 3.2447347585332427
8.419888089683347 3.0611034349797066 9.42391739892166 6.240439635815667 2.6320263929157575
0.10281148426067332 3.3110337769987606 9.016946526772097 6.177677355317323 2.903635488975242
5.190331593188534 0.7599086669063908 3.5307539364045377 3.289330213991769 9.486659655681965
1.2965310646096544 7.703590272589025 4.981752674358839 3.8877471995860677 5.491182123553283
4.231609201007897 1.555930479524175 2.320961718510594 7.6959659122037625 5.412311493782864
8.20985456971914 3.35157860566433 6.9739955708906045 0.39874614429398036 6.684856285721729
4.885963562581679 8.70194632461107 0.3350992603658458 2.592999816300114 8.97231452747302
8.649252681247717 0.2006113785669692 1.886938951452481 6.551852110587491 7.356259556744774
1.6898431519604848 0.95357608527494 6.5140024097552525 1.8931841402880805 9.281755029394233
1.7813721310653188 9.729395879148365 6.008617375315776 1.5457118960087444 7.629966613622375
5.642471887751592 8.860271289830624 8.076156589464787 0.6785751934229802 5.59069022688565
6.757060366078992 8.54152266096592 0.2192851036017025 8.256872155262826 2.0625284380075817
2.1977980362129856 9.520457226846009 3.46808994440783 2.322092014381683 5.577047229191997
9.20954049114593 8.155435427349396 0.20162189620351878 4.965152154191199 4.497743126644693
7.528367028892591 3.589679712951108 6.560978216750309 1.0541567828283074 3.1063906740528506
4.201555670088053 7.013469912126537 2.9296293274452045 2.363701222164952 1.8410291601417184
8.265345174543407 6.742165328094774 4.336882854692377 0.33820128936511473 9.672436575666637
9.768116918000885 0.5225474329368547 1.6054263777927087 1.6346232997916221 6.313976201779203
4.813826763551642 1.6346153774262904 1.2542108838921902 3.510126851582929 9.85110394149113
9.74016797253633 1.0594918746756132 7.572362929331689 1.6435343173084624 6.3930707253848835
8.779027502501624 1.7373792824771668 3.1573607730696347 1.4577628694492768 5.995862185034403
8.199908511422088 7.8714173324688845 0.3811594936370746 3.8864953967129097 9.004706748936956
6.036112311851725 1.4539898896366328 9.050851320708368 1.3029669318937152 7.487136951353666
2.7175524480565336 6.778553819290491 3.9771090740866746 8.484366462387696 8.013727933439363
1.3301921484247292 7.266450097415701 4.0108907313693525 4.401187995670174 4.17098918848694
4.931602944685519 1.8454981440667755 8.877915646747667 9.952177250199526 3.2363765363316928
5.159336513236476 8.958345942922948 1.647404875675543 9.6461879837085 1.768617295757545
6.987649051830557 2.0798350559849834 8.019678176094237 7.2544853964598115 0.3082514153463416
5.889019813118274 0.1797137969475502 2.8862191334451124 6.120280030549103 6.406035495306373
1.8348417766822593 1.9706418967621029 5.766121826254791 9.459845738301484 6.11498470266
2.330629989220907 3.4895087217771232 5.598173109546344 1.1249102635716342 9.024910447065466
1.5684722154211417 5.046295908115873 2.3576211052731657 8.566068681985156 5.07414993271794
9.791588655216989 9.922839638794038 5.06278601766396 8.29062176350053 0.5223628927656359
6.653690986708666 1.5666085417886744 8.496790121157371 2.263660149023323 7.373966884595334
1.4298675273032546 2.220865887233723 6.366473982696531 9.940044213386729 1.7869743428511948
9.535083563645623 1.4765310820021038 9.738440318333087 2.2741990892971393 2.2013674916819124
#
