#
8.274462991842176 7.267488436684359 7.770790866371428 5.3522402796666695 0.8657571726748152
3.5951006185135572 3.435581913959603 1.1723414094937823 5.6812762693342 2.535819364265962
6.934111862113725 6.833759140592012 8.219138954921892 6.824954359297397 1.6944272141774244
1.451797577296802 5.87177763437428 7.610283242249928 8.118012925718915 9.539592431390098
2.0305131454906684 7.558139761865172 4.4953003297199725 6.869781681667031 8.550931077171334
9.168422654415114 6.79298273544828 6.775222131592506 1.9576392806618563 5.103050195903761
0.5570831947510788 5.354869582947546 7.821598936075251 3.84513493091686 5.351068802248004
2.012638037293832 6.928808261495737 3.873886231967221 9.344450047005537 9.745858556613292
4.851794682117597 6.228143698391072 8.17267433987527 2.080560790288858 9.397782714303531
0.9530023926177531 6.695475410843612 6.088968662204912 7.670235957419555 9.443060205432833
1.623476319707342 1.4270490968546476 9.409686276819485 2.156918688725428 3.3700479281414406
1.580242752733231 3.0217789410082108 9.240161737797354 4.615586460024487 7.678758730629635
0.30267913198393703 3.3461692367438616 4.249623560276726 9.58271112752443 5.387447331132704
7.397317716420469 0.9313911965073522 4.845836867460942 3.9409786049022753 9.971687710243671
9.44182144668694 0.29273208483185886 5.658370111093011 5.860539034220981 5.628945630271674
4.567980367438397 6.889546256707876 5.390465385825482 1.1931046474359701 2.234378639581701
1.9840375931081446 5.481013035804734 7.796100336486963 9.892315541962702 0.6255523788918627
8.143935515916425 5.79239277463462 9.538305223357934 0.46042060589194733 8.086415289606997
4.06659632341857 6.853033197439051 3.593173416131915 6.191343354839213 2.259396438954723
0.6402610442112806 9.149932884075664 2.8633796733602366 6.491493895706137 9.971250836858818
8.338800808831305 1.1699368713470024 8.048991209035504 4.795083184783599 3.303330236755621
2.075904815952737 0.5306758512232159 3.095288584298754 5.772742003207734 5.213090269119267
4.998812131595056 1.7914744515068532 2.5056317916269486 8.319824339721777 9.537372009290237
7.4007247899078585 3.2968689681139933 8.963997260926757 9.541286144124179 3.4158828084976136
2.637364723320902 5.927451440151187 5.8718627358372 9.36946963046665 3.488828357248294
7.758202972381423 0.2052364863351066 9.442394120523797 3.3252657081641406 2.0187660986717706
7.745307461497212 7.431276411023289 0.9566839966938554 8.295020584819145 1.7593392170987414
9.335654061680113 4.313477960849059 8.957988922462796 7.191471520355314 2.1958577320784927
5.638400926042442 9.578494151804712 5.947374586969934 8.416263995940394 1.312376940870279
9.205565072655578 2.201551188214577 3.0342777527599307 3.9977748141502434 9.570411532027743
3.115840343261566 2.997385067666737 3.488737716814209 5.062698034921824 3.658672206548199
1.7022696620440736 7.336893833728249 6.362280575840799 8.01995347886578 8.074389411025772
6.061032336743323 2.656562622195706 6.644638274795058 5.839589317582917 4.210409177271744
1.6602499434282652 6.227599249565415 7.1895821618474045 8.483588920378496 1.2416554100559218
8.53755968268671 7.201118100795689 0.19690931049336413 6.950950274523569 6.576153808349313
6.750204719463411 3.3629939642299416 6.550022230902692 2.663516160848903 2.3228665806057083
4.4166427786151505 4.764116387468324 0.40386376179611805 4.35091824573486 5.915896736007626
3.6464745875905438 9.594361971887844 4.196158612297419 3.070942385755698 8.29858524814448
4.218747209773572 4.794443722894519 0.8440275421585017 5.20131518169104 8.630116566219394
0.4237179953310912 4.329764179554713 9.587932194475535 8.373761043004636 4.278610667523139
5.452483067708668 9.222455449512335 5.44348204363917 6.39458490445851 1.8757037004981427
9.99412701596602 5.197150437800947 3.7800849147211024 4.859833621701652 1.5294351647792928
8.620493660674079 9.196414196711597 5.948457811958729 3.845043910153919 0.6865072168029158
9.096162363757884 9.570142397498746 0.8659033987475331 9.756378895348492 1.3378652923246528
1.9403695107880905 9.766298277610051 6.986570379262923 5.27786802286931 3.3715294335087593
8.776851046417573 1.365611497153437 3.3461753704110566 9.948571391496476 1.7637134415129458
4.9123439281159875 3.877731257590402 5.757504277398694 3.752869427693744 3.7426029826730027
1.5111710723631941 2.8529682907748426 3.6487110342128926 6.901785343036005 9.805476693030325
9.28941024021232 2.16159774326058 8.917181901998628 2.156618722203797 2.2052789803490223
1.8956796023868208 8.999829125858337 7.471037806039918 4.832899338305672 2.9805074260641136
0.16547047205163778 5.020949027471 9.7512914897877 4.683124716680759 0.365177496526198
1.0290435070821644 8.570160345109217 9.409187861615603 1.2213570999380563 4.144397258687391
2.5163025262221463 9.586247434452233 1.0082875945042549 3.7702421353012885 4.142452667209425
5.63076909046638 8.506866364869492 1.840625502143666 8.074875669536384 1.9577593055338967
5.1334154189991335 1.4851161669090192 6.803207925160697 3.2339345254199423 5.353896508110663
5.689788695294361 7.01191126915205 5.958443754075198 0.4128797316371644 8.446395284518692
9.016317896187845 0.46443166926373447 7.591451434102247 7.249892015033376 8.43744534437718
2.8701366603654193 6.588351600183722 9.395435884721913 1.3879491144646767 9.025110094359869
9.691807680912737 4.024505056877272 5.282315560856907 4.616096591662172 6.303216845950395
4.010877668801899 3.142732838888823 9.038399780375975 2.7617488532587298 0.9587281052509153
4.8944692809238255 2.4146195641869257 8.21457569554089 2.899371868802554 8.773574351967213
4.0086816960849525 7.245808223564133 6.072187389019454 6.075283424957954 1.4596344954123794
2.630712886871936 2.9063294919571674 9.731610552519935 0.6813114082979297 0.7483440557723728
5.678981736122859 4.084174521554767 1.2493373038245679 4.487363569517006 8.21427789574123
2.3742309146849974 8.991417632261621 4.1018252841317615 5.699976479087485 3.58266501972281
3.7259388000648324 4.049005016614451 0.15560939074624525 7.532361138817473 7.373410680150476
4.13910990156911 9.275792404153801 0.9028583886224908 4.4786315877755705 9.35291858993073
5.019241973261638 8.620925465312537 5.3466346633612725 2.307054009627796 5.750339849852105
6.859670503020675 0.6956358861517238 0.8691926394401097 5.82689358998949 8.648650440876057
7.709620112311006 9.692022283198783 3.590942515395801 8.630858544022976 0.21105095850328226
5.016676258660545 2.3560317639974016 5.050612767413401 1.636993043610591 8.334552885867783
8.066361270476216 2.531763689471819 3.8155580165948617 9.43561467106585 0.841775246195442
9.385851590623114 4.741743577060229 3.364068467010294 4.997808706515424 2.407748801228066
9.6839994257628 8.050777562963958 0.30118829127195923 2.3442788900794174 2.6997586518641925
7.188261530976337 4.668740123817404 4.840965142937136 2.653250375064846 6.115051702774375
4.463742390720579 4.65610531338167 5.97414778841756 2.326487143052855 5.6907378578187755
6.762259726624996 6.253258112818761 5.248718830989375 4.94963806068982 4.405259526720098
6.773695420106802 2.38396572450501 9.77001622268465 7.68546506244118 2.9614213600082837
4.303159177967617 1.2265354571110878 9.052864429006089 5.289380853958283 7.520446998549264
4.887999131027143 7.971720867096847 7.508659874288984 3.447997276950161 0.17018088412475318
#
5.402324113331811 5.423410688427605 3.6351815197349477 1.5910091434933729 2.1540036685774107
9.428698715818744 2.0438290765028975 5.4960076531036774 5.514964531819561 0.31677741789416736
3.4847153726580355 9.076341271848964 5.681644222520209 3.4359610027135257 7.979523066950385
1.1610889307947567 1.4273996171488887 0.2796400269096804 5.897054094250094 5.263550619132246
4.960653251062765 7.014322519526892 6.160654455751798 0.21503679339425474 5.478826490633382
1.6508503739025557 7.705366316147932 6.654607196618944 6.212616867330534 4.507110149240379
1.0068707173822604 5.475820535008288 5.172213593153798 6.316765346905861 1.8237940785646884
0.6917687369142111 8.47904984991277 6.664989989999446 9.599022731452488 7.0891230197015975
2.1878085120901947 5.165497126154484 7.252983182762513 2.936149950438679 9.483545884893637
8.425073553243436 2.6282610565606177 7.923587588005137 5.825497803831356 7.220452263432195
3.5909525099771447 7.8374243206780925 5.632306020120696 6.169413645989125 1.2304814888584614
4.518424333415092 8.158832206602401 7.836355368394022 0.18637117467270414 6.131932207216027
0.14462868121793182 6.603011150065114 9.74475473393564 9.1505113942317 2.2124322654126285
2.0338619203269155 3.823889542015709 5.142961624891721 2.6446424542913776 9.624057502712603
8.073344866634194 1.0246758496795492 3.444705302499864 5.179785740149623 8.746896329544693
4.660181777181611 7.574130312917784 6.448808852839006 0.962213687834379 7.917855220769498
1.8344494870594814 4.87553098991642 8.688623418598116 1.5193481312527664 7.571854408905342
2.931960014948146 3.9892758771868597 0.6006144163083782 7.858434152325716 3.7794609241488994
5.026951128541713 1.5822981259395128 3.8033490891925403 3.035813306315293 9.600496007886365
7.2719540299200345 5.961308999548505 4.919096501001412 0.7452299553657014 8.676348420005839
3.7549959823267987 2.6451395164465388 3.985535193056691 8.274852266494383 0.34268205426462917
5.857098932053684 6.603284583462701 0.451767430594602 3.2156713273529127 8.10591116576826
1.8882359558339776 3.01172855735331 0.1787619467658832 8.287208858304007 7.77815150903262
1.2572045675728476 1.1122054772363517 4.7917635569679 9.725883987028125 3.5723535460704827
4.395418914022255 7.405143983023041 3.2689111713596875 2.9557627880959214 1.6298195296618663
6.770542226503729 8.96620721361046 3.468125261975947 2.144662125710086 5.403083719954147
6.40482863808396 3.0056886677294243 3.585265205948442 6.135162893399867 0.5163992026044051
9.307524040494469 1.566688818837676 3.8388848139412897 6.995456491002221 0.9636040687127041
4.102931234345988 4.686490684686342 3.8747468562388665 2.9269588149564707 4.090915378006388
6.7220559745729105 0.7622830922278299 7.733866443411416 9.829988675769416 4.329693920137289
9.43184967815919 1.707809013537552 6.441963203109792 0.4580183658534702 3.514833488027759
8.252066891477924 4.498236920276712 7.791597738406061 2.431106827031147 3.9022773754206197
9.06482468818194 1.243813608049837 9.139877240357427 9.074802641087398 5.042092405257768
2.317035924868433 1.5172994771896158 1.598753097711306 5.856242364623174 5.76958526908876
1.2995968033209433 3.6599293409404177 6.943165874060515 5.547245519770599 8.794801125499607
2.8428372082516633 9.636857929077664 3.301454169012479 0.9752765457204715 2.4115000861607254
3.740855890207657 9.031955276169338 1.6860791041134107 3.6281734649739628 4.497087246074129
4.753079652041913 1.0304761851393787 3.7959165897327276 6.370488565839009 8.441490761817315
0.8464738980393092 4.6052604117093745 4.905275106023828 9.93105596145174 2.034131232342713
3.507220035013095 8.118044301697063 3.5870775951158897 6.255778358528804 4.561234137977295
6.6574373711616355 7.75892536670643 5.263965419613283 1.3820781830540105 0.2681983634173397
0.538703673679545 4.682776745742368 2.7743166243946913 7.085972622091876 9.411822514855729
8.024480231286605 2.8128780196334415 5.771104155020114 4.522128349233449 5.000289681542267
6.306210769353483 5.250800207164325 6.3936892438315995 2.751587194600512 8.768066454822678
7.806557132642846 9.399981985508926 6.396210870250643 2.4164522974906606 0.21657991895139617
2.826122262113756 3.741957583043714 8.598754595697102 2.59032301570762 5.997153191745084
4.640219230598356 8.73087081359254 3.8994271679197965 0.5977942179068441 9.245140205648529
4.148965517664087 1.4559698217329493 4.74553387912352 4.384897240678523 7.4669897723982555
4.337638067940166 1.3487081268799272 0.15347585419739485 9.268738405666952 4.157389944746948
2.419824327707715 1.354065192515045 9.012804247639796 4.738405873251242 7.668703653947148
8.772969748946599 1.9322371071163182 7.319460275808689 5.717037844883054 1.0492392897604121
0.20387582412312621 3.7612587216103583 6.218384379257538 5.742358731779353 7.535578050181638
2.1946788440096836 1.5172928156720684 0.45373863126238234 1.0025855729013173 9.972340679569715
7.4873950632608945 5.831993092312942 5.46770689422677 3.3956103722671065 0.7316216667139948
0.47911640383049736 8.166228037750402 4.926955946110412 7.150488610472644 8.679473349412316
4.819816703319041 5.991585891843211 6.892406848338993 0.723896343999983 7.172826336119982
6.443989171132909 3.374127741140343 0.9434493292806314 3.4736115679665494 1.3434482663854599
5.081187768380899 4.574854525696685 5.68365485061278 7.335716280267974 0.3781158347446736
5.936667126437339 0.2829644653091581 4.671993118017444 1.802090557048118 9.447158278826894
2.3811530496997646 6.897171732724451 3.288626628657483 7.520497598422342 2.003406008391968
3.377540867619109 7.692975778259099 7.48415392379606 0.21850951625232273 1.3423859226033987
6.467373573318444 9.726340171898794 6.728498282092273 0.48899819116084764 1.0514398494738706
7.1180567794870715 2.1469293397844136 0.16978064678138516 9.583792533849785 4.133276793286967
4.283013506497492 4.7263360839747675 2.6948149414604563 2.9937888163011026 4.242841840370754
2.6986189653278836 7.3099896331923055 9.610927884434567 4.272845280827685 1.0217226906148067
6.317613678487859 3.6986162124314843 5.519394655355577 1.5674462863983223 9.167808964992364
2.628511239187445 7.066319683943018 0.2759562584166311 4.376783627557285 9.66350875452941
8.43494306171428 2.984546251137402 5.253293970460839 6.885379159388919 5.152242801501938
0.7746370194304353 9.651730557624653 2.272036027703908 8.537429829195009 8.680649476063124
0.45118115020477667 5.502652775019559 7.6593443278245035 1.2878545371205203 7.917499078523251
5.942940102329697 5.779398463533585 1.7246391509134873 3.2472426885034054 8.10102487580176
7.608583958274355 4.526814473275285 7.963082245717077 3.13956326348464 6.940657983275749
9.278320058208966 1.350548699568153 7.753995829891412 5.669820086499634 2.4564685566365876
7.025256794359362 4.636825938845711 5.790733531220056 2.3569556634656514 4.970639186264164
8.665971870933653 0.7170159875338467 7.7084073542287594 5.038132432729037 8.742416993759669
9.513361804784127 7.239235239659724 1.4616076530450037 7.592090621693547 0.17350630676921064
6.458758564598104 0.8692757263126021 7.324704895488616 9.074177647830028 7.7624877711088605
3.0374524499260476 3.899768239923233 9.933941216832945 4.111116669690496 5.476731966605114
1.6442943203948186 9.931831136201936 0.13685257883901958 8.677970485698424 8.261108458603525
4.330611466961123 6.37943043378867 3.382470856218708 2.0085619930081444 9.656934737974531
#
1.8840263884593789 6.4639485921044715 2.2095400188955336 7.658817364906151 5.888637868440393
5.94301661527553 3.231634317241058 0.9471762109308441 3.854476870248205 5.6083878482827885
5.737198505920171 0.5895834572705398 1.2071810886396976 0.38722054798556904 1.1902300274326065
7.538421308036991 6.800396663334778 3.4319624648387457 4.893914120654555 0.515420773198227
0.7132744067495853 6.094757827521478 6.4019233820149495 4.117935979917631 6.689114442989024
2.8585282699224837 6.595073433277447 3.2845747433217647 5.301251712802623 2.3098614704701723
0.6580030119530855 8.465170310720609 9.369260758468709 0.6495732326059533 4.113405862162683
4.8845659162696835 9.835013827258958 5.331544129429744 3.353243855969804 6.818275468789105
7.294507906829125 5.848790463781634 4.763140784020801 0.20868327076516113 8.957051658469032
0.5002279953449555 9.713498563986155 8.582607966901875 5.257952118434001 3.153213957651335
5.348458932619183 4.876048679725744 7.4095764046673604 8.067456306404774 5.103812070669097
2.419945041781744 9.062291421394864 9.189179963837187 7.306975527004566 6.226317811006754
1.8568106939799174 4.944565003899523 8.917019674453655 2.565276385102252 9.768885723971502
2.124672882346127 4.699937713902894 9.97161839588583 2.1135432982732407 4.12664716804322
1.4906510120818042 7.149704861035502 6.0320661959895086 9.915767580449062 8.823402800567775
1.6095815558358049 9.382409757383265 1.7566288000453794 7.789540297593815 9.94960429552002
2.95421671671891 8.46540558445626 8.899058252351605 5.567278957347683 0.9690184118736109
2.5607147092723084 5.917007701952711 8.705360297033415 1.1448800456232573 6.097771707816928
3.7778588015185335 7.9833885196906955 0.8628490330215657 8.380591567170478 8.328518039635037
1.1090023522169794 9.525328953674839 9.07202326003975 1.1663817139380566 8.979276839045173
2.916518960722377 2.155483742525215 9.684511950014745 6.231392633444954 6.237915877250003
1.3498722881544079 8.751049140328785 2.06977745991195 7.355185349007414 8.255164342700775
4.142238039568122 9.508633169196228 7.676217884925711 1.5977595335216628 9.750340935029168
4.022258094738297 4.621055524440262 4.1705645847415 4.282496923099387 6.865822059501852
0.7404946444301146 9.972782538720123 4.356486004336384 1.7817786449873299 7.415184803135968
3.2942825198276626 2.2713291922866663 8.237475501137663 5.034787848425281 3.4964776925618004
5.576784645539425 3.2891738850016083 7.308813347494885 9.488916176752866 8.922279516507936
7.231167994388651 7.457752388927096 5.8305301539088905 0.23808503788618474 2.4543053844022342
6.262545856440567 7.298186952329284 0.9669196212470803 5.386212394115565 3.7139142906674913
4.8212454812767085 3.5362557805576955 8.893944311361746 7.010855496991625 2.0498938719043256
4.743777684120875 6.550060302973739 5.150200767465914 5.8143372356342935 5.670132467877151
5.200200269545941 7.145901904393896 5.177897345141484 1.8902005018992813 3.320651556172094
2.627039315802287 5.101321663486613 7.390950370566209 6.120543600751679 2.4787490923490254
4.569460086412602 2.474233293399269 7.522814229892756 3.2153591534274995 5.596617564523271
0.38513660862462906 4.308008652100807 8.121955571386952 9.663941462737029 9.152508835285555
4.546832425705351 4.661674694719649 9.641205989171567 2.022408452809883 7.405533331435997
5.357176731551806 7.3082956369403504 5.867747932583501 5.826530339051161 1.3887348508319661
3.068849507514119 5.965417348736762 3.9977196180605605 4.2511349064766275 7.976314999960902
7.9408829090629895 8.762089755109532 0.42774087655771 8.756532272302204 6.215420197571027
6.781702518097987 9.401168173586756 4.070964457961024 9.38603289684654 0.8108686261253588
2.9144290075554578 6.024804102297594 6.874617519281948 4.003347666853421 3.9305466361531396
0.8788785735445277 4.8155360605487445 2.169107078369499 2.1552378449368375 9.896801424014104
3.6403204195178858 8.638959020816014 3.922991027700014 4.191189127122328 3.431294909324798
8.818846039047662 0.6963320032102827 3.9036013370504605 0.17144063471849957 4.214560600431766
5.920172487518324 5.104935096496468 0.7260075448723526 5.651035715732965 4.696938986831097
2.522125522366754 1.449360844888575 8.881668072666896 9.295180296885125 1.0115579547503861
4.401888035878513 7.859533579323798 4.375444312166759 5.773836100991777 2.078125650651782
5.442711200027892 4.584263856996378 4.66733757241567 6.186625647367124 1.8158414275305903
9.202111310919772 0.41113428034846056 2.0456598528417893 1.8191959672302924 9.732324286872132
7.745739332981347 9.50250946200744 6.283409178497598 0.7581141209248718 0.12113754723014658
4.409772283039002 8.625303656671965 1.2094481505824826 6.31325398724602 4.782980295371492
3.971576520107122 4.737304634504789 0.26358413074947507 3.9485739911437436 9.685438272062559
0.3899666145304135 5.488936502937911 6.1637563487546885 7.828564414749519 2.6870482481869513
2.916895163587037 0.1710069007754802 9.912785597067042 9.734522260349365 5.158216050595096
1.4733376957064812 9.600581999088307 8.608998592095217 6.382546599496283 0.5600471159699474
6.352045391547039 6.2068474745044595 2.767597587294317 0.13650672621710758 8.207750249341538
3.3944776584265 9.81124467057205 0.9036701579237514 2.3834625932233084 9.874567007209308
9.184047234601817 9.340756857881964 0.4566287364127639 7.8253817214573225 2.2821815442834468
0.8393230678255952 9.497150868141826 1.1847361678804118 7.443109520499853 9.371879119803635
3.976294518012156 6.607951799397811 9.940220003689225 9.69394236075318 0.34802530589467473
5.1429765706632695 9.66699370553647 7.541386026793948 1.7880339021650218 0.6452137949166845
5.504586724204613 4.085459168705963 5.1624275541893265 8.974759325158027 1.8013283457493703
8.73715439720246 4.852988995402816 1.1781949172327746 2.5738624934395453 5.265630047562446
9.559460780888205 2.1477673886571464 1.5282992723114548 5.419185714276783 0.24498650145134526
3.895214756146356 6.520158772210162 1.627955754608371 5.260551751454024 9.440296076724842
2.010389807392002 5.5467608632512295 5.647399336215434 7.993750641621592 9.598051606665377
2.973803959396622 5.52946311039372 6.374437294463728 7.191863265992576 1.576139304024665
5.706642106491291 6.237685607720093 4.906931924553805 2.399469334760091 4.286345659810198
5.4265866210862495 7.289395263567426 0.5119376639048419 3.6107254776080895 9.178747564048681
5.503688680183536 5.4808089029348475 3.589635255965319 4.10260724026072 7.238961667960734
2.0652569794597233 7.567808477444995 9.716594074379326 1.1444704429699266 2.508035299428281
5.157803396090819 7.267045849146565 6.521026023424003 3.173542855429356 1.803617422970388
2.030631351699268 7.5535150851364055 9.573365198197628 4.417298991109081 6.133367017419861
6.657685059753173 9.073390085884228 7.0954760836310395 8.528518157051531 1.1324740756029432
8.874975174531567 3.9325236662250296 6.405169975165085 7.464367460253268 0.49063062484856435
4.0486121299906195 7.550951820775157 6.73481607685909 3.088334586945906 9.737813285130033
2.669456335161686 1.2602485837438717 9.56534643217813 7.001460963941985 7.7229967899092
5.479994344555306 9.47584267426884 7.597798447345337 1.7010396324216943 5.635005774135935
3.336848496712476 9.198860222974062 8.908268775385402 2.778764203872709 3.7751007742074085
1.5847913222002772 6.9162204827569 2.8870445784500434 7.955022086087853 6.375709646620255
#
2.1960553071568847 8.944670098646235 2.161118296094033 0.4756126415276922 7.31501767057111
8.740313957280087 5.577848671988549 1.6458198747587898 0.5163136124765293 7.43207984305501
0.8023464522213546 3.2345279490772 8.364476881389152 0.1456072304853251 4.650596837676269
1.6781520273136326 4.394834839539796 7.3319138606968135 2.8419136637570133 1.8362997500659661
1.4729100216699083 3.1051518853416553 8.475644094898747 9.6826879734948 7.017732068609384
7.355648140075068 4.085151201448205 5.102842183679538 2.5433839899705215 8.668919645463797
9.76640401133718 0.7810329798448441 9.267691279649197 7.703023471951723 2.324978025810555
6.401355834550074 1.0400250879093127 4.973958597407666 6.638446027736284 4.013458089452111
6.598323262680397 7.260256607949328 2.186193011104174 9.028177220695227 2.1437316523151777
5.334505256960286 9.365311684090484 5.028895072308112 7.507165580651995 7.082225513861568
2.654477481917589 1.7078324256599489 2.319599050928279 8.111897452073613 1.2522170432848427
9.829078498105304 6.18681607687306 4.899161236674795 7.924884509405793 4.136808109839169
6.820209300417967 8.575461341050794 1.4910768167444215 7.79881790602785 4.954563695100267
9.561606361184179 0.3121052922592735 4.57670888242468 9.371986605348528 3.477361511375606
9.052616770379855 7.30764937523232 3.5622736442862712 6.557834199445283 1.9803399460693676
1.1026942477684218 8.623535765980728 4.507719620470358 7.7555889721507185 9.80384824472802
3.736862856728691 1.23687901438374 9.683212532273776 5.59727589533368 5.425032784085495
2.9182314939722955 5.446069854194315 5.813023547493625 6.820538877269844 6.348286686744142
3.5292544311097016 9.132883661143222 5.68975409228349 6.229955990747539 5.226462993602376
6.542527147753287 6.041396925992192 2.3885668531150013 5.56345745448802 4.487913760155885
9.007659248765012 7.746903040166224 2.382529028792057 0.10141861626212823 6.2389343910126325
7.731430381764991 1.2817947413147874 1.781098374964459 5.42758101047426 8.15442200077335
9.545794673030217 3.8401048374572078 5.059733846320243 4.837438033052589 1.099263568536672
5.800584475032656 8.310481706578397 6.553728139145236 5.152363280463582 7.674899393116333
0.663126790782699 8.983432383586987 0.9075493762636437 0.793370154137576 9.321976590056899
0.44887762048721225 2.374491997767354 1.1941449505845418 1.3559721014709143 9.988226534155716
1.540590117939419 7.117782855119506 2.598841102805184 9.519618027766612 4.068439021338345
6.9252545078460255 8.048091934131946 7.2950625161978095 0.6544175273516251 2.9018238005349
0.8820657040067168 7.627384973614799 8.94347742884268 4.0628834563104625 0.870288233184322
2.9906024972071408 0.881150628167938 5.096217016350994 8.20796351010398 2.17196750864898
8.2118119517718 9.389298020079568 1.7146161371061148 0.16133588708735402 8.892339116135226
7.605190189381872 9.382369311138142 7.2021245062705415 3.1134295446713054 2.8916730676874685
2.3303903612961037 1.862845802985328 3.2296191321172794 9.40583213943891 4.24934298591673
3.5004655904486928 1.9596737473061476 8.15437172129852 3.382440464485539 4.2339309173598725
9.94180294161006 8.937977832087311 3.069081671773242 2.77561863298193 5.657661367116417
1.1934619583290678 2.2091322187704803 6.938488610528523 3.595071736570697 7.832029667026836
3.754197141901636 9.75654636221159 7.312068065852408 1.6057682980447465 1.21220492857094
1.995014778255721 7.325128814642115 8.31734954676762 0.19227641405124984 8.363852517403162
9.460238433608374 7.535474688323558 0.7765164225423975 8.099146385479054 1.6626125439798018
9.237404823812518 3.6839127264995852 7.641085092092651 3.2205608881475776 2.362550010511779
2.8826618116192195 3.7861286191586703 6.813637870099312 1.9766944570994687 7.3830870530179435
0.6072371241769838 6.624704015458632 6.8393167824459535 4.039467636656358 3.0112334982634597
6.238961659439132 8.496672039420035 6.0154982135317985 6.514765773565687 0.4231858991256878
9.731011253358101 6.989592956411558 1.7893366483597397 6.8496518618426405 6.532159078862089
6.958465192399096 5.938475129145308 0.7867324981923982 6.287775837825093 7.515697839033254
8.18359741920922 7.283862151772217 0.8639218669649962 6.2378527219146145 9.030979854818662
9.957200647566282 1.1465506873784004 5.759183424690082 6.172351472038391 0.3257163446340048
6.470907031237359 4.6657549733332715 4.378081459442172 2.264663857620829 9.14085776502985
7.542119943930795 8.543568986955464 6.339046235286874 5.663904619732383 2.2854432906572337
2.5785881394121297 2.539935665784854 5.898786639712934 9.986874603372272 0.9316893443655427
5.935890630908751 4.392051274874725 3.135202747044433 5.823066119424316 5.28634197798938
8.336594244531959 6.9427384143911155 3.4674747636349577 4.120092193286421 7.13196193901402
4.389562425888041 6.89079475648254 8.550266273855293 6.519852833372973 1.6590932688696989
0.7340183654762846 4.629556457553886 7.63367762057662 7.650927304476715 8.602536475204987
0.8669082829069596 1.680833138299834 9.287880647447398 9.837159780968715 8.758256879264549
0.8679718806217354 7.175441239919849 6.352129335888225 9.831270854240579 1.8772758186392657
6.817101084735967 5.962844797436345 1.3045350807845901 6.053107124707454 7.398539512499362
5.62190273508241 9.418965844523386 1.2062288120287068 2.1345848562625664 6.823209053225165
4.516303875568859 9.902750338975515 5.9341960192155545 1.2432522334375538 5.332277643187502
9.330717692775819 6.182467680245747 3.3640898553221694 2.9893969999485175 7.042998059069038
4.082995416813762 9.872897923649964 0.7523282218264242 6.152518073609685 1.1317676481748387
0.24412334165398963 5.425085557595613 9.917754268568883 8.183313806828417 4.390410407106487
9.219233019922216 6.5107641792299145 6.074162683408745 7.960466758746296 0.24233354632564108
0.9726508428861038 8.84089263563298 4.033307616129356 4.559452444806102 8.170082108285298
2.9870090256996935 0.48256570765109785 9.272243945142776 6.19069534131342 8.201603159995656
8.884268680711806 6.8780611665751925 0.7326830308611232 9.712021956793503 4.556826479199069
7.112234016149825 5.8734170292325825 6.286064818975531 2.4252469044121088 6.847275449591054
0.4749656030267859 1.7206677108934767 3.690441795098698 9.642884841419963 9.081221937558432
3.0756734946336763 4.823608978482338 9.841169253874376 2.261961706381282 1.8956137478690622
1.3378213516640987 3.89217511951974 6.955372613995656 1.2240987477530951 6.088101989551936
8.946170498290138 8.996010303740858 1.572409107750842 8.327137411310602 3.119494819517595
6.551394395181303 8.63613598723573 3.5961939556398876 0.4497807678300374 4.897459126740568
0.575606874289365 5.6280738105015065 7.32372501852776 2.8996393852051434 2.6891681021170615
0.7000432153116076 4.183817069985396 7.999254288303026 9.200522794842376 6.552305803727895
8.895908424082656 0.9905579448073532 5.924877028696908 6.474576835898817 9.030954877585394
3.213035952640473 1.7631761566999309 9.228093400685605 7.847459016343919 1.5154568184552377
8.928332719946823 1.321929444086721 8.427335601760385 6.9991586143963875 3.896519350969819
0.2660521492399388 4.041127497817186 8.427691702516212 5.904984923627922 3.3732613289550084
8.06033599931056 1.0066925390755506 2.7666966089784855 4.625494213443131 5.921742496563062
5.803034823213944 0.648748534428595 9.521282065629793 0.5473932591260855 6.503155048134074
#
5.392667393093618 4.235292840419638 2.041717735024103 0.6887300499572246 9.322149771072937
4.21718681959137 4.001582214876912 0.8503371725325319 4.688818548535653 9.066804850780592
5.9503792079864954 2.5784925132124896 0.7489619703029655 3.4304811553984136 2.5435709319760953
0.18330427653465975 9.962085393167122 6.394111468792919 2.7166576472033412 7.949348628334549
1.9611186811726347 1.8279221357027815 8.538928200418345 8.060729685777503 0.40412281876293044
6.419030781432295 6.298492126597206 7.129643256072804 1.8453544005042297 1.060649425143061
4.2613460632067515 5.816725113072136 4.37481625783835 2.1463389334027507 7.406993383950786
5.8030244045083 5.510867855269664 3.492664395585345 4.15412795865073 3.9062924380079593
4.133128036298586 4.953661561967726 0.9735977464876129 5.016610088354584 0.5913626356612331
5.902787208313305 8.045877385231638 9.182177671634633 1.361211228280144 5.735100883940491
3.2013380327847174 6.421696183684212 4.984613134603625 1.706990260015472 2.771215685671478
4.763193589801246 3.7946544718799773 4.917717391687379 8.53463450430069 8.027233609365586
7.761659046055669 1.6654316866806314 2.1845851374404934 2.8030942511169923 7.098647042049246
6.405208314618843 4.778514224995979 0.3059651502538383 4.701943390805261 9.111254757843273
3.9847228797699143 7.351734270318815 3.3284127289146213 8.681804896688975 9.750942479283768
2.0717387904696487 7.531654238859577 8.66663313834384 2.868098240606044 7.972737843408886
7.8252317543316705 2.836894828031513 6.384517484375862 1.7487447741671334 3.5269934129382
4.065105097767688 6.301249533857044 5.396954462269077 9.761709130511552 6.079480282433676
6.914886508105529 7.584304303451047 4.582151745639776 1.6191182004914424 0.6341498855697338
4.144357342597646 3.8185813889765603 7.263472465917811 5.965293075706645 9.933537487379168
4.291638286211909 9.45121357329218 0.7886400064543446 3.1383767042980475 6.087397894807485
0.3596803753659312 0.5129361723696197 9.580515362259586 4.357602691349481 5.645958957075131
8.072317462396416 0.42094313212925094 7.907378430840881 4.090446540862425 3.898648302827181
3.4942638743539023 0.214189605103849 9.878598907992384 9.975782687991341 0.8100267716590377
8.260420939282147 7.00673063000588 0.7936592271187477 7.344501662485884 0.19413461325320736
2.186509836566753 8.61222466131724 2.661612548076457 1.3771306255662648 1.9024595358996788
5.1352972516057305 7.098479084216169 2.999885130592129 1.2800388621003451 8.219189114535505
4.983856019711554 1.1839370254971868 2.007534127765692 5.904615324655225 2.011196987391728
1.0166953263028278 4.2508252219764575 7.925220775435497 7.475909512123538 6.221087295764844
8.098152245033567 7.76631162278734 0.12929623738846097 4.443411559027948 1.7815709301111218
3.4735767713337147 9.323218946944275 7.808023371840367 1.0076493035670477 1.9615943573209438
2.7099264326644885 7.1633853499343125 4.108419342864868 2.7008285492078463 4.6243827150376475
8.253399644466908 9.2355251786731 6.916025228837045 0.5476496607059724 6.948453574627278
2.759608295608686 3.869657242465684 8.611739864191446 1.8171543826738263 1.2788855252156228
3.19154227123166 6.40599373519793 6.142051808417786 3.50567882032033 2.4717289108600764
3.9144136162159064 1.015542166904905 8.216123080781223 8.634751440371563 1.9568068790963862
4.0831444849802985 3.076761942805434 9.37159952968862 3.4938757383832417 3.0978880997625846
8.113477508715231 1.0503955724650047 3.2895393510673983 7.56672657784464 4.199666655028627
2.4234456485075513 7.279053250660434 5.21373730531515 3.9282800836205203 1.4272116010024236
8.704561447388159 5.6206462991122725 0.5695716085423648 5.625197867414727 3.55920815682253
6.1236034178579235 7.601309956831697 0.6157657775016885 8.620664174778076 9.052003973001149
7.439899337498913 4.136704026508775 2.9123326233733287 3.2999916754779384 8.645306873087609
1.19997521216282 4.1491171905070345 0.7626769423514315 5.302864588367022 9.82477413433948
9.063855930653833 2.2916879931329017 4.526878204866517 0.559816784204406 8.573604706959706
1.2463472275054888 5.136700001239474 6.809275848478841 6.707479742066348 1.903775003518391
8.146871041552366 6.574694488831957 7.38190491486618 1.5129677389662168 0.31241425528712874
7.01994280961108 0.2497649416792589 8.546946357911672 9.929596600443961 1.1129622993904538
8.385254530337466 3.4756194761315404 6.607182790585138 1.5542744977176826 1.5973775819287113
7.456637117198351 0.7377966053522647 5.286950038545054 2.2470060370622678 4.949032051604947
1.2897073333476916 9.594416432675072 3.6929733907438287 4.054068970867449 9.7757513328981
6.194599156557722 7.853592229449095 3.6711293042919433 3.150491300923864 6.90156100894128
7.532737290971618 3.052307608700894 1.5921952094049643 3.0926169653988014 7.515393483747122
3.8370200753880246 6.328149986424984 5.979123146792204 9.406015102974143 0.8089392454966289
0.22763099392820862 6.066029876357883 9.664377416417556 3.6142074943203957 2.888202843474737
1.975047584745345 9.842120207401951 6.488628878430144 2.5482944411920134 7.582721953311172
4.270554053019861 2.432366022114261 5.670077520729992 2.7712323993959536 4.281927188167331
7.232292887284954 0.24784913994321744 6.793862496023966 1.7422459566947643 4.086366229978475
9.693894951032451 2.2753082411888306 7.869668714078067 0.9463777116491405 9.627973352483934
8.780468381831998 5.253009159467884 1.6460277901720315 0.43768272818710674 3.7209243185284837
0.44191680257020405 3.969453383823729 3.5193156198061337 8.364941797688356 7.446941847749274
5.884125367979083 6.2769036026967 5.223145820636569 0.6282318648365859 7.05434845055089
9.931805679523807 1.3277955349483048 2.2777091858041723 6.930815969123695 1.342910202474545
7.853527255450265 7.7325349720154275 0.46778569494322486 5.55652575593128 7.457357224940173
4.263780036502 2.9663759754775962 5.105900954305171 7.160520332658319 3.1677294228267225
2.1201285195467356 3.353143271664889 8.79369204506364 4.49694683557538 4.026676462655113
7.333606944159513 9.289861390911941 8.939014970438791 4.243024932987295 0.43583866338847166
2.0853959271766698 8.672954690298754 5.27610642489188 2.0285730856886532 7.274660980218243
2.4658483882471565 0.32723883331688963 8.521429590129161 9.19649534966948 7.559761636240818
5.088586413962437 8.808043268103628 7.039706490302856 2.087391003276545 1.6453260626865842
5.030397168449219 4.072593003074311 1.336373914542229 3.8917768783266133 4.696670831937033
5.0764990327475825 0.20626170080068018 5.678491485311764 5.172818027907707 6.259158244265513
2.858973630403395 6.532209180850119 3.453091834998478 2.617614801313638 9.702694502229033
8.129776621721632 1.2087171493002016 8.138642163432353 0.8690731677736787 2.519179564195028
4.185564819382402 5.128753336351075 4.023357136797475 2.217613941819317 9.005839566503614
3.561501025806996 9.92647536368493 0.3652984779829387 6.331747464063053 9.167000489569503
1.2224708411312823 3.1137550692920932 7.925277631142008 4.01420543796015 5.728347995266865
9.892171406546183 0.18596310946996386 3.83827817789006 6.205460539636077 0.729741521384506
8.567998984623234 2.0343881202825314 7.921564524311471 3.321939211378791 2.743157816327446
2.0550292841869005 9.72987081538417 1.0952010731783695 2.9922200058685196 9.113448614548764
9.014355777312153 3.529226584122336 5.440810060545525 0.3782367101703388 6.418034605651171
#
5.079430771230122 5.853151464276749 3.521304433157505 8.493641768103382 2.76224644095922
5.802518532553808 7.672791262535097 8.277179252129788 0.443455159033987 1.5096262618339678
9.349025552975718 1.8612052233450123 3.497063972951626 6.189544461583613 5.6989648043292025
8.231102766138758 2.4420523480726524 4.494111066740963 2.8392452234842915 6.0828889233369585
3.8210832636503227 5.995268334947822 9.306436053327387 2.2326982729329488 5.497977431572037
2.9065940740650036 8.538736242681914 0.4090183103827334 9.066720208017323 5.7779331924458806
9.222412566857509 6.254774324923003 1.7091126955717595 9.522102856792532 8.814060414061895
6.456849797793396 5.888587093385539 8.883023675352574 4.756414324745166 8.918851209145238
4.858114470729631 1.475191084324659 7.475130836042839 9.114975358304795 3.82171296376542
2.6764733080580996 4.703103329276923 7.529467207328292 4.958474529140739 5.3846678394439325
2.360167257140895 7.867418006276111 4.319066934885705 4.402803941525706 8.005717905763472
2.3717313611697706 0.9300964256935043 9.271740440447289 3.8996739782974297 4.651452388591471
7.365729943503563 7.339038385983798 7.3854898600921715 2.8538936769831675 6.169183540115874
7.001790681400287 8.91191271998964 4.236379981643143 3.5911611238124688 7.087087209228679
5.027702446300001 0.9456594041305726 8.642629431698618 4.791200684090424 7.229246870353643
6.363631951113612 3.282455364226469 3.563294585238512 5.568156551201398 6.228480706638303
5.347300121303951 6.6951026447688005 9.385777258229389 1.854742647755132 7.905728863914434
5.712482053777781 7.506800080010853 5.629412134731982 3.9964742600327527 1.8090575086323208
4.710900513399602 0.6691117125142156 6.117433787688481 3.4158893916443662 9.438397590324374
4.625620261341245 5.704265002732693 7.878211114562166 5.185473505183 4.6110665765733145
2.9177646160981996 1.964773874290933 9.906555356308015 7.38241660239464 0.8964496353283637
9.86262481480665 2.2646376287598713 6.985628837145779 3.160345723016733 0.6998921210295261
8.732037786995535 9.904783113732652 6.613450239031447 0.8930111305422637 8.636611755584974
8.6346403682103 5.987265372168567 9.35807004056593 9.62064619028723 2.2359737157556165
2.3022046276955406 6.911366732805354 9.02306640301204 2.170523819495114 6.307522240061667
1.97380395779009 1.8697931388206293 6.5469454718746585 5.162900750132487 8.848444828041467
8.941181805355285 6.602345625276758 6.056449217280943 3.2742138753235834 1.685623935758048
6.315285597966351 8.924057362595121 9.829900172091998 9.955698565255314 0.6290950315490118
2.2721083270670164 0.7060209522852716 1.7352209530969196 7.7441075078198 4.711907202392329
5.7663996438068335 3.5095798003858834 3.313824925190728 7.841980026497501 2.5223854921228215
4.662719552594404 5.614611623451256 9.777233209374183 9.693779125912995 2.5715859693758154
0.552998181619448 1.1945908757961794 9.899855105148129 7.759059516761699 4.392611183492143
1.0974780282814698 3.174159322405271 7.001629410440016 7.334918004573536 5.987900104149687
0.8277708047017844 7.6280781586836275 6.789537665955614 9.891114272116944 4.476113391231306
3.791855385187514 3.469242781102481 6.9363659006744545 7.838968508851009 3.7337904564998556
6.254907875672194 4.233879766586209 7.946958443568311 4.735990665151269 9.122091594727731
9.985320169370464 8.778252242465562 7.502880936361123 0.29054053084471665 7.165717146153495
7.73152791421896 3.9967950916259536 7.1226390668360136 0.6871930442371381 9.165962682761243
1.1613163098253576 3.840525697844691 9.57134503883341 9.096872758131212 4.090395982479769
6.493070985782675 8.182236826147939 1.6100448655337196 3.7672713451127686 2.8540758591154765
0.5010289379514354 1.4531150249305909 9.811387250097791 3.5952937103214886 8.942295878471876
2.635991010066585 5.290409901677726 6.984014940456025 5.9786754421025226 5.257776321216435
3.1565086819945156 2.011047557336522 8.986465764380169 4.928238859884031 6.833002627311043
8.476472050074133 0.13906988224225802 4.607910215868128 6.440935593724934 7.338398168047052
7.014450837873027 6.093722553933906 9.320413482252139 1.8271939350238982 7.937532299428138
7.306392814790922 9.21035590238412 4.752220157231721 5.56385626502192 1.9513625706316344
4.759853041593416 7.009349576816742 4.536553116349166 5.723828796407633 6.595292915297973
6.01757993315523 2.8267651700127785 3.5722193015092563 7.365423091877117 6.694229536490568
4.896090184884632 5.874532010528383 8.069641466257078 9.891408183342174 1.2340326447468324
0.2535131540157627 8.58929247705715 9.353123213770594 0.7456066722505739 9.804215006216946
0.7586167404913846 4.069177172803128 5.120807362969687 9.401804290886922 7.7569060763360245
5.3719461964727255 3.996412801194566 7.242416181134157 7.5618184362565675 5.2960390661018995
0.6512744274459017 7.295467077765024 2.5261747430954533 8.793621485993178 9.251263852906707
7.905869046215869 5.734698583601205 4.168901254520495 7.308619432793609 2.588072466952277
8.884059891694704 1.854831467220753 2.0439648400745267 1.4357824016794982 6.586592500851627
8.595848830217927 0.11003471756354699 9.771666875277102 1.3938874217085275 2.4412841782884867
6.7843432197194415 8.106992664294548 1.0175280620966864 8.834539186764633 5.497471250744414
9.519453087209131 5.852469898830742 9.894637140758483 5.147436419780701 2.214500228656572
2.6830122675125048 5.070529757514719 9.994768769048333 1.8994238385580067 1.5045407463923421
9.207813155035911 3.619944250320537 1.6431710087445492 1.5235737438950623 9.888197384899993
9.431067201094951 0.25701867274637724 2.5407013968542915 8.753638758022255 1.9948334213217795
0.9642839307464381 3.059852376629098 8.110739530497403 7.211866134349691 5.498846646665792
9.363535829543494 7.596816671045222 0.5374931238096883 7.347693626582085 2.457728311840381
4.795010684883457 9.139616542213972 4.167827436332085 7.711717257150848 9.128829083540204
4.549198163393698 7.6250389000808445 8.390378435943363 2.03077058894112 1.8271641310716893
2.9994137256521296 2.2740188203342298 8.488391660162804 2.0301676409272864 8.95315042715593
8.057176605194616 1.5118689020541187 3.857417178807644 7.501952924731176 6.747228058380361
0.6790658568332582 3.0220184536818455 8.099303412891297 7.771305050240202 6.0751922474534235
5.093377462668199 9.841052253193002 7.527940014092703 6.706429536537367 2.366791726047357
8.23085275408366 5.96805711682375 7.703095930361444 6.1062083976241315 4.909996271030976
1.9914705143872342 8.8648266176262 7.182197397116617 1.5716585368201268 5.878761050740434
1.5437451878315174 4.401129724679312 8.988498135758213 9.830140447728368 4.861812408201352
2.99635380251481 9.682755104995508 3.796154749357643 8.141830875140576 1.8944043643410322
9.784477404559608 0.9486058647973934 5.591180408546045 6.887583589236621 7.273918762692231
9.520905789004384 6.847365202591141 1.026919690816877 8.327922382410133 9.325688837113718
1.4448709106060837 3.4912367424790833 0.624897424940694 3.7272322339651245 9.77836809685183
9.132266235277584 2.5789753648985583 4.439147862789488 4.188809603089189 6.042519884973886
7.143472160816535 7.162744970645929 7.463584748076644 2.503555488808442 7.95370814900466
3.1343308350733317 7.664733142851556 9.934335659347553 0.32032519000822735 8.83076295917406
5.703918749036714 6.485520448380969 9.598376939969224 5.070318930856957 2.6342686458919817
#
7.4761445461367595 2.4500492647756 7.447278809896037 6.97927289193712 8.68190081332156
3.465319499935796 9.849841431784407 8.36465645884505 5.909091919767459 4.035364215608072
9.446694355992761 6.171124651008547 9.771670643990317 3.381230493176549 0.6815337762077176
3.0839723348230987 6.803418106411914 5.65397583758551 2.614484425136932 6.793512450564539
7.019101877154108 3.0257690240572597 3.9386271952392127 9.251807534159582 7.741654748584064
7.224534399894656 4.694833057547182 8.808283582925398 3.0468484973760432 6.407389392274755
8.365385906541578 5.93348094564478 0.6526092826162015 8.899300146114385 3.677722277359041
3.919539158388399 2.679915699113606 9.139753926217033 4.687881245356491 2.414604191986053
0.3063281153692694 2.793537702584531 9.220841218594192 5.59564052043614 5.020542266911487
5.85795063127483 2.0300390828587203 7.665029937661027 0.35856125885819967 7.921658594620334
8.465225711957372 0.17988393763775967 5.5846589303888985 2.749702206416917 2.338992687777847
9.96616685195271 1.5625201840681298 5.926328757772299 1.4843218281945028 7.870381194497547
1.642649536391871 6.463087140329435 0.3476159037783777 8.81698872497468 8.326419952040636
5.393298349446454 4.745102330342657 6.913196725436299 8.971009805873273 6.380787968083934
4.6368935912817 8.1349705447175 4.697300285414629 1.4963058452462552 9.290174433831165
4.656735545957166 3.690822764751693 4.640418177165654 9.454760688474579 3.7035264400657093
4.567825306211092 2.2605407032674503 9.5855351361296 8.182648261294851 7.959835283763203
2.6287008780703647 3.3263279851005243 9.03494721264228 0.9686606284507224 5.076416542876143
3.759248672078654 0.26725082823942614 5.304176453234203 6.5173281090025155 9.550782282604086
1.2295660672661763 9.530387244485409 6.077730901080121 7.85962385556419 2.9780568427704406
5.544554513319059 4.233742663796 0.15052861443267318 5.969911853880601 3.922738888108343
6.612807988064086 5.664025389126973 6.918524508054491 2.2181677974453584 5.893302242281684
4.228166701616292 5.382520000225054 7.402366416028785 8.476942350907937 4.386143995550494
3.4956523720281316 8.885222651514976 9.314979428836374 1.9582724613622462 2.4565683434034153
9.974819808272837 7.882553395962471 3.6484868176743586 6.139076498078433 3.6284647761328293
1.3226988032629472 8.248013150598391 3.6784506670498405 3.806259289536685 9.812338028443591
9.241159414148694 7.6150252077879905 5.59503096622532 2.2614154135369264 2.009261576821855
5.433841124336198 8.932964297915568 0.8828226437170104 0.8203556597629458 1.049384029093055
5.362313448477609 8.232358409180854 3.5498784986557155 2.5985372108287494 1.8714978165508938
7.579533011100612 1.9392655521140583 8.885456159602724 7.360146831141353 9.549101342004516
1.2386766467915558 2.454950592714583 4.170568611617332 7.752363363933369 8.36651904220146
6.895550755002897 5.333731490579371 6.216037611911547 8.131411505649195 2.123104694269854
7.739642274167771 1.7802891573240718 6.271639348827684 5.089149171588744 5.956771542599139
4.116195355347869 5.369617341463365 0.5689257248581674 5.537836854622661 6.642252266731171
7.0189699652765345 7.590115901255076 5.55524690821889 0.9391905634871653 4.900609902374122
5.554013257404792 1.1832679002623228 2.1263075588215856 9.72092929549304 9.352373468038248
1.6897226822189335 7.997723238763335 2.305360647257268 9.908394306259787 3.6876423257723547
6.859114213289953 0.15104543063813924 1.9753941081290582 8.467347859385738 8.410407076766809
0.30486063837419675 3.9063843923053665 8.87519483173387 9.686030610053807 9.952467395016566
2.7870539945403703 8.189798635113938 4.844682698462783 8.86725025750167 3.608611801140618
1.1190048213510315 9.987126528596768 2.169965008068821 0.9974036221968481 0.26143201110219305
0.7547855242632293 9.033590800893398 5.398405207099487 8.343440661833958 0.8989592779308921
9.469225125042541 3.270319600571021 5.082235523670035 9.045525481224882 2.4943951138631424
0.7313587350028934 9.151770605449977 4.890199107569688 6.085583055400193 7.204174393521196
9.384090089456665 9.218320348222814 0.24634575990409235 3.178832932475217 1.9678121163784086
2.223549413884419 6.064823032965609 4.0719862517719125 1.9369966115772246 9.929199041537753
5.083597379884123 7.948756896564447 1.8735810690148686 0.19824108384741468 2.5128645953868665
1.0837502472181217 8.495996257277671 2.0845215303903726 5.164106989608636 4.7678419045447
5.934932813021572 3.7927859807486612 4.915244786200403 5.6155110043858905 2.2459696132680325
3.6480442209164714 9.922093269920929 3.289603631254193 0.8262000280842647 4.4504336029757825
2.8200927958055613 0.2165225584447663 9.616861980400714 9.249092430993702 4.432788524586425
7.662458536567273 2.0104181430443226 3.80327668610338 9.472035061480021 0.31787175540064183
3.20003376296955 4.6724055420193835 9.259051263730287 6.822714201587418 1.7124877154041283
3.7795417636236035 4.751100492128427 0.7756402462780567 5.29243456966766 7.220949913368315
5.487313937055252 4.717195513790286 7.228234879807158 2.760950448482984 5.803429249593389
6.236882387750522 9.895319517572718 0.4663652265948155 3.8382136718109745 1.2676836579147919
5.719736573162892 0.9798611726681372 7.35903968692502 8.150001975544729 0.45196216357917507
9.552835590509428 7.853062760970337 2.2463422779218156 1.027314942394689 4.057549053665145
7.931350086136105 1.638330729349593 6.509497545836377 1.509047592631319 7.040719776272476
2.061204259705544 2.320087994791122 7.097034221805407 7.013116489807869 7.9694194533907385
6.548488903999909 7.282064934268609 5.6327464501566125 4.416241469435915 8.826024665538228
0.9660128872878877 9.385924788945337 2.441979255781504 3.1321065497542975 8.076578265830543
7.959410444905378 0.9332685527585598 9.999386682838525 2.126616874518016 6.1590699942105145
7.971674685953575 7.2114862503627055 0.5134837306718065 3.0422368278941687 5.2959396204785305
2.859094501219013 0.4880676647504014 3.361589236886145 2.930980983930868 9.998126547305874
5.084560052150525 5.053813218605661 9.744797178636025 0.17401115298830216 3.51772178834484
5.112824036684545 2.4105543120206687 9.097421397489361 1.892094359812814 2.6630397378730213
5.232912421338938 1.0366492244383894 7.0666507313998075 9.652804064634909 4.967825139970012
6.667060385043048 3.620847227091632 6.729500416358817 5.404099981708941 5.687360795735698
4.859419222294683 9.2167224714455 0.3077691306960224 1.54093259370209 5.850274898833659
3.9761768719242365 8.805032882223612 2.0336308670890584 4.06905375954673 7.18971946747967
8.783540692164921 1.501833699283151 1.3900674632145242 5.446365095418032 8.350557695794981
6.591830973034219 7.5915018265232215 7.159275343434251 8.237630463248964 0.692021376695954
6.265970591017038 8.67575257607404 1.802955311921647 1.71757377483127 8.820274102448085
1.7182528070565897 7.859163233523528 4.981189487998185 2.6777419076365745 6.998994519782484
3.669470842280302 3.2847415325079905 9.93196641110861 8.722242182184068 4.401749752916337
0.8851079453097439 0.7351018832030469 9.439497365380987 9.078803958820366 3.438667376755892
5.751430012961251 6.2644631126463555 9.507162322256985 6.344834879668158 0.46700292283599243
4.146527791790787 1.2110976575783212 9.868836841270987 3.9811740265998927 0.6481861340809107
1.8972581584582238 2.820603529054346 7.978900226584845 6.1666980334130805 5.169658636096785
#
1.3501106091309594 5.595916680676377 4.114999366310657 6.797917772049065 0.9100140340300307
1.4255957727030837 0.4492310451109027 4.984280980735617 7.132792019420954 9.761683450246156
4.533109118692369 1.0446942769444298 5.620516650767652 0.8853206620866709 5.86905291465089
2.121062125468408 0.47341694771857323 7.434943214544315 1.1689325380881619 2.8992137879946296
5.1258567540850155 3.266824495936004 0.9710294940557862 5.460926880038094 7.151638784865299
0.8288036833700732 4.824665783293234 6.273635653505017 6.16548838941741 8.732779644937901
2.7754296003201575 8.650633563124723 0.11918038645972917 9.973598784376774 3.281562241430292
5.460438671477706 7.386755121996802 4.854532439053182 0.1857658893651708 5.37646111259853
6.283607726295853 1.1788839670896722 2.528561048507355 4.063746648378145 0.981538766373772
9.734427975673327 9.187414553351099 2.183684816056323 5.461908105437622 4.29908686551477
7.211990520325953 6.661753568917455 1.1134329920782315 1.7534111902591327 6.352105338289892
4.074057783192037 9.00065437954633 0.7659771918356357 7.865922507111897 8.467963554178821
4.851970903459463 0.34081531264605314 4.634409054993747 8.801831734914293 4.97574517031334
7.089822052614721 4.932646804485155 5.687652408852626 7.559239700578441 0.2243961932776486
1.1452127342566873 6.507486848593104 2.0885867479812785 8.906258299424373 8.557799551241985
2.7271328328356916 0.5896939001604196 8.566067008538187 1.050458803866165 6.9872164819243405
4.133513800400196 1.6483573873989181 0.14339253406352093 8.948891276423561 0.5102631474054098
3.9639922855687306 1.1530318598968514 2.384371039814867 2.2889009110021634 8.47960969859958
5.20484698229815 4.122375835262326 0.14869912199180035 2.9311914556150303 4.706463760616366
0.5162497494989653 4.025243406574066 7.602352161624551 8.547380061889388 5.0831758602599555
8.950292875850641 0.7927700989280755 2.6806285529468736 0.34161708736596985 1.374207452550578
0.41415645642302756 1.4023839245672294 7.192720112330914 8.57219217480677 7.321410620624993
6.982051270299603 4.348122429870563 3.0558134847101317 2.3544851255846404 2.0625675865245436
1.7667915351495123 4.049351523863001 9.288611616459352 6.776212623185993 4.696407204108873
5.30189469215737 8.727958202193946 0.35796260971295624 7.184990368582073 2.537103329130239
7.225541171868224 0.5262280712081644 3.0187875646559488 3.1863409952112334 1.330734582659959
0.567752149868233 2.428982049571113 9.600603373570042 3.1159795966385815 4.04960732613681
8.282180595032912 0.6934662990373246 8.95699125533155 1.0643815645515873 5.7891812616351945
0.25078677928559134 1.365657076685609 5.69666369488618 8.739221632059017 8.184817730853059
0.7886802659925722 6.333478223132779 5.056283477578844 2.923767616128029 2.848773710662213
7.799340749869435 6.938503512504628 5.733291475168264 1.544750279443047 5.634398693215195
3.2801842707978057 1.910529508013401 8.532021172526763 5.986119104790529 1.8433043795622193
6.275541124126301 5.59363370024218 2.8813939888336213 4.6550732207263525 0.526925303898035
2.061651169162162 2.9077502760937786 3.8525263133697503 9.217057979122515 8.85246846301073
2.296579902746384 3.859946847453235 6.485118426949512 8.111300195162487 7.015462604832244
1.4332940344426994 4.909834267073272 6.44601430243254 1.1638970301286071 1.1416575100020636
3.8905346689607327 2.3187259149897668 7.08850856040104 8.2807952252754 7.096657396584437
2.5195039293890593 6.835939160242197 7.090678092194879 6.199082563014022 0.4039717060406618
4.929662168021235 6.514106073571393 3.6503860739526304 0.6461133625582116 8.724436707346335
3.262783822233971 3.764778273323266 4.159849075067287 1.9612245117107459 5.419983037996567
1.2155976371526709 7.4756902767405125 2.6825936637429035 8.80670711520517 1.3701955455402364
3.9903908930580108 0.35966531434321425 0.40960303027173506 8.179483814567673 3.059336436332514
9.199524883378652 5.480376399874309 1.5685490234099673 1.8855984628050582 4.618461059282641
2.01680348191103 4.135145427329732 1.435695216475449 2.466951272780297 5.682253447112686
7.817087389893617 5.459040529585685 1.0141708209095919 6.105368993397655 3.7976907155121884
2.3045393167190573 8.544448823596921 9.204850672151625 0.7691515478582938 6.6962127855155185
2.5621104447199285 4.448484263149668 5.883961121233637 2.188549639340152 2.908907215730032
5.4667929040539995 4.537397967345872 2.7856156369055656 7.947504628076569 1.6509873821868064
6.359290259799289 1.2194155649210825 8.62238285552533 4.6455953218963915 0.11367700485598142
5.91798626274522 0.9866128212391887 2.994556340678724 2.1529716842581914 7.288308166139365
4.347122971736156 6.558043981927457 0.6604505410907899 3.771143874274833 8.291087645604529
7.447796317608514 8.760370447395921 3.4392222512022643 1.1841859680214393 8.609048325279506
3.5236353719079947 7.145172468222485 3.087826248616405 1.3275773091655165 1.008913525906138
6.7207711891203115 8.513548129741928 7.043689340188561 5.367616343758445 0.15269695452942855
3.8767984492068175 2.806902583073103 8.36976373140229 2.513920374462362 0.14784096870521068
6.191359868026655 8.950292440201224 1.3430367805280339 3.007680111112464 4.423649125353817
1.65351019108284 8.316839419739981 2.5664201307847208 6.182047511365275 1.0353644896963061
9.268202356346464 7.2636185652142435 0.6305510802382015 4.632850137721479 4.667570379776314
4.594029095429933 0.4576110359531844 9.387031585103141 5.549919114075582 5.973875549022079
3.6843496621200695 0.7731462179038546 4.60307685845836 3.2268607682727417 7.733341866192255
2.176511687046501 5.687637612907597 3.4871621964585877 2.3624500278179648 2.1835568595988573
0.9851424675749474 9.406390381524432 4.757903134731553 4.774762382247663 5.400257590727475
4.2325241201050865 3.0276845146151454 8.343173820803216 0.23232539300395239 7.543720565990945
6.9959128741049 4.839752490885964 6.865096290622628 2.9927152240049826 0.6699176063108991
5.28423905906599 2.3018581895976924 5.889302706331783 3.2337282742335756 5.076990085706811
6.06983273849353 7.9419069571867364 2.607365302824733 4.0732316950855845 1.6304887563177588
3.4952474163019205 9.904659642850667 1.8180087488070145 1.0768288267605999 3.6553703712079137
4.709871011590555 4.637505468956079 1.5376445885020407 6.90513961765802 2.663985774785742
0.9531596620574492 7.334802534427681 0.36775081309437496 9.096547085988927 9.905385974155596
0.5802576600178737 7.990659261830304 4.351716491463994 1.2618015148704407 6.878234638024177
1.0699376090243309 0.4433423304449162 2.2329133661889733 6.160025348027708 9.90361641001739
7.575689518317974 2.9694071641935516 0.9597227182261925 6.356895008591678 6.009697601469163
5.811062560384409 8.294528252571943 8.811748514804465 0.20428571259935424 3.3715979779887935
5.074542001058473 5.078707982746118 6.005895343249639 6.132359957318371 1.229840526399165
1.5216017572143117 4.57803615176306 7.3989878464604235 2.8925157796224847 1.2418143621626805
1.0887960747673162 4.717194393548927 7.319344789527669 9.210234473752845 6.585249587319616
2.062874770074355 1.162180712030311 5.922314580313935 9.936070011948718 9.534713162524792
3.6714242619977853 6.94436911009121 5.236320375345256 0.7116415051421239 5.659421833327371
2.708897481756028 2.790226460443862 3.266440382231129 3.820400898361206 7.034760899000047
3.0738645353410075 7.223507947631531 1.9248450654267435 9.688749917582317 4.198412298189572
#
0.10306552549662573 6.2381398632862 1.3634393514630938 9.196071170048338 9.015596513768099
2.8417133664460184 3.509274011375213 1.4148727647878396 3.5894417262029465 2.287025161352247
9.596698691636952 4.394735112703576 5.801935050462357 0.11661881859568357 1.4871178837812309
6.871968478085932 0.5939545053625368 1.6127002662892216 1.3271503542962364 1.422913960989777
8.47278216404905 9.202612139483126 0.2478021497367413 9.56992481481748 4.5831116034726405
8.57045808497827 7.544312226305323 7.405067843490995 5.077924161853251 0.39456767629472633
5.943583759361315 0.9087404095006031 7.842080988826249 1.9565955729937632 0.7940592846702916
4.106762641891083 5.128924590367573 5.279770404759275 1.4539341011559435 8.492041805279916
5.9438784934798905 7.319419075820925 9.245720758055272 0.8918709484259288 7.055066460721443
7.433117695963736 4.43923482440627 0.9065700939988179 9.152563097840773 6.352090148185866
9.218431146086294 1.3367541834681185 1.1065242676894465 1.941312322973113 9.172690603421696
3.096589474949657 6.460083648774327 0.6081011437480566 9.635880442426046 5.165837144762239
6.109390666792027 6.443310194228149 5.97461723178267 7.353439706401769 1.6802900632681066
3.6496195568702223 0.28467899009927145 3.8457138536720796 1.9923129381943285 4.976866495033462
8.279876650411142 3.2332630582813318 0.6544146691226427 3.08362956632246 5.924396777077204
1.2785878683274112 2.3227813408413853 6.328569240211176 0.7977472621360198 8.029681173078641
4.122707069426008 1.3152594694088346 3.0486284825249172 2.877017906570578 5.090245263218005
6.025507736037371 5.136734850887846 9.896342385524498 1.065144626403959 1.4570057983526503
0.2808166330053501 8.687317343949648 5.208254530620355 8.097542434965154 0.6664328443157554
6.677758789138812 8.059654214887335 0.8932146318357468 9.155096136430533 7.0615189264788105
2.871777177770104 1.8041821606117723 7.650911095552359 3.146074721705186 8.430655782781693
3.5133538197640686 5.9146044246537155 8.026956345019153 1.839334974877847 0.9067044722514002
1.2387176347171693 3.5353304335347677 7.401823073614347 1.9934045442481065 7.6857957480092995
5.4980918252719775 9.428626310424558 0.9660347112491801 5.230011503323915 6.579796284653664
0.20136520188566376 9.46646619185723 5.508086588712895 6.372898730547842 5.311065628719764
2.8378559490171855 4.3146389803766825 4.66922455905453 3.3215380405009576 6.285604980642815
4.987440393291749 2.9532314413933154 4.805883742905195 0.14750478565634761 9.275355881132501
1.4162786077629486 7.566033616363079 1.880641062867511 6.520628778000974 0.11677950408001792
3.1773495807841767 9.464016309290663 9.485186960113978 0.8170803022261426 2.5294368951533537
9.402519777056881 7.627918556560278 6.437287758241242 5.178315563972181 1.3490384344242132
2.4610166397437023 4.974918042641347 9.271850224100485 2.52522272464708 7.032670526318874
7.6937297398791955 0.3461279143803111 5.846830507017866 3.414856160307502 2.8723225048096666
9.636785636629627 4.273269223031417 4.4991011150295614 0.8378728139651637 0.13626443368528562
4.6441116544171495 8.50913544601275 0.1133035772394626 8.962983320330498 8.577639682643962
8.568967495513839 9.161950526808377 1.0966746123849118 5.497433644288088 2.724221705872151
1.1299908831436163 5.12943974695621 4.688199078114284 5.027681853221189 8.248825452360052
2.1657752293198773 1.4843112873226194 6.968412896482835 3.2322710822527925 1.4021556604076535
1.407601199754886 5.008773267049988 6.869652611883276 7.561826471568045 2.618985241434766
0.5577474886569531 7.305981942069712 4.448270237119465 3.9736861466485274 9.060134101614853
7.997931204887092 9.577480068297005 0.29911602454937825 9.410840125419394 2.2527409121633366
7.802034997183838 3.946593740954202 7.6720054362718955 0.43235586296821804 7.694605715606503
0.8291043091283887 0.5180930928252847 1.5384455979541976 9.234213106353817 3.5010934096647173
6.245017096445666 6.444673977441777 1.3550147307582696 3.7429840906273997 2.2319575098766844
6.819007221509006 3.4681748937392083 1.5229369950184912 8.119753882212041 4.389099203781015
5.868651340393967 4.198848443187039 0.8733768653877485 9.801660339592878 6.094784243089329
4.371209739898613 3.751044028974381 5.311803999161768 0.7879433062248724 9.120073090370296
9.135957393675568 9.789502154975082 8.622951516316494 4.1933894701635905 0.22541667553023803
8.887965578617987 0.16106710061688556 0.925918273482452 9.699049713986238 2.56340890126615
0.7474086818977739 3.549803806678346 7.489447428411676 9.3646219058462 3.971826735004276
0.7118245585732677 7.560356304610696 6.804447322398063 7.145956969097247 8.93807771566512
1.2160608039391363 3.789633513227951 6.5153517058969825 9.708530754563057 0.1726634473126989
5.237286037226973 1.7969666099517991 5.870015151267875 6.329601035518479 3.4804551777500787
6.1543464481142225 5.984596823559747 2.4049157892016026 0.7671077135990156 1.5276775130018767
6.213662732500504 5.109485461576722 9.8062607121552 0.778241760197151 7.159542189075039
9.2060384622207 5.953336345521579 1.2406271760097298 2.038783283529054 2.804303035338945
7.840802830315848 5.048256134567376 0.7446034085225781 1.2893601438122237 3.965812000100457
0.9881753412629886 4.090676688226097 8.770821796781576 2.6282165327291507 7.228568052495497
2.1861977663673917 8.243700299736508 5.499919860938079 1.5598856944846649 9.822538250142834
2.394897526047401 4.014861500627561 1.4615395165541063 9.795435050024054 6.151207725447883
7.543887159250184 1.7738070697113417 1.3661922247419578 7.898481167398505 2.7977902263747034
5.201949263655568 1.925184516998749 0.5473126294085082 2.091636575116225 7.7199603734002356
1.9976469121052989 7.862691055660298 6.532166247484779 5.3450294312543765 7.907698036161647
4.40654827220285 7.24584567327887 5.678841088206703 7.582786325698901 1.292046987391553
9.991342158182837 1.9508565465456003 7.963611313121769 0.18274075594561623 1.1394677262728723
2.110372625677933 3.308068067081754 5.196807079214325 3.8479765660357605 7.058061983810752
2.1096097781927345 8.390318657467216 2.0702872642363155 1.3673004938096969 6.962893861465364
6.361028358063434 0.9643173858556695 4.378939764860305 1.1774489194684308 3.7032656796866243
6.663205521580112 1.9979332490237272 5.555589450827238 0.46355008771958506 5.216604922657508
5.472024666313553 8.707126869251283 6.760720733974763 5.0380668525090595 1.0560610848027419
5.470145304692012 0.7514879370810199 5.626503909792868 5.146866477396541 3.314690871761341
1.0645562300026774 5.029507042183425 6.7779763210397155 0.5849191041744586 8.15509089089583
4.110218335236473 0.22926409376767953 5.589128483654728 5.764717011320106 9.2571515326172
8.419055340059348 0.25210280702498267 1.85618918130784 3.1223972058325065 9.322160431806036
6.054624150484946 7.474775085650565 1.930579352746852 2.6839689259729274 7.08143820085829
2.1818895140271373 0.5944289045278977 8.596738993364092 0.23527086712076972 9.125749943423028
9.844922781594779 3.8961876050909483 0.5258221635073008 0.8841312423660721 3.8637108284546318
2.7235450800912324 3.109618382146493 2.7758869238723736 5.907102260472509 9.687684510424194
6.9042547814208675 2.8823317161370836 3.780102573505161 9.014524968332733 0.21014667247891072
9.15019359143921 0.22559725797632613 5.113607099224722 1.9259767535319492 8.930047477544296
1.1557034488315 2.458575827444106 2.573786540614391 6.989269686103628 8.05049498553865
#
5.40500749937608 9.522140961133907 4.894875827116164 2.852683615778266 7.518672116722136
2.5801704065711633 8.05143083194304 8.453578401194788 8.196672910928417 4.65111339110907
5.223954731708847 7.218980789526594 6.295757988548315 4.602817405027528 1.9516396413561043
4.015315855309673 4.59028364451143 3.147598217683285 7.267094035660172 1.837972468647168
6.742069095673987 7.799347346846329 1.124538235104302 3.613809737182178 3.6873699918709155
7.872502468322056 2.418682621970931 8.32896129562961 6.4015584829849095 5.975731696753234
7.297026486007271 0.308855608072796 8.753941617348218 8.219821052828296 2.406981689449628
6.2317770767681715 5.186197960198903 3.990512125762298 1.6913558281588728 6.8249187835666625
1.7814254646961167 3.243007085889812 4.560926023198041 9.156110063196651 8.673054271918502
6.953315795539719 8.00477240822622 8.274886228708757 0.7431350510085775 6.2058325819335485
7.228021678975322 8.988596640932048 8.379943196366062 3.6134442918615983 2.622706169209607
7.349317600834024 8.539549438792642 6.940182046659799 1.4217906308993205 5.338332948807705
6.957848388889769 2.242922526805876 2.681656962174842 6.355870564003911 9.165515729509181
8.63042637749585 3.0983638888570395 4.103402143705963 9.01216123601472 7.378938702454078
4.622362018602984 2.784209390551366 8.22982457535803 6.447428030892608 8.634714695993978
0.8267667849261233 0.6876205292617943 6.204592774402022 7.752242486202681 9.639343090026951
8.845396215653839 9.381874427230068 9.916098093140427 5.748348441044415 1.3822907361742782
8.60515013890228 7.41942144992515 1.6061744892634855 2.5711315132726753 4.242776587464096
9.026367205701854 5.3599052868340875 6.293665158712227 0.14746609122899024 6.121124618773145
1.7199474510201127 9.51689122199707 3.716201832742943 4.012167603676712 1.9769589377862768
2.6251508216781425 9.238569662763869 6.499092960764909 2.5479506008555064 5.378202652262571
9.46633333261505 3.8093558625456305 4.516264826167902 5.666942285564016 5.751896512811514
0.9541672477042686 6.149343549320321 1.720064693728942 4.3801112929894845 8.638694247391236
4.620701016455586 4.966487776934283 6.755459167762999 5.445156350381476 5.144052576318861
6.709747391790093 8.403850617574959 1.4208559992422476 0.343805446590717 8.793572796984476
8.908986575798828 4.324646467546617 1.0145198475486872 9.180861494068722 6.603475688340486
0.211175298379076 9.732663215203832 1.2477137652220467 4.949539555515987 2.4359766591307648
4.937882556740167 7.244156646657306 1.0971801731612483 9.295308363983711 7.742697584953321
5.7562914616908625 2.6244541214486707 0.9238432568669879 4.849952385271888 9.409481325666299
0.7651871750399435 6.5882730634273665 7.664672147323069 6.500875331612973 7.238144196031649
8.059117229727358 7.603528984392417 1.2034517797998734 8.823077303607267 6.227586576546912
7.70071846010413 7.783345270676852 3.333818942258092 0.6783126904462256 1.618804030415789
0.3172884346608269 3.065371946411992 7.28754765825289 9.465456259696618 1.2961212176238464
8.234110220029045 4.779567023676253 7.4001358564361315 3.959417173757547 9.566137652196023
1.697978874865914 7.2336473282388525 0.6660849978486265 7.5450951113587 8.664433016584821
4.203736418125624 2.01821404787903 9.194181735474658 9.909153661634576 9.402063848043806
3.5249012815241936 3.985695477466959 3.9710957913475795 5.690041826046081 7.066742097916254
4.31863933460988 2.1574462117644595 5.060096297415461 9.616412553858574 1.3247911467391043
5.517911151532994 7.757389204624898 9.828657368030086 4.3589643816018855 1.8075196592736797
5.6233218227218185 0.6493733617242823 2.759482157814661 9.959854803609161 3.224768431711655
4.039360780382846 9.634460771615725 8.073957348224697 9.834527033982921 0.33603405337455516
8.406307210064565 6.855547233416128 4.58509449060892 1.3152572911617475 1.8472585618722386
8.300251150771569 5.2867797595534425 2.2835600473763322 1.1379156802752788 9.274099051003368
7.480048326805711 6.4458739311191895 5.96980583202555 2.0393440242599095 4.202056713018579
1.3995815509114369 9.421278437592854 7.9427994345763695 6.337984179632734 4.266548825967253
8.6494037363444 5.111098512322897 7.827536277514309 3.6694614631401983 5.338653151129524
5.881200560701824 3.033155872529176 4.169210425000454 9.797028899925536 9.005594537909047
9.478188086261085 2.425607511488629 8.85859056590325 0.5828617163777494 5.442888590016609
0.9866312038005862 9.417550827555253 1.4172033670049164 8.155549272453772 2.189079446657346
3.1988602202499425 6.18249341352668 6.962529257478316 6.694407214607207 5.184212523706773
5.5134276159953854 3.500773841224325 9.187359767555577 5.9739047836335155 5.443101491195406
3.5344644915742016 4.711919803955108 9.360390814163347 8.553541795048757 1.2545447964930307
7.391466776477515 1.2615447283516503 9.363103941924196 7.4261917276951 2.3589216432554925
4.256647791691741 5.452836660599065 2.02432461412957 6.273240256710732 8.243346026864216
7.451716639125188 2.920540885364297 6.720901787134563 5.2229594687169785 6.485748357566946
0.5552168265462889 6.937906287863829 9.667535120951369 3.7212156596526538 7.702963870962375
7.4588173742659425 6.881334101532431 2.482700628492213 9.378514092701607 1.195670302106456
2.1844275222472906 9.162160537487864 0.6816440923213127 7.91823331836337 7.986968453795875
9.97696448730467 1.6433815380542955 1.533265936137937 2.943815056722102 4.959254180246325
7.150695887394411 2.0384882889428377 9.42293043862398 9.106381376007661 8.718182266146918
4.916844108227371 1.6154654622230362 9.682623921505321 3.778434073116731 4.4248824488545955
3.972885180991814 4.965665545131933 8.527324348566431 0.43856704118395307 9.203836346616466
5.118075179580616 9.744156165466215 1.2842799183992386 3.1114833650322353 5.93347005901939
2.0751951753220506 7.456158868643958 7.396696798444422 0.9794520125792943 6.58627768536943
5.811917664125077 7.916532229554498 6.566366063667546 1.7578893136018627 5.224069014767666
9.117891436458539 6.2654021768633745 3.3287916125214636 3.819228593439149 9.165687462970542
8.669590252828689 6.126680939848693 7.268701132530976 0.4466192277373322 2.7666820320106766
8.807444141818547 7.263967688664321 0.7805385016208835 2.3343529361962227 5.231035498432124
9.108678933409667 7.067714707138416 0.6403449862474444 4.395708166795249 1.2690132875971059
7.97847376729559 6.0670483209698105 1.2888121706058295 5.843307843523404 0.9646455727784531
5.960619417231208 7.191512824069129 3.5030906179112122 3.392124766633409 3.3250556006736716
8.048832853929799 0.6089664610472889 9.728280001198472 2.9774175122676922 4.721800314302509
7.514314098927265 4.250535065634301 1.260392368796838 7.4111425942883695 4.041129756740092
8.86331764329535 1.9825877172715463 0.9977142655867413 6.107892477665537 7.62408605412908
0.576316554105448 3.85425978084194 7.665499920401606 4.732902274975297 8.615602707645298
2.772729150187859 7.919406130390569 4.834727493832989 8.88303732800601 5.372151661646122
3.747290985308888 6.755557062105638 6.256222416671511 9.109927258002555 4.434271726450946
5.749279785738159 5.8393384180938215 7.068543330770578 6.914446898657933 3.781810051838823
3.6421419250527727 1.084291558906969 9.215676947418991 3.8458500897735006 9.06584272480473
8.395396741513489 7.154875648511778 2.214906728748443 0.6832897360979784 5.971552451961104
#
