#
2.620684742082535 9.310790521386263 0.1857527392068299 0.9960846025371186 1.2995028298230613
0.5477216027904577 8.993614204284645 0.43056928314747456 2.869468929669696 6.305939048588262
8.576545303647068 6.821376803976339 2.4100860004220355 9.55023337125318 2.9404995687283804
9.712569512790667 9.828785886913256 4.904103919038107 5.056373647788161 0.19692115139842947
0.8482094861330012 7.07566727980172 0.6091114331872927 6.115468190532519 2.2452532511891916
3.9749299626156986 5.545542748294664 7.834741386418404 8.345346012594026 7.391331676752617
6.149309282842863 5.865280543364417 3.4388296872817046 8.607041521220712 8.66063795003822
5.248566063260325 2.620020100118131 6.713656354151587 3.7065337533495697 7.981817374269435
4.609932588054782 5.600934087287387 4.273051661095361 7.361637522026812 4.328124911472695
7.03698394652153 4.131055566733949 4.825021971639949 2.4260202651089102 7.227296723769348
#
6.443661569686062 3.0793595773701927 3.808556715552359 6.362465772943679 6.998977197531838
7.438296186828124 6.713312015930031 7.190978196948063 5.271180211920566 7.4200287498231114
9.179617804877836 8.092935889550237 9.09130929839828 3.2768556626110463 8.018376886674291
2.720410218339043 9.389185737781037 2.5931147309353375 4.0854778370902585 3.1607898503101404
0.8468592795070391 8.784329431977666 9.488020276403525 8.948280313843462 3.366101571385772
1.9724620607733865 0.8106075384329552 2.5900687877647735 6.731549086557131 6.363175231477519
3.426200627879286 4.290454631354765 8.942080990362932 8.907725223213836 3.2118579543106858
0.9083606246296219 8.634706169712523 9.485662006990905 6.31521837426471 5.599583525687825
3.900215797091419 3.3719250100948672 7.173556417697937 0.7146456282736366 9.354339454743158
5.551977207209443 6.9964484094051755 2.6052007775416595 6.452005719719922 6.35015667614065
#
2.6516251768454966 0.5940842689583272 7.754650410428795 8.856625955297291 5.012435598825672
8.45735148934353 4.4800733407098035 1.5952895926417057 3.1482261175751276 1.7115130639312581
3.7895615964987224 2.8822663249290232 1.041440104877445 3.7781591299288344 5.260798815384227
2.9506902752911413 5.313393506399215 7.993674396058468 9.712074200148246 0.7306205005572686
4.978852722148609 0.31112452094934895 3.6710375528365926 4.1546959025796255 6.137650848037482
5.548102253162791 2.807184526616983 1.0885044823955985 4.8002784032026025 5.649643488530918
6.712460323623954 6.252835403802534 3.10677990951966 7.450772692868666 4.870838750647576
2.408142494610078 2.5557428453130977 8.287694872482144 6.6759310830910525 3.5300596656697008
4.79613439530277 7.496277731295274 1.3880310718757167 5.204873197328968 2.1457734904242147
2.811402062457381 7.784411694350283 5.3212845579887 4.188664547968345 4.366027291309095
#
8.476301678881585 5.883168965376254 1.983840817872863 1.1346485286216828 7.495791491224848
0.4661165260980171 9.26304743895611 4.861988786284809 8.093194706794618 4.1978286386113215
8.60507500897047 0.8133925737029388 0.36100790517195236 3.9805696264213344 6.15531394248952
4.688188438126395 1.8159444274999998 4.244588999681778 7.567754828025995 6.553649016912945
1.5162262813575156 0.316421838073623 0.5859315718607814 8.271316558872655 3.067795722283841
8.519774154613208 6.453503175848979 2.823809454677116 8.073739104001723 0.14192123764472075
0.9657611095848866 4.6079927472299875 4.299960098264264 0.15892639775036965 2.799517811427246
8.785614828261457 9.281477352448618 5.118823650635039 0.16802545446390837 0.7879514452624017
0.6356443935738971 4.507881255624322 1.456885960187503 7.673467551782603 1.426707665267565
4.952429407113797 0.8229906264862485 8.184732149945276 8.033418261372349 4.664354033142876
#
8.147100531984377 6.545494415866093 8.190792217743768 5.5266059555524505 9.057645748208195
7.371945277676439 1.6899069457873481 8.554006964900532 6.215590773910654 6.529892404163231
5.367539586480134 7.421037172193415 9.103651124228175 8.712276893077018 6.136286062138687
4.089073627451219 4.06536610939432 6.305667203351778 9.300186270580205 4.149900416703871
9.407411396237418 3.236291086810243 1.7771614319242444 0.23997156352036875 5.261308048062797
4.767681189095061 8.717387418022238 6.4253036743438114 1.8893338615166333 7.324802158254851
3.0026255498297103 7.8448494625033 2.228329792636989 5.781522155327611 7.976765765721622
2.4074187126610003 0.8165850034138611 4.9687182696812595 8.583167048015904 8.32595873991399
0.2776937550696754 8.750911244610537 4.436501237257966 3.496231762703096 9.147859533992097
7.410625107321103 7.346473236567451 2.6965820968492378 7.739743971798974 3.3747883470088214
#
5.692259781770934 2.4409651676637503 9.131606583688782 4.488461272357604 1.6091926730375716
6.443986997495868 7.929138637492233 4.463980886878907 2.632818096988559 3.7730790796976255
4.992653028467356 6.909489291268282 4.4410241979153415 4.889060988449272 9.46876575462957
5.35784293862708 6.3499292302643715 4.596420704700616 5.9715120172411 0.6057883063461134
0.7532376526629632 6.534068106134438 7.348439131071427 6.444025417625444 5.5372879893722216
9.928747775586963 4.702127110388159 3.7373330100409996 6.504074747849739 8.882945535060239
1.308241337085664 0.8654304955423413 0.5114763503571682 7.541036677451579 9.784624052451603
8.51476261198166 9.521803079282819 3.3382924186737024 2.160393267127311 6.950107262935514
8.96386441090467 5.2049979774642265 5.102756586636593 1.9668949821537578 4.874654262751493
6.872128333761852 4.744767740064945 7.399614609975744 2.3462423112933153 3.2152820181253556
#
8.510676464778529 0.41423017107048743 2.3863879145207783 2.5288466662584907 9.057835818130485
3.059913731741233 4.693722172277915 3.451349424035602 3.845793794187669 3.8035494372140493
9.948917179577732 3.1309916514393388 5.173372492059919 1.0727978871722694 4.192818117105126
7.923082223155788 5.672221001149672 3.9058086758376582 2.7387031304623703 1.9166685320825008
2.2879713988020014 4.7179420370999585 8.376437306526684 8.761656772604132 4.719814704933626
0.4632805774717772 6.490190370413519 6.818351977124892 1.4580583503954245 2.7564706332530986
3.2722472178568704 5.102907561057458 7.4033757557983915 1.9641659543416847 8.26953749573313
3.68089245898437 7.33713525035119 5.25680552835269 2.849576953682018 7.059387466756019
2.836534361561419 8.855294442410882 5.484937591649344 8.95524488433852 7.408384783649441
0.5234911187257358 4.756149936259293 3.4529652730801526 7.46079384191213 8.138751580586831
#
6.56222177224984 7.971325834496255 5.061052273588966 6.408942376416862 8.67265904800097
8.538212847939743 3.576244033669644 5.683564839450075 4.919859357706704 9.766035212207594
7.646154430880247 5.140372677960054 1.4289803168920283 6.79997116524027 8.043368812159954
1.9885737892097262 6.182483478875943 4.011092792023227 4.842186478011353 9.214233440361973
7.101341642032224 4.437457017504483 2.703981284111268 5.265909501681083 3.616423573756223
2.622028261835693 8.583597518045828 4.0429656617559875 1.8442876840928304 2.7802789107966883
8.134542153818659 5.31632969127184 3.8497766648185845 2.4137550974413178 4.257609896922393
9.196287720079134 5.8592899904608 6.006278147701239 2.548661702871011 3.652606763435203
9.220312434707376 1.1836047425478702 4.973277884820308 0.945075816008047 2.355474413955927
3.4931305819524288 6.854822600913425 2.3898124923556603 7.788839044943181 7.769478501314175
#
6.691561333635255 7.842405529202057 1.864279393831798 0.43605205784226975 5.831417228323737
9.491864008908594 5.536177931606345 7.761495184249127 3.8312242208936302 2.7484726193590254
1.4131466295949986 5.920819346227408 3.8659467057362074 8.21990463297579 9.111875217119668
2.242966548142248 8.974763764633044 7.042793808642959 8.363459006117996 6.21979450957612
6.304673463980358 1.5152745763923212 5.0150678340962775 9.721443986466957 1.7356955827646177
1.4165309064012321 1.8205151897320788 7.442250643435925 4.583516628349553 0.8035692417653202
5.9479177772528296 5.493698293982003 0.16860556200114196 8.067238857414862 5.511707425457823
1.37465164438464 1.6281411291980508 7.882047438722115 0.5759961328064076 7.669102635052777
0.1956680438820424 3.6082600292186857 7.7142477463847605 7.980262361706761 5.716626262214646
0.8860925567886069 7.298307558067215 0.14459670823872894 8.760494619005009 1.723947528650506
#
6.504731177015866 7.233332982981422 4.507166520891983 6.429423871352203 1.9524978522682788
2.6634530931044025 5.790925643393054 9.700566082832069 8.674621549510542 7.174849902308743
2.4343941983497683 6.1792458292164945 9.319355635570677 8.92196503755915 2.5789654025875413
3.81780633408758 5.077828176069964 8.842632437309398 8.369116469314116 0.18377138260606873
5.135138340989393 0.8338472635214789 8.608698664758982 4.647370581747351 7.8298162982984945
0.9481552465581693 1.9571595730276679 6.208457957454598 7.090842389650839 8.220051790277951
7.699947872350446 3.8992170673443973 8.173432959947604 0.4325868493603968 0.8068776325920775
8.895336298841363 2.6935907228019995 2.352803378226888 8.94286580472087 7.585496415438945
5.464209417722702 9.969942408781485 5.077459690423557 8.074502246529912 5.432240852639601
4.26216925850887 2.116470671041512 5.454115088797201 1.5443614681005382 8.619248307256319
#
