#
9.165986295420673 9.368157592722717 5.852470219228992 9.616095053024146 6.712126807487134
4.574038344580689 3.41605548240851 6.3123429498081896 7.90264115602538 6.968108059446818
2.514644280882702 1.8321319566299512 6.093209040826934 8.26402021714347 9.879072763172228
8.913447923181451 4.207721891127927 6.707114704734906 2.7103201928921785 0.5345624133675733
3.0967981302754017 3.972881663526148 7.51019911357672 3.253385672602659 9.020210594304421
7.816758458448285 4.562538428537673 5.327630169777579 1.2907883455140485 7.27872500841709
1.2714545124958856 7.3928670920065755 2.172770341374625 8.91849832620204 9.081024210348499
9.864306829547115 8.942247491421236 9.104890523770566 2.3373115351161244 1.527777295158658
1.6441365507650505 7.021195460732839 8.849766519223285 2.1252509868180494 8.219178262485466
7.404876676377579 8.558935363034005 1.1242731528063934 9.794496951611828 9.635122200377547
0.6118279032320313 7.3458905036085955 5.159514647747742 9.535633168808566 9.968832745174605
0.30587068348095503 4.632698040754231 8.522054661757325 9.31302245707787 1.9142006080979943
7.4596917157316796 0.7442669004654201 3.003208676947562 4.206492260274592 9.97719513255339
9.23655525673799 3.845394384347692 2.481206284144708 9.272163119498213 9.52519172180332
3.708410125355797 2.1106148398389606 9.298476826061606 8.870710088364014 3.8403355726018393
9.168218869603756 4.5158837366536915 3.063498916689655 6.344766830768149 8.458093294270359
5.9334171564279625 6.699544136680091 2.7885794106029387 4.741264632388778 8.580343830033751
2.497384226682452 9.126286827161975 2.826351323811419 9.236579666935508 8.65354917796877
2.942072260820323 6.799668524891526 1.777278020006436 5.758978581872997 8.654654999101687
6.189323391401983 6.202437718154965 6.105988828012717 1.1507033137606228 6.776341999537856
#
5.235340113445497 0.14892967964963244 0.47266052202849185 2.284792070843929 0.36256861344738045
3.5159083250365004 9.262637243911772 1.392257080982033 5.409893694836621 6.016712479099331
3.99072274727298 2.5499986371723926 6.543483568796302 8.524025170918094 5.013558382625589
5.568419132548947 6.485657537341038 1.0140654144957812 2.0825243060087137 7.78864969188316
3.228913751169786 7.379454993114214 2.460596240360894 5.5522540266863665 2.9995764211168456
1.8708249479580723 8.525204902625457 0.5699688701005572 9.735923421822005 8.870238072592821
4.2409596666206975 4.372059240127461 5.806335738849905 4.752293710527544 7.174851914594148
1.3209937152385227 8.789056076025371 7.747945295669592 4.624833317141708 2.4795961607782155
0.6273953764646762 8.444231473792865 2.4574782951752367 7.266310431439502 8.223824523453095
4.375893466716142 7.348617394664003 1.095009339029204 2.9413495184367866 8.58286731891168
6.938854950198172 9.180030247319962 5.566880059222895 0.23603507456975859 8.095856312673039
0.9404073000397544 0.22761287413947517 9.353834465612618 5.754022652540361 2.868010324709585
5.807460514190016 0.1347819602081506 1.4492178504586257 5.996155199605542 6.657167392994083
0.8437930567408429 9.88759889941141 0.25745518885260754 2.6590913227314803 7.184976243398845
5.959784948059773 5.117978670557024 9.267467856038703 1.6252900319582055 5.774320881982408
4.305991823495363 1.9110468797294993 3.229436530470717 6.646585978054578 2.8698505216790013
8.049014065647269 0.18755231474934853 0.3833516077448964 8.385878205121466 3.936955211960467
3.784710932973472 8.437142261463949 8.750506334984793 4.366614701160373 3.4747933096542933
5.28627267746168 5.8776839986042315 8.572279424551475 2.181352222299052 9.622458323597083
7.300576175900776 3.7388193882277276 0.19697178584685737 4.796029970828916 2.6518853471385975
#
3.5894141973088063 4.692189467731442 0.28868605195048325 1.6118765085613993 6.802710395085791
4.025129692856019 0.47462334163128883 1.0533878938768493 3.1648881357663514 7.28802646462294
2.568797096241916 6.792557520871646 9.753922302858886 7.210261128135086 4.410572061608678
4.346827866508818 3.9416206645526968 6.795669980101676 7.530644735433311 5.427067889221261
1.1534075925367433 5.391588174235445 9.281149757916841 0.40188285236989163 7.55112392534528
2.127623042575461 1.6533617660178246 0.24921110679842773 3.395904562400166 9.51883590567597
1.3419933171924185 2.415052449881344 4.512125859354186 1.6493586849419763 6.31881314580534
3.216479692134652 4.821012607070387 2.845540726370071 6.533868892184428 1.617949823329213
7.863575193475367 7.671420504320744 7.516730563264976 2.36652652158321 4.258339854029086
7.483023030923918 3.322623024222586 8.787945663285894 2.8658241391218784 5.019515392829085
0.6815249272229904 8.340356326194097 4.136973670447937 8.048671094304574 0.8283924764204746
4.226673320768557 0.5948776626132606 6.00680370225031 1.3698043047030928 7.567077413927083
1.802686631482254 3.102896620508492 9.761318193937493 6.758082586319205 4.5312499813458995
5.617473137091722 4.790173162296455 6.935656296924142 0.34451451788063014 9.402435408591394
2.4057751226601596 1.6848257660946864 9.416327872049607 9.258716194007713 4.64853033351212
9.703335411672793 8.652325560921414 5.675070641614746 3.6947033476654214 1.1947562174277273
2.342992145356953 9.23310138897111 5.4029166195897655 2.847090658661232 0.6377940837265443
9.567901260153834 8.788312556161152 8.269000326171284 2.724392819282224 1.8851481880143162
9.608109253448927 2.176854898111628 9.330953220064043 1.1723411075357206 9.42767962580027
5.791663970039614 1.8516293656317582 8.131827981882223 3.979117802839986 4.897499844978447
#
6.426243798871582 5.9286606876828385 1.6202073540003519 1.6407848531591664 6.287411819313982
9.110778878852907 3.477085588552776 4.375595284282601 1.0944045078112752 1.1917453313576392
8.990350392609916 4.318281654913044 3.1036770691521642 1.6434428678111734 3.597466367727021
8.8859631541036 2.758206744587097 9.57663177359538 6.205917985354531 5.479375577166065
7.043339416895374 1.0374341125570776 7.077136144420862 9.687770195058029 5.016126268558699
4.102919557097582 2.3942696584258853 7.984037256993828 8.899577239889087 6.453530955990667
8.645005401385717 2.434987808713919 3.3790836796930717 8.647945232805318 5.710235575693714
3.2744650099250636 0.5509187808495284 8.706693437266324 7.747277982183098 3.7016399144315253
5.612432843903646 3.9296407296973372 8.461313822216194 2.796729290961923 6.51412885642241
5.317978543641041 5.963518087848443 0.5655067528401281 0.27837184684545946 2.24206227133797
7.869374818987999 2.433820365086156 2.2632332563896735 4.720208716408863 9.400087993533838
2.7756792412664923 9.44592296839597 9.951735589281128 2.293912847792709 1.1275496536347895
4.259280727689452 1.7790457885314348 9.735424644729456 7.193362598410659 3.2652974963223786
8.870007918314078 3.717514333796574 4.828916253307582 2.2745179247400995 0.2565749811023874
4.1066717294642405 4.8573862954060045 7.146696217753155 5.472478656801972 2.0120045638554735
2.681675999362877 3.8630594034942467 2.088840570240011 1.900139048125161 7.911133975456733
7.486489887497502 5.6229552341096465 7.468860236629578 4.085708701316199 2.977027202659991
7.68286184971986 0.87753291472968 0.29949885435623536 9.809074880615594 4.229958292557848
0.24057509009506894 6.304853624607169 0.1530839495135199 5.471423384831618 8.207396495099506
7.682925440704666 2.4984370484129608 2.4862798987506607 5.057385456237799 8.002522451861884
#
8.175594615476577 2.4609667613429402 9.610100655341544 4.559475218437024 2.3894148942640547
9.461832403371073 6.11074889720435 2.9955950602762385 1.2466300469582499 2.0975096156232778
9.036578841876839 4.6042048585261695 9.729645598465495 0.33918553204023816 4.93721947758161
1.5769609664862414 7.8624053641484135 6.58109049304181 9.531951119862951 4.135854381063453
6.0892694977203545 7.411015737327052 3.744672013142768 3.6320707316468632 2.3854108773487175
3.9179194968351903 3.1133877730377453 7.760057389040025 3.9293989834560543 6.377502756572213
9.748670832649495 4.561566261879999 7.409019103031377 7.443789898858823 9.677086854290005
1.3974156771896906 5.720175129214808 7.198728054330854 0.1357892554220248 3.8880169818266332
1.3308075182095185 0.2468606744652746 9.55514716936861 9.513346354212459 9.002398521581757
8.58031256930677 9.54908364403506 0.9808425732494426 3.891649733237375 1.0514804409354643
3.754585457664119 9.19221717327419 5.731176692289575 5.937029404655804 4.317409155160982
6.66550046969566 2.7641153423846965 3.276908802619881 9.209766908981784 2.1170695414689993
5.406009705098348 5.791180975442096 2.6838736593569332 4.01984332689779 9.632842629072918
5.305121150928345 7.409834666401109 1.4248495536564962 3.5154243853794 6.142593426674742
3.0721001920807405 7.911923522027657 6.344686553719148 7.704235294194481 0.4636702347578643
0.6603788594739459 0.732729539317714 4.029649887485348 8.411344490587094 9.746113379252169
5.48993583890608 5.707239089104635 6.379499801162048 5.4857791395475575 0.3547207879612033
7.559096968921157 9.33206899198286 0.21458753050877366 4.909243934452357 6.75688011555627
6.897320425172178 6.426626955991757 2.758457754717315 1.7116354330120687 4.704103644880025
7.170589414662819 0.56459563472648 7.842050859865744 9.342947388438729 9.154139998905393
#
6.618140592791173 0.5087368669590759 3.4518501534829493 0.5226756683021492 8.017845966030809
1.8033620724811592 2.5055216437800603 6.740099144328874 3.931293355389799 5.896718950766772
7.316022275822708 9.879376943276585 7.152560081962161 8.724776336405142 1.0038045522416486
3.866877358922939 7.90876045600948 3.2867967120923094 4.568518770187748 4.811535397442415
6.750311610312274 5.72745051367149 4.196968371618299 4.223277521150484 5.170788086024296
9.306188055862716 2.4322212366811513 6.776387194131125 9.01367945579432 3.087300604171422
2.3758344987001814 8.475833763746971 4.283058327676975 6.133111003083901 8.764307019327372
5.778068536503256 3.9909464866716755 4.201106886647434 9.53447310586564 2.4122748667519245
7.215291438266936 8.565840196543336 5.446037173572936 2.6535226720859115 1.0125982187135598
8.438640794038921 3.2111107625442346 0.53762864996391 4.1802193641500125 1.301132598903759
4.3916179489208425 1.4132181314200203 6.150391899305487 8.691404480007805 7.564914054985836
8.003206223215258 7.435057043513529 5.540145427731365 6.97931717143611 2.4439181054462487
6.374077222152631 2.9320891999830696 0.1138651961842232 7.514890435446262 9.61088561722098
7.14881147546666 9.331576048904466 9.581059299370054 1.4219336852598778 3.108776691336831
0.7576768971764656 3.0780320383440776 6.478108205466556 8.344060890608016 4.755201386871096
1.7381391196018403 9.909192911572568 0.7687900279925177 6.506922039495995 1.2688358653380614
1.5390869776227243 3.5785697238819134 6.015401029136358 9.109598621600213 0.9420574685773007
0.3065275598216166 8.949552232655591 7.905268661388026 6.804124317167822 0.6728045236139568
6.100267663190669 4.525092392618556 9.430729008065708 8.776149127615184 2.471014295988952
8.908977961926484 5.024094506160844 3.314294548347661 0.4257782298316659 3.414844012834328
#
5.306520823355886 0.2649108860676428 5.13333268710024 7.953227904300025 3.9617136869839653
8.626125118596509 4.098068958112986 2.807280281897932 8.667952344710462 3.32067004706959
3.405615423027336 3.6807621836733913 3.888035311372493 4.413241181863295 5.02228426527518
9.722601663710691 8.642181086212439 0.2688313689359534 2.2372372304525308 8.447669181040876
6.951021700282819 0.21920411891052538 4.9617402355446805 4.424508728500109 7.681306152565243
9.947089415904388 7.112031093417208 2.716666044403488 6.147127769537533 4.488946228530012
8.444322425405105 6.348810413409678 3.8611513489417613 8.773712229245275 1.334753379385162
0.6590644659961251 8.88769113562016 6.480820146140368 7.20329807665043 9.862791539452223
6.468717371979429 7.364505031033071 2.5943023043322144 7.348519170703021 0.9573798648098899
8.04299778637779 4.670012390688065 8.009045488214829 2.665061453128015 4.19366360889833
6.1388319558437985 1.699593225645272 8.607501135966158 5.38970254295033 8.238954046854971
4.902811181254874 0.7747960752632457 6.431373340259626 5.876304649567768 9.012764880145612
9.155206136755925 2.217840705408677 0.18346118869573314 6.719267078388778 0.16464194062041138
3.5664574253643995 0.5862247593086733 7.896897731592622 8.951236356492442 0.3192229647117717
6.816500593877048 8.61271507809002 9.629554340354995 3.5256315267588083 2.2461353882439745
1.930479775737151 7.129430744442956 9.279929810466694 0.9843570677410707 6.5193193287982885
9.265346035923656 5.1323351260000685 5.280524813553906 1.5698086564475222 6.973795932816294
4.37007665955929 3.8280303297978895 9.325518401380517 2.7788715672513633 5.143917370562888
5.616914016792298 4.803622236068738 9.111347959158325 8.72508198019934 2.7619933240376393
7.457501809836249 2.5698296775621894 1.239760593252666 5.099179473880022 8.5344618211697
#
0.5603977999208487 0.7229413013609447 9.759324556172203 0.16015725026609218 1.7960421134824958
4.2599652896658435 5.865123160978575 1.4069158609856185 6.398040544788363 8.877786572353864
4.484489936063646 8.079144095682805 0.4133915689921448 4.728555443458854 3.7896498719788267
1.1141121188095098 6.049665185436528 2.660345280801492 3.769146580742473 8.939924103927314
6.620800974702183 3.8881633208454964 0.8653416783817436 5.680297694711549 2.0941688161679
3.7887458809974475 4.1924835106922504 8.76575150140928 2.146620674104574 0.3816007903617802
3.531236158819225 9.574443229968763 1.3191449020917396 7.782945729450542 4.376363348035692
8.65020070970063 1.6292403395239354 4.2377075183642345 9.33020634178077 7.1899786881031424
1.364677038373117 4.865389654649279 9.329669985892174 7.618019573755567 7.613289269330746
4.640397819199226 3.431114220847635 7.148230595746597 4.036810313511363 3.0103727518255754
0.9456080966153193 7.407026325039805 0.8181205846295034 9.21506088612719 1.3683624296026213
0.8275135387381329 5.4724605831137065 9.393960669763377 4.231513348915966 0.6257289920877032
9.954110558588084 4.727345518250331 9.023493818885996 0.8744515433498776 6.047024649776757
4.552835570951652 1.9564816633487307 4.118706841969096 4.921007316971898 3.5333579858493422
3.3090700676569407 0.6610088546320343 7.45402493102104 5.315263237633105 4.900934539560912
0.879013710149799 6.290980931334426 2.3353045604855995 7.277928496065533 6.062249635721615
5.270052389339556 9.23942999660257 2.96199951519072 3.651211168594009 9.961692822331491
1.2218205179720694 9.767313562034936 3.6126032648986675 3.292314647613632 8.622618014009813
7.587575440490054 4.372223998588096 0.8721359007344889 1.111483758283193 0.8385904829922568
9.59002713340801 5.459916980147808 6.84587008836583 2.085273636466654 0.5570532087020226
#
2.472646377008093 9.020704378716346 1.1026680073823467 2.4825414435780933 9.161554556063273
5.091597475214302 9.854884926649948 2.058547120962419 2.7029031924095244 7.295052604597307
8.93956199628058 1.8900364418607287 4.041588986546636 8.045714205712013 3.8946631087327055
3.807280359570235 4.6715249585503535 4.231499196072458 2.48505330591813 5.214484331119918
8.82394816448771 9.319336725158928 2.4272048788557767 9.431565706194743 3.3207130541956777
9.69605155164517 4.118901918402152 5.401949353411782 5.756607535715822 9.272193119377409
5.2157095662936825 3.2930336051487905 4.359329312902253 5.742722844796424 9.52861851937571
9.28433185190296 9.668349529504392 0.18063622120084144 5.5223568478069165 7.283302651143936
2.373667048342448 9.358268609109398 8.886493947970795 4.293378673364264 4.2297372062410545
4.841085271535228 1.1134348476220466 1.8575831557176032 8.977743177914 7.625252262264317
3.52660121782138 0.4346488310686887 6.15828126131284 1.048492420697233 9.070196895515593
0.32182722391370344 1.6442780861152047 8.166314489957019 8.29669315587885 4.029741585925161
0.47446007913082333 0.752718651295341 3.8256967172202874 8.256369360514537 3.373205282311701
3.2130914437731475 8.060397322152369 4.19589098755873 5.534606260639756 3.879417195480647
1.912506113960991 1.1516342228049488 4.241183429069626 8.580029037601786 0.7345390656461328
2.624550973920745 8.976340575801753 2.09645256417488 5.881479415514385 4.351467747171751
7.635867701653826 1.9683432997945558 7.698685480199914 5.206911902911242 0.22173119670984587
2.6314536660633636 4.035116964970975 7.320726989878045 3.643666746419311 7.419870503053504
6.943264602821615 0.8880647048209935 9.488008368652782 7.765175317720319 6.004240391788595
2.4761719033415828 2.655701271841698 5.509947673804114 7.160120187515886 6.357478490683128
#
0.13675154966459324 5.413010227042951 6.922471768379321 6.69540178378704 0.3882093015914334
6.0977016558516075 1.5270858619075929 5.603672969074378 2.190931466091641 0.8015996315636666
9.14161307508862 5.390809417478929 2.39663543529963 1.161776507741719 3.8917830580942754
6.201728208910611 9.853886164632598 2.8718555232095193 7.766070279925147 3.3318648471687604
4.911939013880198 1.5974172098905348 9.40519554730393 8.856069098530819 3.1468882105538825
4.943681580641698 9.149794674874236 8.723972480249119 5.8401419907319685 0.15047449248388212
0.7706162772655052 8.759771109048689 2.2828474955011266 5.293075048072048 8.761403413655097
4.795258993526282 2.087525393054244 8.031303612185015 0.30966483954332347 7.798386387212291
9.178523672518441 5.01805046979991 2.908510325280602 8.647352000465 1.8958812965419796
1.8212003671497103 3.7090554996298284 6.67346084486308 7.566055338903343 1.205549341848946
3.5412921137156177 4.748210711986341 1.6660539438752577 9.09411978343132 0.42481983799366674
7.491445812220091 9.700783875270464 0.289261950515038 1.7453027818806706 4.097889920032557
2.6471039933611413 7.985871689099788 7.13097948273201 0.21301244349754622 6.7098849025694385
0.18016220697438357 2.17118857210064 4.748493167245409 0.953057415830683 8.59322655264829
1.808173622064798 1.4018617099970254 2.7680167119992003 5.740687990908206 3.9927743194957204
2.584880790983997 1.3196848745620073 2.3269625541234764 1.907228285809333 4.903324592940818
6.390434693740782 1.6309769256927482 1.608407844849491 5.87546378165145 5.178050730616797
6.164271818826504 3.3528886633931863 2.548102160752309 6.892746627224318 3.688790499404722
2.1480422880495995 8.029497163062798 8.801485093974389 4.807159156132759 2.734608350946709
9.660346400763455 2.437556215582312 4.437727687179048 0.19064070031527436 1.4540198526354549
#
