#
1.3021622067438812 6.126565525023398 5.92743653587006 4.642520261670584 4.249413581867565 1.9974991716322252 6.30304538909184
7.822961168008149 1.8390874637731085 3.8522523913072075 2.6779889830918955 2.277075917512894 8.387568388864764 4.535457647076216
9.914309754586851 9.348362902551507 8.838305834678073 2.722778281795973 1.7927678531368185 3.443218523239069 6.4995762803707215
3.220720333529338 4.77054922364665 8.102464054024885 8.07579774803617 2.584032079073142 0.9138059081192607 0.5459071921175127
4.84794292813119 9.065601681595576 1.9368300044878453 4.9876110572222645 4.839964806588824 1.7647535671747177 3.716534740353593
5.682401895227936 4.390936885969931 9.91643084400949 9.235120091560557 3.0174356246524106 2.1572026722149924 5.013747952357807
5.494247286008728 8.233576166858798 0.22608422643413828 3.85331364942326 6.640023366755345 5.732829022939044 0.48010427000236255
2.3977846369724216 3.9057887650457648 9.51887693278698 1.8747796742536078 1.9972415161196233 4.277636988770132 3.887668536053427
4.961902861858695 4.767911131311653 2.2192630362159718 8.507450766665269 9.594759019078865 8.776230423484517 8.00606614177955
7.5356553468354175 2.5458371571953955 6.716542029047045 9.42184843990762 5.011447110297495 9.131988830324726 6.234787405022603
#
1.5691881487656354 9.775196977081986 2.843906621540409 6.902293125854873 1.034106599256421 7.703854721005507 9.233960496537378
3.547967141004737 2.496071912335714 3.755062897155309 4.480930774829101 1.0554582797003573 4.609855222250301 1.1738715946497091
3.6719231658666214 3.611739088586005 0.5974379096989137 5.32859241100461 4.666744395395914 1.6465739377999147 7.052774223313381
9.178047106631112 9.110881878822315 3.76178370912368 4.642084379445781 3.609370248336198 2.021742734399564 3.185817266240673
6.639396501818997 6.541629055326718 6.406438687689704 8.692604604256946 5.573397978423954 3.012029190026696 3.7298226630268205
3.541018433680529 4.344921291781338 9.53557687783278 0.8718188770399005 3.130391540909277 9.758381833883092 8.547859025001028
1.8740620812922857 7.0579913025740515 2.813589253035278 9.64427607746196 9.476923015673394 1.7021725606294749 7.967609387686851
3.7003588308464637 5.422211979462815 1.4461036394108322 1.6815532529567254 0.2307977986942964 8.089016469297702 5.019584769422557
4.191534129190615 2.014907531036275 0.8322497278876249 4.033626214154909 6.373014518786924 2.2302035461366647 3.5435466547714416
9.678528086288956 2.0209322167259947 1.1035055537599847 1.9585961788447097 4.6831255165238685 5.4421538200211135 3.2818602740373137
#
2.5038796396353 1.4834541459412902 3.977935544827006 5.527629823884375 4.7690026659097065 6.151187024032973 9.907789675578892
5.75478885613959 3.879944222939653 9.77902861512942 8.717427672950418 6.16238391939839 4.0650922979729 1.5941940403879138
3.561320743013946 3.000297976413345 6.524169552064075 2.8127639716870063 7.613859409946915 9.74630581412844 3.8531727986650477
2.380015121896289 5.428828560579295 5.980590245763443 6.981739020308419 8.431068326644848 1.9261114337425935 0.8494558768112803
5.226529426681001 7.665603611878027 4.86395139613048 9.742128023806057 7.748946261289284 0.5935809302245216 3.213723919136385
5.2359470998602795 3.056770627225463 7.439542252498107 7.765137188023687 8.938034886025832 8.95126434869628 6.815583088543635
8.316046452514373 8.592693094174074 3.7358817212250734 7.88039697053153 8.806151263428887 9.139107136658652 2.9696622127247183
4.148923704540106 1.0977992033231532 9.990369917764415 2.887914752433522 7.026395432110037 5.502335430926721 9.337046007669308
9.694235956190209 7.116185863471168 9.953817714588673 9.668953344207013 4.203292267781983 6.45697976884129 9.596024569111417
6.156882688381449 5.855219487451301 4.5010989202771094 6.173595596878695 8.731378395874374 5.332293690760222 4.948379121464299
#
3.358585072264211 5.0161873309328655 5.00049982591311 8.690871424912679 6.0681399224135415 8.321169555972137 3.655327942642692
2.326778834540578 2.6636492344582563 4.009626246257598 8.249479403626053 9.360120732269744 3.693256062675094 9.500536638603204
4.20213070196382 8.132760767215574 6.395327795051347 3.717190155309436 5.751457168441605 5.085221211224613 4.925728629500542
7.2407478582325275 7.104572869896556 5.673031387436909 8.817157883724933 9.236300265832408 1.1000111775123536 1.1035667728757406
0.9521750851539368 1.5419655691813592 1.1762227830305276 0.6728211359174034 8.771689605811073 4.85479981715437 5.051608348498495
2.430984845194263 1.2728722032911306 5.625960754085323 8.420650579889923 8.123565816919683 4.331858085836716 6.02605347106607
9.62328112704523 9.144342835898126 0.7187176641236794 3.1362925851452843 9.282285429102435 0.3062127858298389 8.95536533333486
6.941587472425677 5.2864269572860625 4.789497463134931 3.259959933490017 2.24413488611908 4.873505229345407 4.431507819025197
7.427017504623397 3.6644212114425425 2.146900716004171 3.1978216412588534 7.316607505121875 5.924736731144305 7.6869446892144495
7.608374060541013 2.325644703110597 7.560284816615816 4.114024495860567 9.365265175633894 9.63763950026772 1.7776648905192647
#
7.122933851665103 7.8164648584012095 7.338677677486249 3.9542667165874192 5.058254111210875 8.234066159507275 8.834715018557551
9.525638859457253 7.568559391824193 0.6738134761396353 9.160124540308054 5.8907919727127975 2.153311451618399 8.688630711692067
5.018121930134511 2.682840365784438 6.094909901438493 4.694738136684694 8.835431565038261 6.571351531874703 8.092892619651485
4.0791429275249 5.439771573755371 6.1888902729002035 4.548919608234176 8.838029833484448 5.197639462339608 3.103339380923039
0.3257521093766558 4.25624680060573 4.732974512102775 7.895679095700775 6.128694029706226 3.6365989477575287 5.775788909878067
8.283902936157283 2.72379530420848 4.218966090182999 9.820850830122561 3.8508006737569347 9.296014685380742 5.398677610151627
3.7407850107389464 3.0808301500116544 9.946662165992116 9.734567309726163 6.376012436795516 3.73786669671253 4.187075801388611
8.064063369625728 5.771237645838697 4.449084717128213 2.728745627724273 1.4026747493661644 1.057524156898149 5.063361538204681
8.469074114439794 7.806732247573494 2.4977560292574936 6.431028243685381 8.629076325306453 8.662398796578032 5.55508006832215
8.926927637629428 7.683233560093965 1.4403821703256994 2.5482758373483723 4.7780187002914065 0.5429863840558067 2.860305901642494
#
7.861741395250834 0.605327303976595 9.264728893575894 1.7319354880326272 2.821050839585031 6.170704166339874 8.379269982019736
4.224316517350803 0.6800860209926229 2.533570608818803 8.16153129677091 2.59437285187756 3.149386816704503 3.6781524062455055
1.678084063699488 6.027363812312801 4.264697640951419 5.8128514844139225 9.05858947779252 7.379592130479773 3.11888670364136
6.275319433893384 1.2486869045995839 1.2504961335799876 1.2142498646313902 2.7592252675698195 1.9856904700481541 2.2416247202762456
3.7410578494405042 9.407153908991525 6.4741993975416285 9.54897249811305 0.7157485589072445 5.302984604018969 4.586584365516106
1.8252366682224057 7.927811206802216 6.294448739882663 2.6297473748167386 6.999893077823774 8.253170527448685 1.7629009783996499
4.408233795188887 8.402671858587459 1.302647545550169 4.600321424298529 1.641357916544973 0.763969541833263 4.346651232567767
0.14808366461612277 5.799553486483533 4.544860568105909 7.542705950022839 5.579740738898921 3.078736169968903 7.412900490398263
1.9658803754057455 3.0493631649295243 1.0606567205420356 0.3836815073000448 7.358093986545711 7.799958081229114 0.58558594513116
1.1710422844907828 9.354171052040572 6.667360648912695 9.292603725623945 5.657113313234205 4.523961117112534 7.174995337758444
#
2.918125990747503 9.559786072701632 8.240915402767927 7.100565397751184 8.226746200508611 0.6891586621383103 8.650662876106953
5.044181897420013 1.1751350701612266 0.8218713855072552 5.445922212837246 8.029895268259546 5.327245744894548 8.742872819046694
7.555612679455805 4.2502443192061605 2.5075893626915264 1.9772582704264803 0.5789799625121468 5.332522358298889 9.922493587940115
0.18096632129302304 2.8309544301314635 5.058429219226452 6.576010396710133 1.6041817481522869 5.46943550270969 9.977824556065682
3.3155668705388823 7.688741007758942 2.9510810943090076 6.4700791267724895 3.7726330484549124 4.79442762230626 6.882214795642582
7.383049527237436 6.597099345980002 9.474102489958542 0.8687491921285977 7.16425730109081 6.42210685125834 6.484761083786087
3.1945262761191753 5.219918241624235 9.034546846217603 6.992487597847937 9.988322377027554 2.0144650333943925 3.397840231132656
7.690652568251978 6.0370031872501135 0.7426739103376567 8.279419232352968 0.471819566521285 9.335430423702446 4.221647549227729
4.473331541503624 9.970296045467325 8.950081758759936 7.816276413520397 0.8065754417228916 3.985613506225779 1.4597590127749736
3.56786139666053 9.888946061101496 2.707434845310038 5.031284136832991 9.285229045370414 4.445023282080661 8.819521611432899
#
7.76306299660659 3.252100582886976 9.731392836147313 1.3418785961791584 6.706133603806638 9.372781052399143 1.3719211574927717
8.92066355451724 6.86580395354326 7.100968278956359 2.903172460490179 1.1513875461186713 8.25651745596121 9.651514205825869
2.427585537330616 0.9433800218378607 0.8910310071290075 5.180866026233618 6.271495190360931 5.044216452025393 7.233866266273862
6.4103146259813375 8.858951885231992 4.849963921913869 6.257319213637924 3.039543488758975 6.09167782532556 5.516411966636407
7.084159490706902 0.43346523844717577 6.578380069073378 0.7040431246752945 9.633868256137676 5.2666315272023505 6.318637620580531
6.357444219595623 2.499305438308349 5.8518939403355805 3.2262373101609376 4.6555797634426455 2.4064635847360973 7.399917886510938
0.6243090469795991 9.431882418711176 7.971600630162657 4.985414713396555 4.160368705706291 8.019825174349785 8.595837263610642
0.1769102408147667 9.638640707914867 2.5277696832729895 3.3245537901703623 5.094556678050327 7.057670869749894 8.59739467800767
8.204735735164661 9.018027117119177 7.173508726764355 4.257146144659991 2.2523732909006933 5.715278316816613 3.5665162587809647
6.642375617751939 5.6666566240174365 8.475173754879547 4.814044943233962 9.217838895685933 6.274392323527577 3.893500411148066
#
8.97359632100528 3.894601075943699 8.912879714174867 8.176105671428633 6.7174026740639015 8.883241370979986 0.21435209772650854
5.330750249414879 8.985016485544623 6.713032107721789 9.092364644129379 0.4046810377982162 6.410952815497516 9.877739514603219
7.027915258490927 7.609669633502995 9.170799154257587 4.631688703289648 9.108668337217221 6.633557460406692 1.204742016632748
3.5630299616402548 8.783326673049789 3.43792811887989 0.9623240777087219 1.2706337674336114 5.411867525536071 4.942918472688858
3.2472822058241073 4.5203196273581865 1.5899549641040975 9.25858776732548 9.431382327755305 9.44668274328501 4.03984887830211
5.738475682490616 9.04614883330561 8.671390549843522 5.26735366336474 2.3090559593073685 1.1011053467521217 6.649879176472286
5.349250489170489 0.2361581236324639 8.476197146071632 5.342889714937864 7.378437825485235 8.184365512927613 0.710873109465668
9.91328513020726 1.076564500510358 8.27832362938866 4.376181513961912 1.0577673875744842 6.748833903623473 2.1048095624090193
3.9779208526080287 3.151073669689026 4.577129184996506 5.799855170247577 3.318391254862861 6.454317642027586 2.022029871161102
5.639704034125829 0.7895435249059322 6.630223008985683 6.431292337128262 9.727216106135682 9.456854348119082 9.339846064776612
#
4.821984990400258 2.1013594264749806 6.866984508143967 3.1340246081082204 1.093806771455287 5.793534390475492 2.113398936964431
1.986391978556381 9.195024753977783 1.5479879314075191 2.9675762265030237 5.359385107599521 5.359343815410822 8.998423736972834
0.1985330565479888 9.466458663650895 4.689767893156914 3.4046370996522333 8.754622216989432 3.6806470177906205 2.5492686708456063
5.1614431155872165 9.641252967852925 1.295391246687013 8.157766343049651 1.59020446674903 7.384394674337095 2.224117911018924
9.091592039480245 2.504387120496106 8.231147271530038 0.3671326496212579 9.67902149498207 3.231003639796051 2.0435112852355255
8.78168515526496 4.020897430221293 2.728598182294191 3.301200339838676 9.677764840034714 8.712744994918523 6.910334607879709
7.09401658432186 7.037373693703528 7.560947842758836 1.8340148311071127 7.990606414559439 6.96196345261111 3.830788228027706
3.965343123771097 0.7365798065640448 6.086745455636816 6.104777328473231 4.100992652063955 7.786938509376938 8.383691143624878
2.4946972448017206 2.5671569361158544 2.1717305914316625 9.281036933937816 9.357530925564358 9.72944573219387 5.089154016747874
3.0217710970136733 5.305437937205526 2.1186355512981847 3.998680160485366 9.450725881057028 9.74981221798803 0.985289717078043
#
