#
9.108943013022408 6.147709891665194 0.5633677234205807 6.798951090976818 0.6363191223205806 9.481496889687026 8.584194715026346 3.338932933958464
1.0240966733717576 5.178976690775942 5.570917088682977 2.6297766278683614 5.007941303438959 2.06939717715592 7.886881236391347 0.12225610592222136
5.497194823121465 7.179160113918865 9.407521797636878 0.2611266923162914 3.0166557845349082 7.026447486452863 5.040438064627917 3.3539760074587477
6.691769627072329 5.26506891728264 2.857036654722652 1.5272057277330204 6.45902041986329 1.4050935809628786 6.7041839458873 6.726149659202469
2.0378566756583414 5.789826018162962 5.434678004562081 1.3582452417603328 5.946473977457842 6.182599089628225 7.485490899587862 2.6628183334630022
1.2195891908066319 6.511884545060314 1.5657568195172948 6.456042514067619 2.5718720458266024 8.898231700935455 2.5071369603642113 9.898150922997889
4.894860572471484 0.2562325975406523 8.195673694821464 7.598566554893871 0.3052818883106294 0.9253411670856506 9.609868841445975 4.089322141241124
2.0131997276943174 2.4014343187798355 9.133913043091052 9.659240849318273 3.9421498333784166 0.7746584492327315 3.058983698605789 1.1535736971310273
7.933927625507099 2.627248044888779 0.8124729800183488 1.361831371768338 9.943677393531818 7.793464957164476 1.0953529465583505 5.04258074059444
3.7393008315445155 3.7024292742955565 7.864301190551906 9.774342297465619 1.0345982146413526 7.765774476275727 5.791949433354183 4.939804070324126
7.078865868535095 6.920102882029047 3.6296277088298523 0.9834554048332977 6.612237865888103 6.0251268193999135 8.260416997692179 6.289696590751339
5.108596305725769 9.66709535245716 3.199588496994597 5.424107234220511 3.019215805728271 2.5747954585647195 7.835699324166798 6.576489694050162
9.262642112121135 0.8829763334554093 5.941770943764544 6.892493600198648 7.447620080131483 9.615074121292 9.32109449679756 2.1397512618894106
4.626889794454185 8.520210813630888 8.43886159683784 1.9697078805462707 8.67849256427225 0.3845690288894268 3.538111683956373 8.387099411114376
3.0453914321715456 5.7008591025022 0.13896293837785745 3.0937785289119413 2.805741282332628 1.3944304045393197 9.92655302222738 0.6722294802130726
5.773770566872267 7.537591292170712 3.3158373373713896 0.4165681009568658 0.49218390403366197 6.966203022169928 6.823405365150749 2.5470633005483685
9.133215602949079 2.5962922079596416 4.943966465395402 6.713506543767524 9.672080004686043 0.32651532336057 8.514398215446715 1.2950742160773538
9.537586586221025 7.251377192302927 9.614515581858464 9.106546920481264 1.1504398887745193 7.798577335348487 7.523263988358263 8.91496016373042
5.468586451960398 8.824421957431925 9.150436347280731 1.8251905516197877 6.210282053835756 8.398534081165803 4.880391339149883 9.858793112218564
8.310288697751307 2.5624468375259184 8.262230398764888 6.064798330030124 5.347576855495007 5.220656593626052 1.0723408771032323 8.603273310501425
4.894463255592729 4.421248408935789 8.873889540793348 2.4958917033034123 1.826983537100484 6.940636362156513 7.317218631358635 9.523025264910661
5.122045310347351 6.776949725865142 9.089536530277584 1.3119399176589068 6.754665499810284 1.1429656960519412 4.519744044581834 0.809769528745619
4.048110768966868 6.733663309315141 8.065947313633735 7.0886011163095475 1.9930820415129609 3.4586305387803886 3.679181781278267 2.1452447272826087
6.828239609994515 9.088382322094027 7.725374522939179 2.401553260290891 5.429340916564534 9.973226742079301 4.003138013452556 5.966954038668646
4.122535912220491 8.16532785236261 4.249856812506881 2.9140467724446313 2.639157141765849 2.765927669316513 2.0567458097373006 6.52537031480469
5.319703249719391 5.390969118718283 2.1961263180119275 7.717058911399697 8.077494473435799 0.23169385117518093 2.6628394244268625 5.515238935631988
7.4140489798188325 6.51614513643229 3.655837610970679 2.4419571621324763 4.113365870007166 9.923418109764675 5.58690259634445 2.1222720091865095
8.811899938704888 0.27888941679356805 3.9347504040889323 7.082870224288867 5.701256631443104 6.091215476822391 2.5662002315549644 3.5441837978070097
6.269874032847554 4.265343430129658 8.67975136750139 8.777300721902238 1.9666344038715198 9.607394846029905 5.360854488543899 9.656473908481765
7.399428089789447 7.896266800595043 8.995662360462747 2.740699661031994 7.006524351159233 9.259187751079255 5.377869405813485 1.7419800883838858
8.067304352348973 3.4551242962724347 2.5608064077121218 1.7569041742726466 3.597900714806258 3.0919307991261427 6.77237314575407 6.973547580378025
0.5090685828726427 7.577003439266003 5.685538158434335 2.986753198070627 3.494913374619771 8.671189083885679 7.94684946206325 4.252174783195875
0.951041527674775 5.63211995171898 8.535150363921456 6.355401687674551 5.013021132387924 3.7087764419752114 1.2772270701190513 7.758306449490671
6.538743401176469 7.967197931794729 2.8771294097712095 9.178547697777056 3.5786199226809243 3.721269138499924 0.44416470054866775 2.164348258500534
2.7059505416443455 9.211451537618752 6.7284224606534515 5.803457469994542 4.249456897866786 8.761139338652402 8.380520222087046 3.5044538317840668
8.986550006069372 2.2457412108070542 4.638406421916653 2.0235552803086008 5.30061576837921 6.418263215564252 3.6910991070887764 1.8789499870801691
1.3218506007622577 5.017537735790838 8.032553186100571 8.560102850457213 3.6007703213837856 4.626471736975124 5.987291363612118 3.259255661258766
6.928721470450685 2.278204189573462 9.688734729783315 2.3650332467665502 3.2500863635679904 0.5770659794395474 1.2484344561347815 8.809345604004186
6.544792616924921 6.361569351659056 3.418176728572737 2.0336401332830167 4.534284752068176 9.984245530593732 0.2967304659650498 8.311818991243332
3.951917934651002 3.0518947951500053 5.236045713370211 7.802606350242302 6.732237520972788 1.6776601699012468 3.848034853161786 4.894385368852966
0.47787116796892803 0.9212586295491212 2.841943174971254 3.0967526198939304 9.839398954433715 9.709474143003924 0.9565581285875657 7.4931398038619985
5.913878261615494 6.131490818290387 2.240324129278381 8.465349888176506 7.538427324147994 0.6482586224559359 7.225126219255646 3.395972897123073
7.825575364165841 0.9500407187966724 6.25676755700418 3.4010617133581684 3.943644795472185 5.455933747628222 1.477926559287106 0.9552122323553105
7.465693339662555 8.150728318374775 7.245952264474694 4.410857886811918 7.30672326755168 2.229459415441253 4.833493368184076 5.316416106598083
7.746889836992344 4.720512456253756 8.351079656812614 1.863951266839623 4.993866978246688 3.0537198711660967 9.38807509914927 8.309154748418171
7.462125986374944 7.9430887288397845 7.672508892561893 2.1860211969669954 3.477891330217917 2.2726476057252487 9.213997906158678 6.156972842455602
0.5243709438420758 2.1719196701939025 4.462949061606301 7.073881827137406 6.283117514670155 0.39067021138981595 7.423260618483941 1.1810051878986423
5.488723152279556 6.238621177521679 7.790144992815364 0.8418267749929393 4.707101279370743 9.75997145867673 3.502878276853095 7.947767465281712
2.740047952553734 1.1230212600373242 4.59185909571635 2.305859048631009 6.465685982726441 0.5304838427762695 3.6803380086622983 5.997754155133793
0.3187702558163483 3.0849853902903814 0.9369374446307628 9.158617234814123 3.3244437967600398 9.37049656447966 4.561333039615148 3.8120722910999487
7.408755588149362 0.4883940007394161 0.3458258341522473 1.7397784314793014 8.631904782606732 6.3701060956157995 8.14924379573186 1.6348621301783388
3.803425848775875 5.270112868542809 9.903791158449323 0.9914072744644722 3.672120542713003 2.36602505222336 3.5957034259209646 4.147733088512377
9.046042933616796 8.286784655632633 4.360448706012789 3.282469341888201 1.6949038999259711 0.6337040041535396 6.162354919899338 7.409726489349205
4.740809574674538 3.5932749478014356 9.48219352998589 2.6002448758693046 1.9622933210833677 9.988439156426685 6.004401367705874 6.967466525341726
8.436497728523449 7.305060483621215 0.28571054798916684 7.636910810015842 1.133646129277452 1.4916229228818838 1.4987634957415894 7.4525888691895155
4.249008174356773 5.597326151758275 0.43672018730703677 3.5284041863583036 4.974181138194208 2.9701394562889214 1.3121638276293321 4.246364856533791
4.568271971335232 2.5088205655708022 1.0035947674544508 6.655206899159869 7.262228357212671 3.6095815336936106 5.738397290950734 3.2462228562674067
9.21123328187066 3.827626070188737 8.845879099610233 1.0264670764274113 3.3603647854203276 8.967960130869868 2.892530458011322 7.312453689347592
8.538943118529614 7.641783186861264 2.6091867276838014 6.291223253831552 2.2876412549143748 4.6827361911611485 3.495657048920555 6.216508357614863
7.551908693602753 2.578932284011722 5.237244811883952 0.5846867785637002 6.073964529769487 1.0181382156135834 2.9733789960675354 4.755546762353169
#
2.968429647576629 4.42238860257724 1.928158066300246 5.779929398007209 6.0941545890747 1.950308709335585 4.063390946391362 2.3322773294947754
2.367087603457525 6.8995028236064835 5.882284555568426 6.6868832333797785 1.3425820708723228 7.528272280906856 8.541899228024274 6.26665951409765
9.174259326263392 3.923840060009118 9.166501880743658 7.2504001090304 3.7353089920676563 9.726820296742213 7.974765581689953 7.928062292998206
4.691635436923623 5.892173020551487 4.095104057259183 0.7445080013001588 3.7163872995335576 3.009307164875629 4.340083103042581 2.885870003079965
9.327992537403013 4.038844575008573 7.375963048666241 9.039828254070558 1.405684072630406 9.843807500645939 4.539948079243755 9.861876689505735
7.976416651491638 5.639670851009355 4.070793948467074 2.384411668156835 5.380747923611372 6.244334166425824 5.87134544479692 1.3551485696353827
9.940059751549285 0.9973556938458588 9.530721422163937 5.637867829456894 0.44457162937488626 5.939988107301757 7.191407668902866 0.37270443740363746
8.648039943910678 4.206227062725515 6.681622575347224 9.218728952801026 7.101598928741086 2.8117303623263092 1.1855440693524533 5.495535994611107
9.692977807587706 3.268876102734095 9.350768653140582 3.904893954972479 3.9013379677551185 5.495988355448001 1.5538622212372397 8.106919168624309
6.134612368532599 3.733320542909978 8.947213145647481 9.253245294793334 0.4087111314429688 3.011268746680875 8.015941532670041 3.5132473668696464
3.333619474755511 7.964720282916613 5.6260895680114835 9.893114647465552 6.249749950226338 5.122300540975365 6.706388078386985 0.5378121690097757
5.22561616720064 7.6867474691096564 3.8118632923257216 3.0767211047063396 0.9622269993443568 9.329835147731899 0.9470891501980567 5.854128151085257
5.8724681732762765 1.6364369959073222 3.1049561312317278 7.76652321471286 4.766970843127223 3.447532332990675 3.0993427032021206 2.146017474843193
5.6170113095238365 2.6562646518243156 9.723963524534824 2.8637962233540124 4.3848658093798125 8.732809478855415 6.12321532798773 2.6089465949588795
0.13862277455362992 8.431714341715377 2.32928945677804 7.558415405780174 9.697445977839513 0.21182373602916993 8.058464912722927 7.0882966204169895
6.579516634608041 9.154297660199063 4.18947272604319 0.5163381978558226 1.0409724502104734 1.6952186577825845 3.7667966762596734 1.900725028861948
9.451058154786253 0.7951434086182019 1.4357166877681657 6.601132122671961 4.32653606808198 2.8180357237970535 0.815171652977627 4.819861923267567
6.461837365876845 9.122488328435573 6.845547260622388 1.3945831123377617 2.351590846036931 0.46970421430182263 7.61356914526866 4.416366574579469
6.783184968524888 9.358247312998458 2.9294734848149755 0.38118208517115093 2.185938667910159 4.9966737291418655 2.6436484936377145 0.4734098874319832
1.8092865219244931 3.988517312435088 8.676556591276675 4.013439988103564 7.49412058669704 8.436861530362364 6.7522307451121115 7.995734455377267
8.680397195865027 3.3964077559174983 7.755866326393063 3.7640637944485205 1.5487241535677394 1.2978033522255257 7.765926361180824 7.949003909784137
2.0198903646017166 9.704501668213517 6.1759805930373215 6.758685716429885 7.453970809072249 5.0328600282973746 8.300374753039883 4.132678446099786
8.875927792286017 3.965771563075429 6.5778485929192625 6.4494972895596865 1.651007133932087 1.0161916833059372 2.8091724871097066 5.813571407753875
1.8802128655906327 2.184205290333881 0.13373127984435484 8.516523735124274 6.266869739144312 8.219182697350435 4.02284243890849 7.987458575525661
2.1974474928685104 6.724623369536042 9.237453586581967 9.870258662668117 3.2169397586646813 0.2817047562058326 2.1510354162196244 2.2001143380650583
3.1709851046840156 9.013394547990382 2.6895769533327725 0.5588510508669655 3.0635662648625592 2.3514695349618484 1.4126394875726285 7.409835099745504
0.18265573054846662 6.373701132234116 1.5418585100657904 7.351411963510656 8.489917664006333 4.107325563174049 1.3579817845039024 5.173888462321806
6.799540128174597 7.418522184241684 9.030630973396038 6.3453289084125615 9.276862485899326 5.74282078523953 5.889931205529703 0.3713057745763342
9.948356123058673 4.230004210928456 7.3473588265472465 3.1651314678637146 3.2733295784619 8.720605730840612 4.994098729906627 0.8726979760738782
7.533963743197724 2.3427841354377525 8.608897272487846 3.295104597193446 5.206263048051918 9.356700962713617 4.208489927220738 5.978252532549261
3.6319624070734626 8.450417672470309 7.671088832202621 7.706457175374137 2.9501309083542155 6.361674691227189 0.26630211749959276 2.2891458358706775
6.460495886069372 9.309885055189927 5.91871403699478 4.325782094936767 2.6284060632759716 7.988425131756445 1.4488720623773688 6.67597033072402
1.4469741983332143 8.359315645929733 8.660085387530291 6.188807796858905 7.845630475877698 2.9484594552308456 4.728015016898982 3.922506615513122
6.852498219954431 2.948510585259299 0.7876821286365576 9.653320157063035 6.747194566390755 7.398822813702008 6.680016183813572 9.075732026511275
4.4315760246667955 6.7710871916546225 0.1355295461335979 0.5646069685264035 9.138939990193801 3.0496672159525717 3.9221437103282994 1.3853885769460783
2.694678864405648 0.25620708323693986 5.156004811708351 8.567712571639035 6.989775553448073 2.0312856441087286 6.737277509897779 7.606149973453989
2.615502325763344 5.52607144137753 4.751326389029 2.3286555569103577 7.450643332651966 1.8133495589632886 3.3610790084374784 0.8599909630860179
9.961169621211283 6.201901652699314 9.557021734236512 0.7972154794137953 3.2213996769328133 4.325290170678703 5.109470352148514 7.123032686457279
8.76618789534927 4.492492223471052 0.15598251870972568 3.9874751606577714 4.876589182351387 4.984102618027037 6.993727174877126 1.6869856997712014
2.47884946459179 4.298981482151193 8.021408384263378 3.4463663530527535 9.922717608551661 8.195420978973951 4.027226574923198 3.2152617177845118
7.64286827891899 5.01669921208329 9.228298146691708 5.524988354690137 3.2961989669702474 6.891533675520106 7.206515529695087 3.5890274374370987
9.199674154387246 3.3390353991624515 8.54400734477537 5.389135574046321 7.295293719262186 7.1173373494221215 0.9694476003105397 2.6829793356435787
1.4561432793517928 9.890854950072443 7.681135463279471 5.159279316386506 5.74497669665026 4.5007573549986715 1.5843644779721187 5.086398363610822
5.439771804257709 5.050158707774281 0.6011941711770348 8.557746803087124 5.067315750480004 8.981963076403357 9.441709378755583 4.0728030437191025
0.3883278397233987 8.3708142849898 3.271149037876434 0.5008454258206401 3.7585950573460654 9.086624732552242 5.586985865313789 5.812409429336528
1.0571408292062436 4.431549973292637 9.443345650307215 3.651746252109703 4.844208587425344 5.00412726655 7.156772387704526 3.3307363376907855
7.147612759586799 5.83239811488483 8.821187053055313 6.9096585122541665 2.885035045243575 5.537158509294306 2.7286380384533286 8.090180167262485
3.6644555378506087 7.227785900439551 7.469234434123904 1.197078406309494 1.0302965661930603 4.0566300915569595 7.709412245303255 0.7256164215914005
9.849987678602336 6.519651683203329 5.454521339946548 6.08577066355752 5.155692764559223 2.3999208358232673 3.9662289073728556 9.13694765707174
8.594438188184155 5.808299508122332 6.631413272344837 6.541703184878385 2.126593273383703 8.553644380113958 5.539607990786807 5.307447993652301
8.204853775411578 9.417764182823657 4.90944270583788 1.4516004194276402 0.19781684660069043 0.35893159543837605 6.485700311659765 1.6818874306352543
9.321705378701843 3.9689863353779042 7.02816036776131 2.120216935633266 3.3447320754161876 2.1376296630566074 9.202264044073472 2.8074316988832853
0.6784203073774506 6.620851982564398 3.401188194600676 4.936117660274291 8.3285914684596 9.193601627937426 3.9100984027050663 4.588785778088212
5.302260840510079 9.514534450849641 5.793924384294991 4.30840769774709 7.788625927092188 2.0655814138044555 1.2038455953481244 2.9452440375218267
0.8614360421689771 4.023136407759305 7.936898180583235 9.926291153132052 9.182428536548379 0.9194293699156093 5.590559804053176 1.8293050436953324
0.8052846678195715 9.139203297623713 8.605707993743874 3.647733158012324 2.517235880896271 8.564242764635534 6.426440827659434 7.908830909048866
3.869011741415367 8.556830616227078 0.2523635512689042 4.365757928582783 0.48844103013128937 1.7216584191591613 3.195297050579753 7.732506048582147
7.7610284585065745 2.1349894063046637 7.096575588999915 5.499619691574392 1.407956060408138 9.614036466615282 8.54366976949239 2.766973592112067
6.42966130719978 6.42943929426359 7.659000104854116 7.159915798788405 1.548461279482222 2.5820091652059944 4.964563644843773 8.067542645665245
3.4674484909785557 7.253521933570393 5.271184344827473 0.5646722375682254 1.8753022576275518 8.760308665854463 1.0938926059156402 9.159537840403974
#
7.47502381150262 6.019385338101858 1.1843665689077145 1.91453536433739 7.302983138932144 3.4823365470469776 0.4737616386087051 9.889798262817738
0.2566512750710013 7.721939473383115 4.12012857808036 2.782756831667562 6.54903163327813 4.516765322807888 4.235231390801545 9.55918696716176
6.030534139154603 5.477517716802544 4.431767579024138 1.3133680732602642 7.658899949283549 7.5999212102149425 5.630323266675771 4.596562124799602
4.712776053292392 5.424298871558695 7.857410171047647 2.4605508152652877 2.5160385733856905 2.532974995389342 6.602507444832592 1.9900026432331654
6.82401850828296 2.3117067500161252 3.8395674673583278 6.791484193653214 9.222938877454247 0.7399303078627977 2.4605200939137766 3.0504212075379726
0.5494009390937631 7.837074978250795 1.5885129968026912 5.988480714182016 3.83079997212179 3.747510564140396 3.0714731588776853 3.6538808812396324
0.8281101732929486 3.4888088360053504 9.077488827735067 3.470871932436915 6.766014605089094 2.458627282480855 0.7539717910820549 1.4383601185372932
2.3777593430429134 4.130835868041226 1.2056077949366544 4.0163271128587255 1.1517204952197426 6.459897522747027 8.163942720022504 1.6449731543881287
1.7659255032930345 0.8417407077252257 2.523996903997379 4.593066759696944 6.890988689624003 8.370225897808613 8.734975984153564 3.052980500343949
2.777322875062777 2.3208089876619185 4.223456764377993 5.006487981592419 1.2739429212231053 1.9924906508863178 8.705115137052516 3.2970946206820884
4.664180179060013 2.2852317240869695 0.41320465464685174 6.277400471229898 3.0264760461813944 0.7289107702157711 2.645183966517258 6.002166712086686
3.0284833665654256 1.8706409218070652 6.245922405900416 0.667312187682211 6.127691293828583 4.874923680798365 2.7574339209607412 8.593815324768382
2.416747199875942 2.4628463419417024 4.761244547323147 2.0233862437245866 4.888405296890625 6.108285302053738 4.7275916094606725 7.828109645163201
0.6499083668691821 3.8360325734098515 1.244870011786667 7.5185126736454 6.559905191489939 9.825688253593558 7.638332043632011 4.24778124499083
0.7946682580152213 4.678924984840892 5.581898953027999 2.118632573207987 4.0769873595626525 2.9482845500573243 6.421194543752632 1.693096171515783
9.37041355367294 8.498189417866103 2.9177982994047453 2.5858649875586535 6.640088619662004 8.963594462702423 8.93463339530505 0.864120951833697
1.9441399089745568 4.988611801559713 3.438696645942678 4.993034659662059 3.4809814906518395 7.848244614409806 2.2942076533670086 7.345544789288088
9.884991705914725 5.546661952393284 7.430717915385197 9.394336374742988 0.3989756001506404 5.248703433433246 4.298986456391631 5.101329956960708
6.7956323137147425 6.686893735066264 4.3701884485828195 3.331699673803919 3.5723972216533486 9.65021334514027 1.1031717195299384 7.560135257479301
8.199134092719557 2.600258397136409 6.581772745384781 3.265483490963346 0.34783633316350926 8.952862303844388 1.0602676671720728 5.066826797397068
9.930617338554146 2.983246109619095 1.757955322556187 7.762489234798702 4.41621070428896 3.1212199381951287 1.0829880681897017 4.269974554008798
2.0957092448476953 3.073267755569719 3.8306562239491972 6.712622770146146 0.9732473783249143 8.038596786812086 6.187036268840785 5.038070678847858
5.62894702250579 1.9558356183128978 2.5200632456154706 5.9547699478931655 2.0430599155586813 5.056690367219664 1.5465271182350175 0.23545876801606624
8.610928528234579 6.73001322643366 5.606625544968207 0.10167328446443946 7.63776687034121 5.1767566651401005 4.5431403775683465 8.556168945437802
0.4415706180249268 6.595842603441756 1.6748224533220801 9.038910896258642 9.238970619274529 3.7319733904399843 0.8820840911781609 6.303335052158994
9.932766339504804 6.490329561554903 5.633934484558164 9.553887723037947 1.949635949078862 7.2164011825496335 6.400771107746002 0.5017074423264027
3.277192710043674 5.865648757018067 8.325912941404598 2.9566650733600053 8.357049724973518 1.178301418532687 4.973663107241426 6.801746697083988
2.035471110158942 8.600078734813742 1.7345291141617407 4.443076157382008 6.934762231373406 3.9861029433636235 9.754037855985583 4.488819735762388
8.6763152599396 0.7660722509995264 3.1895277730048464 1.357103764220863 4.099271608667744 6.192330527199044 0.9108973235965001 7.880095680926483
6.954842583091194 4.834011226260106 6.195689137570022 3.464705531605218 8.787676554112155 6.373887488763753 3.6562514802222723 8.14344207956303
9.18404719541642 5.474760590755558 9.744580257496466 6.952746590763039 1.8142845778642882 2.3220515128160013 9.158703336657188 1.1501886112615902
7.064434921651714 9.812991869068469 1.1934662479775642 0.66546918549935 3.3802536242711945 4.373391296999387 5.631655408833561 6.396449073671002
8.263643285891424 2.2054100232327842 2.139551084439631 6.567030108630897 3.0146626192994095 1.0529661483603912 3.6148399673786105 5.196871907996682
3.268753816634126 7.17710572265254 3.1563261033981864 2.764293087347013 3.924543108272958 2.802450819977664 2.8179620644701555 8.815492921547381
6.639318310816147 0.5974013681633865 4.046228009740875 9.33869493610428 4.4581046493044365 3.6503472619690807 4.825581873342298 5.784535231169904
9.342871811332383 5.014997251975582 1.397704657969927 1.544207670026041 9.170843980047117 5.352789329318979 7.249787675845387 3.499871009669702
5.009240278615439 1.1220991907576328 5.756047235244431 2.6762039153664845 1.5315228982087041 8.023098519601184 6.586053365104844 2.9148431810701365
5.685447693182027 3.7679571333615938 8.599108596576636 5.744941563484012 9.466591571298565 9.02212094696521 1.1132468545258152 6.003137717012581
0.7048459781461496 3.5070587271724496 3.1367889465733403 7.521610788714981 0.6758219075449325 7.491727043511748 1.906755401044328 8.162345790609798
3.7188439588688413 8.016278494816804 6.922458429209064 2.4324671527097155 1.2594778692139026 2.4216757086505356 9.851865433622585 4.900726725568698
3.348328785481473 1.371118442323319 0.7174799265031417 6.180496521068386 5.052078245953209 2.915033340888338 3.2399999132123773 8.872034845226917
6.225817692390601 0.4117324269986087 7.26130593295938 4.046091925770996 9.871528449333628 1.724978381203249 9.089101706058509 7.827343065845161
4.961174467557849 0.8424579272727613 8.54854034841958 1.1003619052586986 8.589924853304383 1.9652382834849966 1.9486235989487315 3.2907149199025505
6.942182689391119 1.7932691588400087 1.3153742088622815 7.2847652760648085 1.2271322898979138 2.224091831984485 2.3346210127194924 4.132224243549216
5.412519139508372 8.831848641317768 0.6522099741972536 5.0973849624738525 2.722892011649183 1.556261358714257 8.702713749872686 6.1697956114122166
3.289225139501324 8.937094321238597 6.351048132404929 8.42856283308439 3.2924652555357814 1.621674771064816 5.0609798981600855 6.643687650885826
0.9686930831798097 6.310556570524479 0.3606043278497184 5.5392789371752365 4.5563050437267645 9.799882869224502 0.625966167467638 3.598518707707645
7.589679793137982 1.1447854036685974 5.728481843364071 8.509259878089479 0.11478753515164986 9.915658721110239 5.461237048593172 6.773520955192745
2.5803191220691235 5.378963715659679 7.433764550062773 5.810339995487672 2.8991694647001958 6.463795255034649 4.110890669063872 4.556615899178809
2.912924624831165 3.3069355399480402 1.5444182961467692 6.59312802812623 4.789693666724417 1.1444081819836063 6.148342037410089 4.379854713922798
8.803887845728054 4.37724069755693 1.071463467651387 9.224232438130823 3.2262016814146657 7.854588693358141 1.608020082292617 8.537021256887126
1.4665710667885303 7.7747751891670696 2.4108705727525215 9.41758162727756 0.19580890155532593 9.771736675994875 4.8833493111034265 5.962023948648019
0.23416898988284363 4.690805805996248 0.5667841898782138 2.8547115684265063 3.6949932642851473 1.8699038790585245 6.59137033255337 6.456525202097028
1.9909458472721613 6.516991610165451 2.100169402838258 4.237219431970087 2.430365584530021 2.3811524803589914 1.6703543176456246 6.6743299262654805
5.598818509175633 1.8186826892357044 0.6425594844372382 6.915193366647045 1.2727673708281397 7.392265607682584 8.212082582260967 0.8618999949684127
4.024386763077785 6.586396661455836 5.904591241771027 4.764798939464334 1.7263479269753086 4.776396885846368 2.5534065450782433 9.298177523386705
5.45179070322816 4.02632137610957 3.130037613790491 9.044782887980059 1.4022871804312538 9.33421577319601 0.3423521362692936 6.085601679989044
4.153148298362072 4.682294235199758 9.712565172431656 8.840146637868635 5.951420151931564 3.2377427790052584 1.6836012155128643 6.461119576988537
5.041339054468865 3.6071352123881537 1.2286786056074028 9.50173515164101 4.040302642898238 7.160809716817646 8.29373612206982 5.859365141137821
3.0009981364828993 1.7416578276761938 4.81276597796538 4.04425990241446 2.793293568339034 8.74196352881658 2.125264206127092 6.228571229516196
#
2.9557939450968505 4.1004387756927025 8.828153343097808 3.8509194147309564 5.264593711359098 8.100617253163508 7.389638332822276 2.197794527967412
5.808106605326316 0.4609972720292852 3.9809043526954255 6.092847580891766 0.14763929990530844 4.470512698455833 1.9070513222499401 1.8595819797854825
4.990575444055855 3.266947840041701 1.4552833373670655 1.7677385355620032 5.474484372889735 1.154631361715642 1.370851451466058 5.722582046145709
1.1999606536351979 6.359661389307506 8.558701917181885 8.080540130783465 7.3198531970078715 4.4256097874547375 5.269488184158571 9.377432939928823
9.798505389561996 3.5509400011042453 0.6504181665835009 9.391747628348355 1.5811028261042899 4.344107203626565 5.2521357307914025 6.3416006345282305
1.4236699118450442 8.2228023838887 4.949701492628013 1.811501504169195 2.2687759547770896 9.430732460990718 3.985278683140706 2.2786631496922722
6.252362194029233 1.1500794660998688 9.478191147332124 3.5525332862750005 4.019150040407933 6.29652589094977 5.176642140053827 3.643184899723433
8.971167531707597 1.249322763737133 5.361401108701574 9.762490277577307 3.486409426535575 8.763034669475871 0.5018255678591839 4.335481785420673
5.428366212076127 2.383328657535214 3.699627732753201 6.074710082664319 9.167509588556715 6.559960406019808 8.670014257268052 8.40137142894123
6.675996151595841 5.258180467879441 1.40653369272047 9.32061233431348 4.3127502695803415 9.292116478258306 6.345934438052572 5.199982055288269
9.198251286509507 4.471391714508969 0.4335803282641759 9.371699915761525 1.7980868490059128 4.292532916493372 1.9705853937241677 4.976613327401367
9.803905868007314 1.0227604835929256 0.30959280525790334 0.6827717673808262 9.522915130893914 8.645170609325909 7.194136692104893 7.3559800035101315
0.7480940506323455 8.993315952700403 2.8965758685363863 8.88698216114123 2.002517945122094 6.2111602631307115 9.06378840499413 3.5238049132921274
9.730467885588405 2.6008618960508287 5.585728004839208 9.409823096091818 6.496258909172904 1.742858127107112 6.799290321266579 3.8373445143428033
2.3257151607600304 3.4008226017586005 0.22581927091251508 8.20049500156904 4.74930865454937 5.956651483151748 1.1296823373249918 8.886388903445654
0.8672854884567869 9.836575526694435 7.2909003631539875 0.973781099571795 3.295866296777005 6.88068313066165 3.8091876050595164 6.274075060110556
8.44345843349431 9.363138710896749 8.296398481690883 8.97646176010055 5.0107935923758875 2.4358571160086093 1.0846091749925648 9.122552341239656
6.112565571410247 2.3009691328627446 9.901447348448318 2.864367488821588 6.875875458127324 6.55892319390758 4.253693390219401 8.442416281716994
2.672614152641644 0.7684178612237833 5.481715934242056 3.0027442032128437 5.252829568181846 8.076470063423383 5.271400922518549 3.451196845318469
3.986901322784112 4.621631990040567 7.626169262797611 1.937816566016482 9.983303048027052 8.711561556733578 2.1833666329349777 4.3900119469361405
8.063032726830112 1.3692981745859831 1.7365003932003162 4.642891446499362 2.927481661103079 2.228786957142592 1.3075519138149803 8.096541047526184
8.993493185947532 3.3329455458519384 4.8390297254521935 0.10353781326057732 2.9966140235184255 1.5702981396858338 3.1135767065835127 0.6553803586646394
1.072028191462631 2.5452194339817433 8.762156616922505 0.9898107507358791 4.916831668016228 0.6544199107457924 2.5859045071843787 4.104887781980188
5.932616054774871 9.905647850165993 6.324569139530549 4.192732091327834 4.304421411071536 9.717336294210362 0.5778989042453224 7.684383674556013
8.5134545066076 6.855793545908712 4.871293729991022 4.248262676782502 9.866950301806664 9.20459552219943 3.1482829133510313 3.9263939890257067
9.541489115262285 7.61949081024376 7.013803077899805 3.5734346734880083 1.775579349167081 8.459022511427529 3.874523596285033 3.595966316141646
5.86036823659911 1.6245502669770615 6.753316235938882 2.3059814038816793 8.419473351437942 2.4471587378059416 3.8902430696739447 0.9531545034151412
2.5871881124650096 1.4759516798020225 1.0031230789965768 2.598809263517337 7.562936971898409 4.304474302137846 9.100038378115286 1.507990799345539
3.4932539767686404 0.6665197944074208 7.869703365494428 4.6127695601114 7.6799959957203825 4.229809102225072 4.772390875085813 9.00254639805121
8.670597796985088 9.747309119346856 7.235085453066296 5.136353141322348 2.0825334823067605 7.532401635773107 6.746833574375332 9.021833019580653
8.380890028511846 6.787616468159858 2.3776406965748498 7.872155052894296 6.64683355369997 7.757298006375157 5.312685659076712 1.3850373628398018
9.645723274861398 0.16393099534649647 9.061143623481305 3.0083089491488195 3.8701437545288684 4.638304258670728 9.024062730924706 7.387442316309885
3.6982822929155734 2.5193484670876867 7.918575586673938 7.380164693675508 3.285684621295818 4.231075581182044 6.773950173594978 6.347660944354176
8.8466734729001 4.338036641056657 0.7761018318184885 7.658834041750253 0.37272999089274705 5.359337870755544 2.4137629737061825 2.4126976518339234
3.175677629775758 5.464929880438123 3.0555052177993356 4.973383554006783 5.834557956360411 0.39662528998372704 8.66286238979382 2.8752438315016318
6.962492623741853 1.7951989774231794 6.171620615972583 3.29219905069149 1.7373803335678248 8.476721723290794 7.322617205854649 1.751458807802167
6.626442858245326 0.5162761051362086 2.159109170876701 5.1950129804073395 6.550697130221105 1.9552557643282351 8.310748930243019 9.997367152745689
8.092479425771739 1.2640984637462758 5.108836055816812 9.790830021314516 3.9120082206004314 0.11530508896459413 3.0184405088118367 9.097486286202326
2.1636114462543303 7.948040276322988 8.618235127317774 7.267797402017237 3.3901344826771256 6.459915504234358 8.211836710027846 8.33017165648755
9.852820317215013 0.27976666258875404 6.067633596369445 2.099945492867833 6.348701353533823 6.515617039442439 4.302489753079715 4.28084378108169
0.5037286573913242 0.9778605829523546 4.879314616632023 9.759402521282762 7.090256450404473 9.016297077216743 9.81052708683082 6.927130879852252
0.857081583330193 1.151549420995067 1.682901613258966 7.725074422726192 9.334323639069758 3.8260674179941567 8.563764714313152 8.177557278337785
3.1972139057114752 6.152192636579786 8.586623829332325 8.091561217406197 5.855248097401403 1.5602920216997829 6.345434386282096 1.9531295185683129
2.4209533097154816 6.930179858738598 9.307623117314098 5.021255159930153 4.695730423891388 0.41204794320791205 9.536366484334312 5.555912147184348
3.9284797078646903 6.717378300746758 3.403272122436499 9.999934506218398 4.744328384169919 6.203569376294866 9.286676821330719 8.952090515173527
9.511276463968976 3.488226222907711 2.398591581859763 6.841626420475455 6.512223254414793 1.142607161191433 8.652684985520944 2.2068318653751233
8.319217440897882 8.964337302584745 2.3919282594793305 4.476071170118188 6.894450502806448 9.653997769393957 7.762669771144322 2.5449881963420165
8.806930619491482 6.493131974396094 0.21990363357353537 6.858300261131557 5.237678647247999 5.229677304900176 8.713737784620314 3.4184643885745816
6.765262289255686 7.91151824129315 8.359530084559118 1.6949043447954817 4.578694217495782 6.1628705766780465 7.019877902457928 1.6633328614787506
5.278616994113805 1.2314590262205938 5.312884066268541 2.5257847515809777 9.854822591902881 0.17782628706838555 4.029249546415929 4.577349775733275
5.624527105613269 6.804062482610825 2.426765292458414 6.320359860283872 3.3184102805257796 1.0129394059681651 6.732430356923125 2.3545286836113144
2.040370882207148 8.877424817375704 5.171016165782002 5.429102003196976 3.4297379882027714 3.5679108901223886 9.836715478493534 5.937157612360817
1.6482302538347962 4.3329741274432685 3.200669942505348 1.3527905514703105 1.3520376870413395 9.9190564131525 3.7585498650578195 2.2415424171116998
5.6517432841476385 2.257724803734506 6.852467948082477 8.45788262665921 8.228203134326778 2.2188967103764634 9.246616570813725 9.594064746039003
4.465876685622119 2.018363452578979 7.253257266176691 7.96095803990284 1.5016936990785625 4.855559767225189 5.48155349924498 9.416347651455167
1.49837970704501 5.426303525030684 8.104381471582311 0.4332751062892548 1.5474839288269826 9.53422815564187 9.429098628153815 5.640069827504938
7.899720216577341 8.3197877244255 2.4656935252518606 5.183164067690532 2.169200498661771 9.811911078184357 9.583048859548999 7.780426583236649
5.385970332086079 1.470795266451499 5.082868589119257 0.15294176645179736 0.13491314369833773 9.500409191555905 4.756194612222303 2.664299433146207
6.453879178176606 5.98938263755743 3.555054412503972 6.288118380433442 9.312666554554056 2.671375038922153 0.4360044083991097 4.165666389329281
6.224086610617602 1.2888442058206633 6.611430480741298 3.697808121947527 8.84694803575914 5.1926617159607495 3.912943875687882 6.196682805485716
#
1.7588650392156242 9.972895687707442 3.7255832156342414 6.488264235257699 7.339403437145381 8.700038124842113 8.01972462462022 0.952346108668098
5.511470250077888 1.0265141841900798 5.78049745488225 3.4247315027925023 5.075882736343397 9.36252391506278 1.677028362994787 2.189221998522808
8.759663644249008 1.512646305761916 0.4025112662819472 0.47707868249320384 3.4127987056651143 9.230637434236854 4.05574345279153 8.869927106499656
1.542167602174954 4.869328568484478 1.8587171534562286 0.39283108090582086 0.14310624785560755 5.994785402585935 6.880866580556814 2.0207515420789712
7.846819847192807 9.212442693058971 2.3813262007504994 9.500071381160542 0.9741835589576935 3.8643317510407256 8.8832373487142 0.39895450918678055
0.41752401719976273 3.621143957360448 6.086572830131411 8.125748201523848 0.8637930046333446 3.99988920517496 5.840785984297 6.546314460201263
8.476943685516469 1.9730877985533062 9.672645479934907 9.816330801454916 7.626310053625216 6.115449439167382 4.481583522872902 8.38257977199568
5.078713374195786 6.923027728491702 8.696475533732789 4.627173655777511 1.4055925055769252 9.525442310114261 5.5014522059009066 4.379780127976504
9.09735679229427 8.748157338681201 7.242699362475587 5.237771518944709 2.184245570617319 7.258885974206237 0.759543583474481 5.830495622353744
0.16015625910604214 6.531772418106387 0.6107018693491586 8.140568243267612 6.117879295690888 8.18103485096503 0.9598142921947437 6.576625432266534
5.570983793754359 2.7059573783436686 4.0583207201697675 1.487275556600018 6.251215018471986 7.679905631889102 1.6113385138011855 0.4708656256834196
2.2876573624177032 3.3182619407466287 0.47843592174547567 7.24567180767089 5.173206913010964 9.595775400694873 0.9755357502087794 2.2377638453123536
0.9437764028771252 3.4257291053830943 8.311412848430084 9.765044181238638 2.9332513766324264 2.9422609385084963 1.9368723800375292 0.4720657983380514
6.013738964373185 6.5836549813704695 9.299071582022373 1.731111896266488 7.819295106704649 4.264048661620833 3.8114949542008096 5.102349173755466
5.926174793736118 0.841524155389406 3.849823710345622 2.362452178404771 9.983464533354496 9.263162468842502 5.626859982888415 0.11184408945540003
0.26529070781899833 9.295259400677228 4.4929890482088055 1.8375147209706513 2.693631777573291 6.098964887030647 3.0733299958108296 4.344442573002176
9.457284108201806 4.567111302171161 7.238063250525869 6.8567988887677895 0.20509302168038968 8.54453149095516 6.102365317440677 3.203095850523816
3.8815523593759984 5.874825739656767 2.014313053983336 6.125330221507542 3.3421279522106344 5.723400990984729 5.27714508686381 7.414971270380768
9.91943534285981 8.015173148518702 9.588249257355521 5.457473906620283 5.88144554780597 3.3712861405967933 4.185547610077902 6.849564895615812
3.215423555780533 3.7230594593736015 7.684268328881419 3.0219336011614493 6.6801782292616965 9.883902743722755 0.2378691240418389 1.5661284376904665
2.0527029670082735 3.200768585980583 6.113583045607335 7.553091096832205 9.822826783748535 2.5250042683619545 3.2940291355233704 3.1960530982460016
0.3299590398045158 3.0406711223280687 6.725452297431289 4.252488655923513 5.574384318670347 5.1734063874286145 6.162955081139914 9.298237513925004
8.51219779633968 4.456813815470508 5.206624180673767 9.641535842626247 3.4149404388770783 4.341309225650344 2.658490903328287 2.42978658570903
1.2402388256718955 9.02033977011925 7.856951178658509 6.450419086846621 2.0795601658126244 1.3948859785787957 0.10194311741551854 2.0736511969062614
5.277549109055555 1.4929530988547373 8.410623707473423 5.391707274793113 0.2033678545973645 1.2263481393867046 4.013328450327583 9.677648487064905
3.052141628577872 9.378330055025483 5.453372437926794 6.152561599366032 3.883129806731159 1.0714629351909881 2.8583475699202032 4.514965426867121
9.949181902291993 7.26599343310017 4.288375947447116 3.334037057399758 8.338661532404055 3.7929034332146174 3.022861497540227 3.357227035473852
0.8870043064786595 6.540049994455196 8.88130403802062 6.955127158971766 1.451057325955726 8.158414460301495 4.819873510620061 8.888388386750218
1.4517946130367445 6.142754333441321 4.512959427261483 3.6932323347644953 4.747669395687447 3.7503841998987792 2.578478623141646 1.860456049258461
1.194732690054162 5.514709243565963 9.649062993260813 7.34530578141457 0.3807299225662666 7.194861230101637 6.782369181567889 4.189464589310685
3.5844196611397012 3.266771939098083 0.7475242258043782 6.6320570792029745 9.704902728450229 3.663003089607926 0.8564830494361191 4.358533409076867
5.4245458502030335 8.42635986001146 5.734779545242148 1.9142236652467917 6.494990567757047 5.113623907455155 6.566353692607105 8.19134553399434
4.59361130302856 6.256594048674822 0.19809103374092096 3.3142871330874706 2.649106367165014 4.687551198279846 4.861158671302525 2.528686086805231
5.7007266189788295 4.1743995235824025 7.559501067178673 9.876589261839769 5.895170613551785 1.4268520542366545 5.013487247299284 5.640196504674432
4.20110199769286 4.964834883859109 8.738836167610446 5.562242061764058 9.17338161946353 8.06593414734023 9.23754626235169 1.2698373726382468
5.384387288134169 2.7196869020046863 9.590119043909972 4.696503846823821 4.243785687511271 6.458402567568329 0.7824824776576085 5.478782831185679
2.7474889713799318 7.780430036161661 0.5788576049564531 0.9652335312252935 7.058575953312353 6.435412667828009 7.36367643506119 7.038372368129989
5.976349357731256 4.711769804559129 3.1942346699173174 9.20723510588455 6.0606412964432135 1.315762720551752 4.969184156395305 4.787277739457152
7.056650230755715 2.4791247996336603 9.546790002867763 4.026030154846615 7.733748499975482 4.217769958234339 6.785792427099262 1.418096517461374
0.7884182078853286 2.167299190912698 0.8693910581570563 3.1137779673942774 0.367370136179348 6.935485757464889 6.804298272671713 7.772045587404175
4.011231300877694 3.917623612509953 0.42948159332840685 0.8504021396162917 1.5608315907909605 4.013082626499953 0.8602674414194809 9.42155364124839
8.701432124607132 5.776947020466194 3.098733805922962 9.707497242013341 7.243077243397263 2.687025532181613 9.842045955684046 5.121379372959812
8.46579928244832 5.149328166292824 0.3225126963743268 4.679239572125775 6.421457574579739 9.001961984730317 0.7923844270274003 7.730907989707987
5.085749665493087 1.022914837178055 9.92726620567899 5.917773668134532 6.627951505262859 4.344272499157645 1.4730347672298163 4.317390348475284
2.7732169622842258 1.610973160681541 7.892011351730211 0.3121791590382754 1.9993683519655296 3.2191772955630853 9.445572146143665 9.658351197887294
0.3650422930752484 8.408356901388233 2.0493771940002627 0.2089821124353861 3.2052671110851843 9.99932929236659 7.536183070411482 0.7031979279250828
7.25956889039594 1.4218682963568408 4.656358725346243 0.49796957723981894 8.755588201574419 7.537671566914691 1.8980365602411409 8.781930100878684
8.037610017831346 5.423613265406716 3.5306614219864505 2.6208087016294725 8.784456427240386 9.452585645369856 4.832279065736168 3.627973024751519
3.5080843588472534 9.174688295723099 3.7071917729818242 5.793759771050829 4.50844290683941 7.517329442912557 5.011459246245552 7.590149026745965
2.301490054314837 6.951936356607344 4.295966375583309 4.587991709061431 8.706510095707259 1.1315492933107416 2.357266283805311 3.0487787907940285
7.97543778413102 1.3639177751992633 4.074976406461786 2.9492496472083145 8.002165274660141 4.051708760625149 7.289377452651825 0.7074762725870762
7.761021213818114 9.72827265278396 0.5650858163868735 1.7055337941170512 3.889398741917544 2.2583878022172454 1.2739347545252957 5.61601016411232
0.7751020809461133 6.82722126219357 7.78818293387028 0.44075501546979723 1.4409732612993036 9.681353457162938 8.89207454785753 0.43883343504016104
3.0975887002767033 6.871744791702774 7.998013807704675 6.996118590525844 3.715165102380599 0.8250642001570814 0.5974472312134331 8.137535212837983
8.117081408148417 5.770596033362811 2.8928119036701534 5.200555277720689 9.16046261117106 0.39167575017588074 9.972716621966734 1.6067747565351365
7.706178608689498 4.455997037353459 3.884516771564846 7.030208791322123 0.612830288746121 7.91498814971768 5.325721792521821 4.514164659442418
2.3816052722352565 0.9433838573967526 8.399690548272266 6.718738216131166 4.93061467974461 2.397449537284544 4.677614152624182 5.700807668210661
7.786912181399975 6.135525286869501 1.330686453771937 1.532035035216723 4.582913820942145 3.4906441716804735 9.231996973902453 8.978169355990405
4.085749843678379 6.29178122161929 4.385368378235811 5.290920819328381 1.0908771835595545 9.10065811130932 5.95572144771128 0.47359775375192914
0.4892744389919734 6.39847807049483 9.973264159523712 6.354244323913996 0.47861194716035627 8.847231671190176 8.058753326467414 4.932790204599218
#
1.9960100827380103 9.382963578433955 4.424759434367241 5.878406923084614 2.600498539081425 9.905014554214436 8.250268629798729 2.4187566408814756
2.0814398017319475 3.2149953585036553 4.894258145392932 3.9987733364451614 8.019362480093111 1.3830730288366486 5.304905280879444 9.572611665311879
3.8144378812668 1.516677653339383 5.741124248851818 7.9283649218218315 1.9827704088140208 0.5415980154628857 6.248237764997929 8.483298708715779
8.23759394476367 5.267916202013827 8.962681270067739 8.609285387713296 0.28534425903003235 8.918486734239497 1.925557472085477 0.14254772455723597
8.86148873402539 5.321191292132994 4.0108244619473865 8.999288671638185 3.17530055330724 3.305667099416178 7.767007315721598 7.707542940498689
2.549716668273256 4.863004534019391 4.392395338798499 4.527886742487989 2.688871169006189 7.232740631160032 8.972343439381184 0.6001671887585349
0.9213931714583632 8.59999798523495 7.165707681727527 7.011855298574514 8.652712426824195 6.894494632478919 4.925646423146977 0.9408185046843291
2.682985416295236 9.014053881485959 1.2095292021193371 3.712490424714631 3.4680214275880763 5.7936170509186615 4.140008215277923 5.068601884371275
7.429787096236783 5.165768800819238 7.977367307671198 7.67679247423699 3.8760837190845243 2.5095522998505158 7.236406309829654 9.007789323538958
0.6280144711672353 9.494955536221376 3.853173259669722 4.606729781128636 6.6503387312871265 5.863420290386635 2.687635402180635 7.995744088069942
9.91765693895697 4.007582946763742 4.938558292782064 7.425836894702128 9.791172593888168 9.0320696030236 0.3130806974747866 3.2890071350007797
8.304737864936408 3.0806651679637524 5.190971599063131 4.4884217803921596 8.121181798090968 0.89434735720147 8.406361106121064 3.172627090388589
4.672679074532976 1.2584800983566042 8.486616165199461 9.409006394040539 0.6915589867023648 1.5614443121038941 8.170364618864927 8.665666612078358
5.381155700686191 1.9335131864956372 0.4021094661327327 1.5740809227628816 4.496831273228589 8.808098641680111 4.239454998073507 8.86181127364091
1.531475684414961 3.025755890034082 4.024611654988167 3.101662485639486 4.457366052970142 8.65876073439344 4.699279592849612 2.019165766674365
4.161040820556469 0.6086512076106505 7.629015664704847 9.086781294349763 5.695130799022766 0.5345277988315855 7.534948947067594 3.4201853489899507
9.330046032015245 9.096713098382278 7.869248519842338 6.854134014366226 5.891912506809903 9.012297543571865 3.6030723021256437 0.40561087270165075
7.0297914783656115 0.6537033250796842 7.383096690320665 3.2207327299450363 7.555550944014813 0.37000158313196163 7.088585276188931 6.260225004472357
6.631624896540685 9.705946943223465 1.2150611060822984 9.519743492493813 4.8364115646543 1.3386124172454257 2.7671181516528867 7.221759061858002
2.704736435123425 7.6119446523864625 3.567244224347464 6.772459194581597 5.719617590161417 2.9791135622954723 6.318842092288854 3.7289853264063093
2.9461329098549047 7.785678768003285 2.3083681080626244 6.770854324363371 7.651241211779705 8.919406447785303 9.62112047881147 8.058685722436916
1.280031283183496 7.387868821699607 2.898688731330607 9.74520538905524 4.21083686052841 7.158993445990838 9.922111071616438 3.772730686939957
5.457441562532317 3.0173099017625926 5.423556951380697 6.1257107831713995 4.454666596302918 6.470592978717898 9.73075697470474 2.1650981333141908
1.6063277041670694 6.189362288671397 9.589129474325834 7.017089935198214 8.527126381634066 7.962681266156184 8.382406614029875 1.2661205593301261
6.188825250495883 4.274454247072445 7.704294885963735 3.047998162358533 9.796342473185234 3.0759541473644676 3.7764909752939104 8.287367665194294
1.8511245101925735 0.18369379782436646 6.325718606281029 6.071559733460089 3.7792170941664875 8.302305977687311 6.052461658232487 2.2805282432191367
0.5751618226815856 7.423511965147572 8.489921248317678 2.1736854425686607 4.7745919972249755 4.291340530207693 3.9839269298440607 0.23882106642444167
9.58612371001768 9.13905319219666 9.002677874279367 9.459729007307843 4.882500331809861 1.1971119789749176 3.420993603130568 6.767675743232871
4.242757949045104 2.0071871456823276 3.5446634916110575 1.0374231060704728 1.7443618782550003 8.04390738317601 4.102939082950572 1.0733173403244733
8.759429055105297 1.9170619396416146 3.888473311913775 4.619777757783834 2.3197903955284946 8.876163884304969 7.522301638795133 1.587164348372529
1.0477663798252506 2.887240950306235 8.560130614463736 2.2958721061343956 7.3192515697724305 6.864049886077188 4.730093062315158 4.093636382032101
0.8098104336903917 9.37441716259914 9.591308604236996 3.8052863460861346 4.310628361874406 7.033671455058193 4.294931922584057 6.185405068340573
3.245914485630559 4.430792397395892 8.258543698282107 2.7517431086864654 3.1488830100509526 5.568359393258197 7.581808080694593 6.460834572373618
8.854385730741635 5.297227413986629 7.941352799602633 8.678951824044098 3.7575767233752586 4.939454312992621 0.6575036424695284 0.9310795873126665
4.25973482651397 7.530095199421071 6.481381691324381 7.743863696277575 6.634533635500011 3.850051165441994 4.413629082721571 1.6092248258085977
7.789244664516124 2.9867367816941663 2.53888875874432 4.320666229252392 6.015878090603715 8.560283292296875 2.87618013430065 4.32150514250889
7.162685141459267 6.877706868347643 8.410980202388247 2.6116843979949325 6.53369807612237 5.98960584680075 4.972604965516973 3.5098078179079586
3.1983417743929525 5.037224573918437 2.722163981542029 4.912514550556082 8.460534067384557 8.043877627629293 3.2833644677496894 4.199026227334753
4.289608943634575 7.768730726376812 5.39946858353202 7.7591626780827445 9.152629823657366 3.3730147260294796 1.8733649892088406 6.739196863674837
5.415033728691059 0.8007402105142214 0.8233254933667657 5.652137539955354 1.810998347532236 3.9388001019574697 9.57275915914745 3.6539056902061926
1.161390024472817 6.857174801199505 4.017462867025161 3.787048830589524 5.815139203976173 0.1087344423538843 6.289970770976499 4.641413774385912
0.19542356849308629 7.139887570564143 6.505768142490593 5.779953591532529 7.874627114395757 1.215577168545121 8.931737988600911 4.608030978347648
5.089885919294293 8.641185281540078 5.913757983190882 7.640158186873924 1.425567054416883 2.8944786937312403 5.916590004057295 9.5323288601782
4.335376355956629 8.489902082048333 2.1135071370665695 6.051566739823103 2.116777063968306 6.60933555333394 3.207168451104585 8.695829626998359
2.7170875755527724 2.5175917580648304 9.453825010336896 6.084188294977459 2.6221768390322513 2.6162148753335264 4.725217511452552 8.92214452742416
0.2198107780119889 5.1243730566404695 1.8207727023332314 9.332235875675044 9.133917609342355 4.078166418203192 5.235187458662592 8.906160527247973
2.707189825935566 3.807842766832989 0.1819090343620413 1.5079878120352483 7.117879910433636 0.4014398199625866 9.662398111287597 2.8136647148904537
9.576069138135312 8.786837119920374 5.095265548803207 5.28725725897524 5.812632198320383 7.299203416926135 4.283464226157745 3.3091455917477477
0.8146318049786219 1.683747008241188 9.856801067224424 1.9418988523054628 1.1816320505299673 7.737047709894145 1.43524960474699 6.643575287911476
6.969813525495076 7.608814790229968 8.447630154690152 7.8161452530804425 9.022262821153799 7.36981548679057 2.7704033769947483 1.349936897959545
6.233893673700256 4.593079647082621 7.738706669790835 1.568379320674198 3.9291632832910777 7.470692850072098 7.2193827072320005 9.46934038543127
0.30710525630440166 1.5111145209197683 8.873153562965605 1.3021833438082089 3.788634225665273 8.052170364116824 6.197576776530495 8.951447503548453
1.1428149152530387 1.2178084703553016 6.865099563755816 1.8568040647326973 3.2523885840322793 2.1884302713997728 9.817856888279286 7.4411701291546155
9.463624187934592 7.460003527768423 5.649535788618851 3.581699503057566 6.6292368692763235 1.0721932726265377 3.9321002426515563 2.1667302327735185
0.386176697406027 5.011560229319511 1.1797616946347431 8.123112153744584 2.548794870986322 7.513434730205553 8.068700509615871 0.460131426879701
4.274695239571085 6.849897715635574 6.123689600376806 4.403963229980777 3.8292639621718 3.3124609253049035 1.2291551323093364 3.9746656962960643
4.23609219255999 2.3458683304711867 8.63529146816239 4.2370139414414325 6.3135123527058195 6.185007039209596 2.9169571249203186 9.805578669569357
7.77234870719778 9.88291315569843 0.9817651842096273 4.685949515908945 8.978599443386448 8.178351720778354 8.220396282936072 2.1723203524067807
8.733225374222553 5.9147721220191505 5.954295806890422 7.398106728225971 1.9105260666135058 5.443740445979344 9.935112749572172 3.070858575105867
1.8066443335629634 7.680801463087741 6.120095368211645 7.939245284462638 2.523669459292122 9.524034595460172 2.9394528714449732 5.865268545717762
#
0.12455701482821091 0.9966743658172597 5.8248956717957965 4.431714918460164 8.692718165843448 9.774168270506003 9.977370127622823 7.937110003011094
1.5278357782116703 2.3922615474188373 7.929861548142476 1.0524495027266552 1.051139147649784 0.4517620068746062 2.111994511578696 6.914998064321698
9.225497534073773 8.394337779200715 4.3847071131306485 5.602411199280157 0.22398829403659004 8.696938202634207 0.5619740163935285 7.001677013782709
2.6073261773580043 3.215259239884386 2.7589446471093555 9.795178694544635 0.10412271755144964 9.836633073907958 6.976153540687205 8.188204948869116
4.64457319846716 3.8805487037940294 8.239444329936394 1.087031835233101 3.299868743971425 6.45726114534942 2.8967701382112616 6.304349965475115
1.4775298532395458 5.120643111614195 0.9409056691431683 0.6613694547934843 0.710157360523044 7.505795615365681 7.904311530397812 7.76321050888235
8.842442650904982 5.334376754212281 7.591119188033305 3.3323367868741824 8.939737719737398 9.773520692629628 0.13235356276443966 5.7639560862244
1.3706801052486242 9.761752877550142 9.374971410079155 4.2284222180672035 5.689419412109865 0.4324910110986071 2.501259238354689 2.0027727262705497
3.135605870277063 5.820823569100076 4.899897368939103 5.979272655218205 3.1236286253839793 3.711130702952186 3.0867542606165523 8.227614440577481
1.6334341543688047 5.038270277736771 2.5693669994406787 8.4576841226564 1.9231803222264112 4.362319986222386 0.2837383492462653 6.178901034600311
0.8909888528615673 0.9020291103636913 1.0960710143544872 9.761037064066864 6.639446029856206 2.762994146745883 5.6702602491528395 7.775927481876204
7.2449856298731135 3.5540179356941994 3.82001614846988 1.0286767432882158 3.9826290449436352 8.724109857337108 9.592500126138912 4.332919373918073
0.5615689454161483 2.4260419208034967 7.12574759369617 0.6035746448798038 7.73211660335821 6.057218581067216 1.5490652002159186 9.116177296607331
4.259522462405618 6.762652873716469 3.703901997523825 8.764667750875155 6.3734623110674935 1.5254560213711703 3.5901321406336804 1.4332259394422229
6.603321675898815 2.345793290435288 2.2501694350038113 3.9726763020788027 3.3966099387376123 5.097462090860927 7.049546063435158 4.886116984937367
8.911273507043084 6.769461412569383 9.347346099116223 1.7430890835339872 3.6383825310478874 0.10956157463592486 9.914905557028229 6.62215379522465
9.206558475493583 9.450165204866828 4.721616809086784 6.6857911870665365 4.953744524368957 4.419232539220069 9.617586797305286 7.559818093178286
9.81100786169083 2.9703494692734322 2.9411292573183605 1.6008898013622703 9.309818506860132 0.5005343329511893 7.43259208378908 6.575351353647502
1.659028382461757 4.491743994444083 0.5755915643241236 7.580198913912801 5.609886830337319 3.9519064902099563 3.905962863461106 6.216388491789435
4.26666785737422 2.6788464702267305 6.3925298355153135 4.210433638179776 0.31133978708212684 0.1046677587681133 9.351202525385006 4.951360079110916
5.730345881190232 9.939820706795395 4.99316717084571 5.211115329703576 3.6027088091598607 0.47409273908103167 4.73423340061778 8.417369554300645
6.5977378558944295 3.5182041905513506 6.080434760341987 5.927431204350999 1.8159927039095178 9.01608015377216 1.141168059034079 1.2122701630374109
1.126771475439139 5.831459744479847 7.001044930273444 2.212939801593995 5.48483605075973 0.2897909234137712 8.225234432489433 3.66454148064706
1.1568123425605732 2.193935994907267 7.766307466830199 6.35787463661001 8.505707251596196 7.998471433214953 1.2318465167847101 8.983620554170017
5.1484591747863355 9.51707250978031 9.54894605718994 5.263030140244641 8.1887815504658 4.649096675449772 1.4108456561483544 8.016777769794404
0.5211797934191251 5.5027630081523125 5.535643150048713 2.9251617311442177 2.622551536716649 6.489785569123874 7.251163071766767 0.7599106630566315
8.286342289377084 3.3763331252677204 8.425335943274046 1.9490073530699603 3.5404826955381967 1.0606586498465989 8.207404249198131 4.588521903622551
8.02721040930534 6.150201446749317 2.1597098461374893 8.980066865060959 8.527337690041712 3.7109039439728724 0.7900935564981983 4.982800420427881
4.803036241501811 4.201841861790009 6.582689914184783 6.098444880672834 4.08712673094988 5.000591466727339 2.465830012600829 7.487651091426995
0.32887429119527134 8.561531838172007 7.343977935820347 1.0922918478591113 1.5608401009372526 9.983016796394487 8.050585570652174 9.595312314584227
8.359725488305493 9.235155326147833 9.49721821631473 5.46822186180349 6.257937280300059 6.110668041594482 1.6604051752273001 4.197879409056129
6.75032602823347 9.167325115231176 4.786711141661907 9.814063177086428 0.7339805146874809 6.517803439397319 2.6559582335422647 0.501994639018549
9.784317532748524 2.480616122095523 0.26984472866632103 4.0072932468162135 5.184707345379215 5.658182892484633 3.0371174885395718 6.404669243412714
4.038008692857812 2.639389204603943 7.023152563877672 0.690894930213898 2.8958466305969854 8.940277072156379 0.42385800475577273 1.160545277202163
1.1394207867769102 7.20156946816751 7.506204270654406 4.863255426593417 3.113936606017858 0.13166807647367573 8.536120126439751 7.858025257314561
7.0627210284380055 4.3320477362447525 4.284401686078496 8.91224574285146 7.590103064579913 0.5711248946425327 8.922758431214085 4.453404678987201
6.1691695578440955 4.412725628810637 2.013121850174647 7.263137285554115 0.5442866869257497 2.6571609140623265 8.537233913733445 0.4313062014247535
5.133434691299553 2.70708490127164 9.923007345379565 4.361254018943583 2.436554959529674 6.370947187119384 2.075791003118686 8.717714996418849
3.450876944954711 8.185456600351133 0.8591871553354862 5.058660839500059 8.604829883564923 5.977585859859266 5.821277780870739 3.07462761102352
5.195501322659082 0.29916510310702993 8.305540259707612 6.566626183250134 7.421170688367256 2.372747288696176 3.6277235036663997 5.596148471521714
6.752763396828147 2.6617942207986007 4.848262249934082 5.759578690098035 6.064614610447226 5.076705039601471 4.48019585039704 5.342457827318566
5.9098721609590275 4.211874268567626 4.429829354020727 9.866084055583013 9.730981580792225 2.074274399160471 6.845368333183082 5.142320300543755
2.9612253569558318 2.3030358536990905 8.899101162666712 2.57402609708347 8.060646375317743 3.2947382690489144 6.532283635410081 4.6309113249371086
7.478711357928978 3.0467730286057972 3.6123742608265887 1.778356856230729 2.048499480285332 0.5685368558900743 4.055688726926616 7.795611067615825
4.644069523199943 8.745510164554117 7.977999822219834 0.2114968214792885 9.88950920597173 7.590879892031867 5.945568008766409 8.333461934440644
7.8783386353702145 7.956874243823549 5.863371294809824 2.044807588889917 5.8924911575723655 0.16325433268520317 9.44609904221634 4.967254121139938
4.354712929647581 2.2773446348326614 7.497130232664555 0.9350021608371755 8.760691281294147 3.4719160388740513 4.761728512335505 1.1219671613238669
0.38855433823507113 2.4162604388702333 1.1993114138369703 7.606899408008181 8.058397101240326 7.258080993198808 0.6701942598261388 1.1335212869065625
8.980565964856783 6.441606671314595 3.9576205348148057 1.2809336168530705 5.811730307215296 3.1729100435327062 7.32955203463313 3.815384197087349
1.603198607278335 0.3525849556090739 1.0277071720868598 5.796580414321874 8.394936725693974 6.579221404909441 1.5904775082926443 0.284989923922109
9.524180100060576 0.709003737815423 9.121829183951913 4.0284230549303865 1.3511101341110439 5.725318459252668 0.7757628988767413 1.5472108941984386
4.83992772798285 6.5657002784115495 1.7251331128122125 6.639931069009456 7.532750445740007 9.454958113726452 7.218084693250266 3.4042817042335587
2.97841115482813 3.016182851364413 3.4833159007675283 8.899724768300011 6.368475316934864 5.145170586415373 8.908683239333026 0.9466899731654417
1.9087389381971995 2.578464816051643 0.8849515033734381 2.689268338363447 2.5714693374981796 3.7053091843275605 6.754981039069821 9.131245554792985
4.832332938742436 5.110016024941582 9.550708169187583 3.10162468095115 3.743337713483101 4.975746825320122 5.490185680389447 5.9364052458168945
9.245647550512954 1.1429999694444701 6.024490264145306 1.5182480450180003 6.695447886559518 0.5005228470197229 7.281194972347281 1.2539770830664727
2.766705962763332 6.907381391189382 4.201593562367277 7.66980113320048 7.5202606904251175 4.609260410968973 0.24943308746428983 1.2596108828926478
7.376494047680519 7.091473290683114 3.8055674321613195 1.6884397500051276 7.784124479217949 3.5036332042779845 3.5404361916916525 0.32694405540287086
5.0031045622548795 7.514685560358847 1.6593677810182248 1.682515662450463 0.3493794886859547 6.327828368818813 7.929338317056963 7.93451908989449
8.759214443599156 8.203636478738309 7.42487778600186 7.981697522274148 0.6056104415225816 7.3232095738112015 8.164969796946963 4.822325742005447
#
1.6906990647643565 3.3621313276728917 3.977846824477391 6.071309048338167 0.5404439893761745 9.243779700178136 9.466361285633493 5.372034580288928
7.547228705533135 3.8336951275783813 9.257555700025417 6.0213636082763236 5.961420634135469 3.3783354207007994 5.97283338802467 5.443137507185605
6.494857178359492 1.863383350571008 1.8702681787824877 3.90810015489303 1.5001448478433637 6.459865284690136 1.2417717030951216 1.9733075986670578
8.76601014808193 0.11653428877855898 2.55935593487447 3.4500563842943066 1.2774248895299207 4.1880597974262335 2.6551782067178693 4.350183510314716
0.28266082688529437 7.277394509740964 6.62686824339369 0.1255908662163625 4.280790389825308 9.019946005281515 0.31804913616926545 6.852328676265275
7.632883952623905 9.967076158317987 7.1243845872754195 5.826304847834702 7.624594085890473 2.0078478276165774 6.407365369321165 2.228317165718953
7.837601653041226 3.889945864570314 5.447831014217304 6.5801436401508155 8.577690503799285 4.306233758748563 8.60182089452907 6.182296230302261
6.469236327246585 5.682695751132606 3.343293201456147 2.1454438813020107 4.967254171850452 7.392385840006728 6.669237767746495 1.4654020119494295
5.252259863215094 5.184601616262133 4.343915031522958 4.100134408881453 1.0822569608763453 3.3625253921636666 5.276762748026933 3.717100243262737
6.101779168437184 4.738425509745354 7.488629822791236 5.184844231497227 7.710740141607993 6.6754375384015585 4.941622556278394 1.1817366962860651
1.293237624164493 1.7017298601455355 2.3894068105470865 8.254618566181655 1.8921638770127114 9.246730307582006 4.96045058879779 9.608339702770659
0.15814070978857053 2.087819903585552 5.720866431079541 1.2639614370218384 1.9734088514287507 2.0501477748388766 7.296883431646712 6.385511228357328
5.860537676562215 2.867036680531929 3.049232108215622 7.630522331707301 8.878823143669596 0.2324939731933391 9.584956199544239 3.158773494234488
8.308343553067731 5.993055796027895 0.1035545730855203 3.019425175611261 2.29243733548616 6.798921047302177 6.4865779078185035 0.29614811794509777
5.204866326054294 8.471595759299024 8.368046862403407 4.612886544657612 4.586681148837479 1.8889612060829437 5.534278802104359 9.301084482867989
8.004518325499845 5.281760264591258 9.726234703249354 2.530010451814162 4.299021626438252 3.740958440697509 2.6193312623233838 4.976985385834003
5.042744802938016 9.969705307162299 5.653905628878601 4.668057908354806 2.254138943414236 2.157443925181274 6.2486992675575195 1.402183272282635
1.4465646625255615 3.1982358585689763 7.478821042466169 4.025051250605623 7.447669101063551 0.4281865804871039 3.2239868720467166 3.513113938286694
9.8655648974738 2.170089161237722 2.1344679109017517 7.030541761168405 6.702958185168207 4.16145434635958 1.248716558725274 6.255813950394702
5.980452539057111 6.597786713169838 1.5436453180838479 8.91696968310675 9.055922602630668 6.232606991213422 2.0186986721280724 5.406043238578374
5.6448084484540875 7.388443489381681 4.668952815239074 0.6779774017464311 2.131609691139685 6.6572223170910085 2.9710673434476056 4.05134625420937
4.620299926253571 4.851334500336399 6.2304376622616395 6.590184808322271 2.2351184253080554 2.1952080704609878 5.903903277580138 2.960959071435723
2.16906401592285 0.44245163022830347 9.964015502183237 3.802386087307796 1.5817319223032635 9.730315952277817 7.171762636984178 8.333377051954944
2.0889910467758286 1.8626993648504602 0.1632742573072372 8.11321423586067 5.327544722561153 4.476276441669621 6.705550515874184 8.456908482291482
2.9918271422949214 9.454827674758814 4.647991218510548 1.9844347924307066 7.858898407083213 4.558012300778183 1.98212431767772 4.475679873960484
7.646598113304144 5.164284174450273 0.8716497367298341 0.6747498987998695 7.054506969313255 0.28429758940690597 2.5714791960831445 4.150853589968954
0.21454852720828388 8.366460918732095 7.285238856946872 1.6408568759194702 6.380607376417752 4.8246684916956974 3.0191750436949483 3.784589227739393
0.7650028792012016 5.767435622731558 2.02093606150498 8.094267395521577 5.437738543140641 3.5299907201156 0.6306652918412965 4.658822030063909
6.530198700279044 9.37057776353801 4.722319682168848 0.4281364554488416 9.470231901626157 1.0915510755827533 5.850244348053877 4.5986378490572415
1.5495775400659944 7.591239247480695 1.3238912817495616 7.947597472112998 5.989752118973935 9.060519135024053 3.2306740283688233 0.819806969694282
9.500293585413669 9.713980952362526 9.196196883718063 2.899771301692764 1.6048681518423527 7.270093216821573 6.35245565113203 5.5896714757056145
1.8630054558191924 1.8229064071487877 2.810150197348592 3.258693675815289 5.708411135864074 9.77255043683633 6.038783850075859 2.4280747301359833
2.1009063487758173 3.8361964259963006 5.459505289143301 1.8542774502430754 5.443779343248759 6.988315150569732 9.997426271985152 1.9105504998612566
0.5927839753084774 7.372972926246694 7.634814008624483 1.122917916619432 9.485948378484684 4.248306522937097 1.557076608600811 2.929481001496194
1.8097549718245287 7.69403988538404 8.866342617668291 6.728413749970127 6.4224300201452404 1.0142544632927173 7.652329090610689 9.155894750963405
3.210580782350288 6.978530162695918 3.3055244415196414 1.4633351966071255 9.246053006429237 7.479185681028568 9.963541381925705 0.4318039135965055
4.561011168456406 0.8760781268882738 4.0952091547998615 1.9049685791961304 8.207572179370926 9.649295989633373 0.17084725946673274 4.948817483894252
1.1227788015438191 4.262486455080213 6.448172055556944 4.923065564542325 7.426525481249328 9.848123046080145 2.9946613022230237 8.139014097393726
0.12789561529129134 6.257071266883768 4.910000309431926 3.1779186195991738 3.5849093333899296 9.423484344960535 6.722174641786184 0.6390913116953074
0.3528793140088391 3.4658529883753166 2.77199884732766 8.343210761107786 3.80821453483268 3.601737002085833 2.3110336878013404 5.78913768286331
2.0319372304207497 2.230005118199625 3.861788687904316 4.869744074302666 3.364801116384286 6.780810185924826 2.2453877377778726 0.4046472231053384
7.403526670288651 9.35448771845654 1.9219954918073476 3.881174095820443 0.4685868772721351 3.631345513668224 8.826992899826028 9.621202023623326
6.128773490776954 2.6085071768282226 5.113726162902015 6.836398182596638 9.492325350116548 1.6681795603637997 0.8086095003780462 8.725006451498485
2.248453879868251 5.104593058688239 9.933895372223084 5.9385675513624605 0.7055892582879375 5.375657152716456 4.6234521056463596 4.887595295542291
5.220735549896661 1.1729109992093663 2.7444533662391946 7.847990801371166 1.7978402990959208 3.3440119354040387 1.4489129857623277 7.398641650390029
5.757281900268812 5.962968206082696 0.42535018007628356 5.303306867031685 3.8100805250136367 6.354867459322528 4.71898176629771 7.621757378911543
7.94947643035545 5.00525466500671 1.3082720953175495 0.5389953352019639 7.670870961393432 5.335242013885929 3.1148461129201683 9.24363258667142
0.3365064287293942 4.286438713603755 9.905987981719893 5.708553517157807 4.0323947946034355 1.3337586557687624 9.922992925153345 1.6078711939179033
9.520927456224086 1.414661228182879 7.1884447526741875 5.321937863848158 7.982332620753985 2.9039046211992163 5.459051579867734 1.6084504209362085
9.623085916920818 3.1911470104337543 3.4557895029675656 4.346396267017441 7.4010841960672025 3.1670547586206936 4.187028806572088 6.760407400622594
9.938725371213799 2.6621081926422443 1.1491147746329924 7.765241564092049 8.023216458427072 0.3108650513833533 6.712066201507595 9.81484478746188
4.646136663550543 1.9743046872374377 7.328863637097847 7.607836706577297 6.051445504813792 1.1168925486427943 1.6925089184060944 0.3516068512111916
7.053290320351555 0.8714115194793344 8.023715502902334 2.569962232541284 9.54485671061437 0.7889073937756255 7.529105496145577 9.897432534803505
3.19520265295757 4.052434547944561 2.8424933748302266 1.1626796228142169 6.102261008217992 1.4546892014575858 7.782052772616049 7.934967430770623
8.738240902239513 5.000519630673928 3.9162931507142007 7.9663628587071695 3.9870244917080324 5.320923035817901 8.55052463701007 5.860734382646795
4.02162897548909 5.024202401999897 1.6671890918205463 0.8575627730944104 3.1191550337172007 3.6822284897165902 6.329061129893889 8.2881673285128
7.324315358063745 7.3370826335826616 1.725564751488986 3.8443048435948564 1.749756829254272 6.359166378623146 4.3290295663008065 4.054993236834415
6.604321906216052 8.430007398147138 5.4748895268479565 8.013642882686955 9.808802528273967 5.815611088361035 0.5362467515715972 6.034983654852254
7.095645046454306 8.249366024136396 8.06213072277888 2.266774618233734 3.5710274753442564 0.9544551843089177 4.841184622652639 8.519276262649633
3.5674392569850752 9.820671485474023 4.3195471749802925 9.607148699499003 1.981982233732003 1.3991555572369028 5.955076041166921 9.84589168664438
#
0.41050165976874986 6.428581546661114 1.294029037804349 8.64207763676347 5.902412280126571 0.30994862019083147 8.05728000393307 0.733451154544821
5.60538940011882 9.196971440721995 2.114935926549354 6.028574440553452 8.019859051278294 9.384121149646612 9.692669001301441 4.427577802580217
5.687878660726798 3.487398608875786 9.37855717819849 6.835052166503168 9.720713895668908 6.2440497495918645 0.8265574173481562 4.419226654495398
7.5234017711303665 3.510125669105939 5.229221664015022 1.731474322006449 0.44515702463573614 8.545392073736384 3.308080783895701 4.93444855827476
1.086919419243214 5.712850988903747 2.290219688634439 5.38384134104332 3.1585351525127265 5.219526940856484 1.3388457478463751 0.5315223065161891
3.446910214097451 6.744797427369002 6.166381332421764 4.40148002369131 7.9409706935731155 8.151320430473731 1.7683227552609333 1.314055332114001
4.091375126443192 8.841384781173288 6.408796350881177 8.479977236881382 1.4274958265194422 8.591290579652714 3.763483908193531 8.206599447982526
8.225311669212605 5.049501697742264 9.53004674412777 4.367773321158666 3.7564815214850196 2.36502365786932 8.262671663219265 6.940088494981194
1.6012320881130244 8.18891800554444 9.853139113472574 1.5310220097147442 3.4795861447531697 3.323243707086249 2.587736673452364 3.7676656562410447
1.18907820494824 3.111859607082293 8.843701401118585 5.879740473611685 4.320944498589016 9.11346621801226 8.535184766395293 5.034248986976279
5.53046726616576 9.82098380461591 7.550729593471794 4.797160308190426 1.5020523514952626 2.4068530115198463 7.409200086551532 3.095671096012385
0.6431083197223737 2.717068833407729 5.6678896063747555 9.428654913459592 7.370789264659582 1.4164766069656411 6.560126983143885 4.044682574550315
9.489928990192695 3.0740475357566135 9.382015725162816 9.767541330614486 7.679334099038815 9.535763905124218 3.6810350016297386 5.837003014513059
0.7795251303653981 7.529293092777788 0.5798091485700123 5.660100312347081 5.823273338720499 6.125215399073254 1.2403932691529373 6.835538457284108
1.5914701320327511 1.318415228502921 2.484152465903701 5.5527027847717285 2.244536036251703 0.7122538945316927 9.048748012236029 5.922304700983759
1.17163393789009 1.8522375760139513 2.21752397675708 2.5347790680324604 6.009316283757639 2.1236809985185228 6.708751137638174 6.0860124351540605
4.360469292176531 3.06745501677912 0.17034772171646928 9.589290766031317 4.880794732070247 9.900964144093674 6.782029960498221 8.999419935804191
7.557857972757858 1.4591098743977744 2.61251119374356 0.1010382874056317 9.579995150754693 6.354956419394574 6.43474613574444 9.201506956841682
3.3968979928984533 6.537547663386806 6.409900749814673 2.1722996325516837 7.247875864104804 6.120613956980084 8.653854699596728 6.668234480968265
3.1509159023642805 9.140349447445558 6.532840870200387 7.547803451586003 3.03224099031236 0.26114729231017275 0.6004823361640979 9.992099844720704
6.029485929775864 6.252844849788315 1.740156220200042 1.1423230924160035 5.827862091660002 2.602344606945371 2.5696414332184103 6.822199764166074
8.425613659405059 0.4559082091566884 4.620411286542753 4.1927954702504895 9.715482504518118 7.8610484660396 3.5732626956941704 7.607591053321396
7.465028506381211 1.3639656367045743 2.6300381696503696 5.382308537380841 9.1685269244524 0.6930523652450766 7.882438103303415 2.2866095287577735
3.296360152644654 6.993645457188516 9.255744382693837 2.3553191498865647 2.302601914608991 2.338103389015445 8.623128977760935 6.891945041516317
2.1737954705543334 3.472394128381832 9.19812474533639 1.8382087243227772 4.933838692885786 6.180015003990851 2.447910979878602 1.5762052714885688
2.7796515756355715 4.074303316586722 5.9966626643311844 6.718530964564655 1.9386723059436006 5.465771661143696 2.4266679328811973 1.7603822079045655
9.63195745399733 2.509872864061005 0.4511796173642333 4.516017066120639 4.259858184449807 7.234598097364557 7.84550002999499 0.7726938708971005
6.567120539307855 1.7137607890329694 6.852169087972065 6.288626202437706 4.597292181022301 0.8300426219077872 5.372110447828218 9.295047963188274
2.349819979560519 8.213050166532176 1.2312041828365072 7.326489407703394 4.596737739920322 2.5183606331861483 5.138124252131237 1.0006980952924804
8.885329535448768 1.1508796664888221 0.28331504322898393 6.291220750576169 2.4476109972218074 6.49693594294296 9.416425775612339 0.17003227235284424
1.0343384546424117 4.809156857654256 4.928172523616388 5.4220160455610635 9.673361459379867 5.447981974808029 0.5193220713570064 2.5202178204828445
6.802344541776074 2.2592558993746654 0.6333309222905266 1.0523013335192344 8.809035642901211 1.9523522485518714 2.797822291554841 4.324364381091288
0.32683103549686 3.944000467493664 9.698580012458512 5.356940980676315 0.18117330317179903 5.717601365472097 9.950582457543486 4.4943154969588655
7.010142184458706 7.539369357235117 4.331231949287753 4.071267215865959 2.193108894895554 7.511237425185097 6.252561878204011 8.669806295754343
3.539360769206975 4.143058081598268 5.963592973447776 4.612564371540808 5.141875043788896 3.20554864202988 7.023489187186 3.950475070695503
3.293240054567167 2.302690515097391 6.162156706329472 1.2028712550534095 4.968155470564532 7.868955954750756 1.196069195621197 9.300216484826574
2.0255283342151733 2.3002910687472413 8.872151956549416 8.529747889325895 2.9556859939372364 7.058689567914393 8.393091208730613 6.458811342718269
2.7778953368374832 7.8957776239248405 0.6233790276742956 9.370139816012266 9.046890223328232 2.6814494455306437 9.253631660506045 2.736541444968092
1.0640289051956562 7.517265718236395 5.078643342975677 3.3312913596586533 9.925438877655063 5.711462710206737 9.256190983277325 2.910032396754257
7.967262308792505 8.626159179926887 6.137558967500822 3.499862349696891 5.651155242719956 5.060741641724189 0.16826209046837448 2.0393428072075688
8.0096216841274 5.70781498766919 5.195095954333687 0.7309027691094441 8.976079257607013 7.305810091052161 0.9195063023756971 6.832629577718356
9.956586584729745 1.576545241690833 6.804224836932082 1.6515746906170556 7.860184985843996 3.57209290324759 3.3559081633356183 3.918974840261269
3.9023019930702403 8.476250535022992 7.771453424594704 2.521447059482207 3.401969507628113 0.26704426817992744 6.126887716580389 0.4093926346533445
4.733806934413455 8.664101591104199 8.897572899900277 6.41596372655266 0.7723007745161414 9.708345536714965 7.551749656210129 7.662134307369621
7.697323082305333 7.493549678508087 6.647815131768075 0.21539254839657573 9.538949200787803 3.4998100072261433 6.091225425303268 8.57565607634039
5.124077335971891 6.1412300791105325 4.193826822993305 0.8848219333996115 6.415923084380553 9.526584573666701 7.127220337669649 7.869695899523724
2.2670053095829217 7.8217126981987875 7.293930461593888 4.170370160630059 4.019111521162351 8.501150206558208 8.475701466930495 3.6743845758550764
7.333318009479743 3.8779970613606265 0.6155171115802407 3.2147911979734873 2.9326311409432977 9.800171478895976 4.346960114919804 6.7090681198423425
6.5123813236976 2.1038203731537375 4.544219223012733 2.1154655817350054 9.294866845976763 5.527217888547391 4.605586572516613 8.484308149906413
1.8542625159966435 1.5401751999021913 3.649898660625307 2.011252289512486 7.387165847196515 7.016766505843672 9.558178772988771 3.6943177011200032
1.8371225396839717 2.781503092574771 1.940852120446705 7.136024616469169 5.046910070068415 7.7229155608855455 8.506509185362725 4.658804251418636
3.821773578965052 4.3407564026747725 7.108626410239056 3.4924526077328366 3.8204667413538473 2.302929174912378 1.1843027750808517 5.07359487617472
8.896269646600418 3.79166080202946 9.337197754273005 2.5428232538497126 1.5650015371188055 0.7250061482132883 2.473945691023009 5.84459542266433
6.253080741270232 2.0283331926861616 7.723083230590699 0.9751075944223224 5.674666912160969 5.940479499099422 3.9765524939230064 4.470564079731834
2.0412389770595443 1.3279929924705045 7.644819269141839 3.6615412852753746 8.883423347965214 7.412458541351943 0.14908566980135696 8.838454222862715
1.8143942554864085 2.589929725704698 0.6200903908978423 0.45215745668442775 3.5379431636975944 9.67243169823718 5.0424782454251496 9.51971275731216
7.2153820372106 2.772168411762027 1.0695416935997875 7.889820210342254 8.05966454600209 8.726715644769538 0.29286346424903265 7.577768414287775
6.653533578967567 3.9392075609390638 3.6604189670901786 8.417257437963798 9.897274163562635 0.5801202852349068 9.843193546145502 6.423589483782088
0.23343445038968547 5.00602876331099 9.183715737665473 3.881452849211975 5.689228959553695 1.731451195706951 9.850302238226938 0.617661723766397
4.17180929505774 2.624028941447387 6.756532441965894 5.8000021984684285 7.248094318084906 0.4491092730311461 8.183505384235993 2.7660008883839473
#
9.882032980218536 6.247813417110083 1.6964324047198591 6.868352046240669 5.9148226642666435 8.937991763648576 8.464752520624257 7.61779948320887
5.927751602599805 2.9523884136700973 2.8875520869711298 3.064305727885641 8.986165030285754 7.593671385977341 4.698290541895733 5.170284832576356
1.372285217494304 3.9534098886892686 7.618488477745207 7.846925599360123 7.548819528938928 2.494263132834868 1.814596843990636 8.754081984051522
5.234757140764211 7.95786513418608 0.3680563370273573 1.3673835069214415 2.946186593849255 3.531202507783007 1.9773047005122768 5.865942470011288
6.739784275831139 3.539251308257051 0.761657734776767 0.6631705032459383 7.188949495167227 4.770392760965133 0.5479320053239194 5.004185205617497
7.543823851783253 4.724533230689013 4.788970809089712 6.389865320697395 5.316471452514285 0.6951424774586084 5.371840061671529 6.648191735706803
9.059365881120172 3.686959056914076 5.01001108304132 2.0959178125825515 6.084638650444019 7.882167440543922 4.862180610329886 7.848048523766465
4.057558137762257 3.7803334215959374 3.0436023444853726 6.197548662160418 8.717843729669191 4.198258115176172 8.734197344953241 6.128603214090365
4.438906990152064 7.151511517609821 1.2018140606935628 6.964268494424007 7.643813264741054 7.65603265925451 5.862995783452177 7.541160881330995
5.294071094771864 6.221397132396557 3.498266851703698 6.816081826450787 6.58687462418733 8.933068005527153 6.5941466525299814 4.431154074003257
4.165359982572347 8.117289648569955 8.448120684409076 0.4615510147091815 4.391408940926522 6.356711491850836 6.150891538476779 6.888408234398441
3.1710152589997778 9.343747118602913 0.18175915021723021 4.035455093459564 9.312141237422392 4.031486267336058 6.454934987217405 8.494883915233633
8.084004006961827 2.999342576495684 6.199153267300956 7.993952043038782 4.805980067526916 8.004907199077985 2.343000798414694 5.649260068638078
8.694319401039817 6.605627236341971 2.8283409992415316 5.588529855254695 2.3948474424995587 0.8030680812786022 2.802114046842817 8.148878094553686
9.189973991373549 8.123016744217141 9.049770492943882 6.0240050866906545 2.3373743331728907 0.9937204875852261 3.6968464177909413 3.133285778966566
5.618944719333421 3.8915606556091364 0.2695272070866839 3.735688408134898 7.865922935846244 6.965611850520506 4.0891607273694035 6.8090489396730085
7.08325986543979 9.333421837860584 5.190099873798922 3.660389312964489 1.137436627267728 2.020626093486935 6.036111389842376 1.6412360914496786
3.183638825531499 8.084848500679911 4.652438636636929 8.000172646495088 0.15723572764714078 2.982447036386571 5.583968661174636 2.796648983947618
0.39971858294441276 6.343393553163249 2.476281848346414 1.8461775796711852 3.459871874542411 4.252593707363725 1.0574927394295788 7.088627193038963
5.146043210638697 1.2568438936506494 0.18876604785648254 8.275470379256985 9.686984862069828 4.116037899201279 3.3202852764330535 2.963061423323364
9.015390974833954 0.6974694930593177 7.651266278908883 9.218734869796023 2.5863746282263596 4.57793447026702 2.7679035053862964 5.640258373806779
5.288575494927023 8.11009709973822 4.720024088646756 5.429294627085164 7.099124981730506 8.894152551783284 6.6587744506794895 2.3839656645744025
3.24601520362683 2.7368245364136117 8.36991892632095 4.003881662398083 9.931995880832428 8.005135331851228 7.04364087707215 0.640908041221766
3.394600896501122 9.63965764504151 2.9919431956116904 4.028434059111968 3.726850510569487 3.110728545943444 6.364645799508934 3.698891215549989
5.17916757206646 4.486034960960046 2.6722882592171167 2.8563518576338773 3.533223902639752 8.507601501363702 9.28776463562105 8.364634074763076
1.9027347856556842 3.3252018451865766 2.6374222912796355 4.177072707593225 0.7377305572125428 3.5260707420474082 2.459806350341487 8.032744904114573
6.298460095992419 7.619119046854116 2.7911201479707657 7.876296359306735 8.580281444576169 7.651551691512939 9.068630934091898 3.0042383447182917
2.0328541848535773 2.0240166607019527 9.778793161601945 6.645515373068749 2.6557655381983527 0.520259330740724 0.672796299290563 8.061293425343766
6.375246300041965 6.3756591481682054 6.28373650334164 6.022157873230092 8.164489888775742 1.4314690782878237 2.4842742472035515 1.1813486294661057
8.914430462444301 3.8478046804428576 9.348943418077878 5.630956184603496 7.329824924045202 1.0902255695872531 6.317389616385891 8.613908672207945
4.001848426636273 9.216488241885436 1.0938044802620546 6.22300253277016 3.2988732850525695 7.4790212452712055 3.6672319108427573 7.810385025027298
1.2033767167137412 4.871865518698903 8.81504803359626 7.757156487160166 9.550659800577131 5.100865944230665 2.3100570148229727 6.395681466312539
6.475322905118885 5.983703698458546 5.335782110827458 2.6459470560299105 0.9378032206296458 2.9100510513084124 7.508628489090741 4.365115062174181
4.339222250573622 4.228527041310102 9.551342301862627 1.620022525701211 9.277700534772059 8.785507854431753 7.873686222295204 4.315290041143375
9.959790076247835 6.599685222620536 0.23839411386018394 9.238305490950193 8.938319618647993 5.842808015340196 0.39905872390350705 6.6088491265566205
7.328745417059107 4.649004195607035 4.722807524230519 8.318404851008301 4.570113120279301 2.4339950005719424 0.34185130079087056 6.969820668762508
3.987502710297122 6.700374359998474 2.029991892115211 1.8427944323264045 0.56927515257133 1.7150298703613291 7.882389216062704 4.717897610079473
9.726835798024394 4.621594623306671 6.2099530532397225 9.430755640305755 0.10251340324816116 8.657737824951237 5.011402079360886 5.668930368222979
2.4539399183364443 4.381877540199057 0.1272914110397192 9.812220248664314 8.242726616373455 9.850787835195845 5.933006652510493 3.359261172499801
5.654456511024492 5.605025602889952 1.9883507758933932 8.64964987596023 7.292582898829734 4.7026394317980476 3.09253413899395 4.383012865631145
3.771360661723036 7.814108126439179 7.921065922400697 8.124431599833638 2.271340816519535 8.042848356322583 6.406710357744412 4.304784267850868
9.720844549003719 6.844316744640078 1.9494232138617478 2.571138080284264 1.244566477088855 6.401734854153296 6.204792541557642 6.957618896152735
5.694728222080676 7.842031603700489 1.7910747581490019 1.905664258300248 1.7081201064070033 7.832497123461798 3.230055565242668 5.879960711679878
3.4540160295097193 9.752352918475484 8.328137443395828 1.5254991299182867 2.786103900786513 0.9040203970051417 0.2358409270611217 7.528435179213629
9.412466068161294 7.850532098859672 4.617570990642433 7.984356101656881 0.5960284455320863 2.1157388007654196 1.1299292813939803 4.895997211766894
7.295446327944623 1.2203833843046756 7.050117243616869 1.1248065720952125 8.866040461374457 9.041956689602685 1.5506204501960004 5.042770921157852
6.706306803262864 9.248783993511179 4.9006035382045905 4.44051108818746 1.5577500373143116 1.9671722234499573 4.874448221322253 6.217481033682702
9.210341682694931 7.414370491393928 7.0505559126149295 5.068803645372112 1.7045701952312533 8.556893195306625 7.2907054572926615 7.198003995778971
9.819263183038977 0.9794666379525943 1.983463644593363 8.650109179527524 7.861855768205564 9.319018286179988 8.86040896426663 4.587403427911317
9.98718751260014 8.50062131894534 1.4619138062493668 3.730435875309732 4.89899432532233 0.19317132554556427 6.805932762440278 3.8578323204321396
8.62115242943893 2.6868540015623097 5.640307178066649 8.110903793378013 0.6732687875915477 0.533991000378502 4.613965459252699 6.365264557678081
7.526636232942491 5.635599746388755 1.7767267091261978 6.169887604895021 2.16594984175543 3.632934075846088 0.8738229496459988 7.207593148867039
8.52022505867533 1.9239234341014924 2.7320787376216793 9.30785232883828 9.564065394693536 5.836589389593943 0.6358427546652594 7.830705488724798
7.896061807951439 3.974462934915084 3.702743988356726 0.5006349472214078 7.803168759810079 5.468593314014979 5.228269122326344 3.7099693515011967
3.146463258749913 2.6881863327320166 4.1514589974427265 9.65498911845614 0.6322405079338322 9.123265709093136 9.796872824487945 3.496981718192571
1.6647752114140366 6.03610885662169 0.8467449434326833 6.588115019499817 6.908466054512762 3.469899175693257 8.531411387813606 5.60030424426084
4.764099816655298 3.8869066935584193 3.822497826528851 2.801663188881162 7.230194949517072 7.8836854021609035 6.157181140502724 0.2539751959508223
2.0839383756122403 9.0413692889715 9.14032036727069 1.3033706521273984 6.299776407249685 2.0110174375961107 9.650032539106913 9.14311882238675
3.409683187669069 7.567851394675172 2.8449707586306543 1.5109195389926708 0.38197348959091393 8.967030372032205 5.499471925746061 3.434706777260803
8.477418356674587 3.145975135475391 0.14388600729729095 8.485110906566286 9.693647873272106 9.773892956209345 9.643178794135615 3.621980176044623
#
