#
8.269603048292828 8.469599539907556 3.4221308855274994 9.760186694844204 9.120132573803453 1.360093411805595 9.983173577169229 9.406738718961538
1.4443391555441396 8.282893008606717 3.9403283001832494 0.9161413716306299 9.773118804889526 8.494012763920242 4.4432685115824615 0.5493526304139174
7.511348199998343 9.741677456277348 9.987667708899284 4.390162545638196 3.2978373660584532 6.923923347628191 8.93227658727725 2.69753268618312
7.0224074696824905 6.846721280481834 4.643496450594043 4.523237609461238 9.303082147509112 4.226937444176743 7.585609057321122 5.188840674105761
8.097870103257678 2.7169112435697835 0.9784948354886129 0.7992708134346804 5.907192296990471 7.5373762680653895 0.5894303898884514 6.441662980730567
9.057747863048629 2.122048654726717 2.3174343965638973 6.163094265366228 2.090426158937724 8.68681660067216 8.870700275879516 0.8604387392314239
8.541125065179338 1.1372229469910313 9.74675316845457 4.554496847396832 0.32704746105639426 5.971954952837423 0.3931915980864291 0.6183784869193047
0.6859602601118286 2.1647994460805315 3.9661669322094335 0.7138791388515093 2.284914301623337 7.505860995048625 0.9418685212013935 2.0231518067124186
2.2374881576019074 0.4971905531005909 4.1452170310298015 5.635560973590604 6.002237296512406 2.201565626880984 6.841586815563866 3.379846310506073
1.0775131305743733 8.97337998764668 1.1297666758251759 6.938669206804752 0.6094706987402096 7.177516099793724 1.7413438811878073 6.31366082848135
#
7.792303907671549 6.532901404724201 2.5083010063875233 3.95831444827102 6.45021848527254 9.64761789804269 3.185238557852627 2.187064989920953
7.617151764726069 6.7502710119356095 0.5392371160185974 9.241050213666412 6.300769060955096 3.6839849083065017 9.092537825145419 9.005567714352061
7.461591981610188 6.3065737736543115 8.237697359637288 5.99353336921044 3.2717870360756725 1.1247227591403575 3.492990590967934 1.3108791136324585
3.296634729333835 8.296076610532142 4.6520945289177105 9.481743375056364 0.6665972086173939 6.601514881023093 5.092683484671331 2.604596352007844
9.40968743624624 2.7124729187606067 1.6526565533370374 1.5821613550726696 8.489419092060864 2.00891024746441 7.793282431583684 9.432801320888753
7.01795037506799 6.808098221257818 0.3134519168789147 7.05952688148467 1.105315066258263 1.6410017374183519 9.307690078243075 3.5981697525242735
9.938962334531585 3.9104346802598875 1.3097134102973413 4.9013034078411994 5.075302149361303 1.4774207403481516 0.9036674656564525 1.2767331381856302
3.3126510113623575 9.143057760012582 1.8622784606675329 7.380574282498698 0.7928239857644828 1.1296670965104516 1.8347770746761873 9.303202296852415
9.137745840565241 6.493033566033242 5.4554342951638235 0.707606508712658 6.2221535396464525 3.2755290225440468 8.775897294591623 5.763914183204508
0.5579913739599265 0.7843197080619442 2.0348001386003567 0.9656029849815182 1.2834401684192565 3.8605965275109266 8.429627548735503 1.8849934471852592
#
9.796930505392824 3.9281308541023474 4.145619621802033 5.448348614130716 9.081579661050714 9.831315212110365 6.541567024842735 5.360040944374641
3.3605675929017753 6.091350684883388 2.4064933218426283 2.5979341314285835 8.023647419426974 6.023152799688548 9.612327720518767 6.623340144654117
3.643068724240425 6.057681074786857 8.560820482603932 6.544549851863307 7.556375812763902 1.591742682606387 9.923897195042553 4.927182919456898
1.344428219412087 7.210758667430086 5.903441853391342 5.3046125429111095 0.3878651892621683 8.36439991204869 0.11519825804633932 3.1000333158648647
3.751103733689781 7.755540631200546 8.230592839648153 1.8022023138013203 5.6276988062490005 8.693852555436049 1.289364541796819 0.9885798774749457
6.05956505106519 3.638752752376895 1.2955647481013002 5.507034827293138 8.569402116890858 5.161073677966155 8.88376117910579 2.3501451745629645
1.7091005250483517 9.989888509022977 6.033419117933004 8.4426377045672 1.9126283885358428 3.14195003912131 2.233045381792598 5.0611034059224425
2.141124470343609 8.863072315047745 7.110263334112303 2.359108626751487 2.932922841651114 4.34279979206454 9.03352083190892 0.898533885867459
4.5858852565372095 4.174485157505722 6.797726508124668 0.6516266626775318 6.249089558725033 9.166477011846489 7.072241554065198 5.341210447785261
8.048273586108879 0.5362913238085545 1.3877836714121004 4.581360465691276 0.6856845424360785 2.891885298104464 5.128954647872353 9.772057726565297
#
5.066306751853857 4.68058171577998 7.0065383956666425 4.206983310928797 8.011903099450727 7.222447816671908 2.294425791558908 2.4978584875464107
5.658874793655443 5.017932390367596 1.5850715300615574 1.1510520153914228 1.2533691746423412 9.971134050544617 9.595959327729876 0.14693208185418705
7.373309160006071 7.288143119550809 0.19843364549997045 1.3042165795700194 1.8224040826252668 1.6228391236562367 9.603668077325837 9.277581537940442
3.6038816903377606 6.916651863271056 7.395937288633068 5.030750035257253 5.962078158187698 5.178210171388511 9.938197689128154 9.459127841077077
8.472133733314028 2.7776333063905203 8.042751469275158 6.575482246704745 8.59622282256517 2.647441753045991 9.7730601627899 5.383134355799559
2.592097279788483 9.415443107268178 4.67481690534037 7.43606864912111 7.565443525769618 7.917076895052352 6.228299866029596 7.227565533290051
4.215440981058739 2.829088903260205 3.791643970748792 8.183246758308552 4.506582875143872 4.958785884782855 1.1306535981084807 3.5526247035019622
4.65516773129468 9.644449742532906 5.493848784347961 7.517631110541437 6.216071055495663 9.165967352738598 2.361618698088363 4.825187682075237
9.141439958613237 7.842211953339216 8.367242722729511 1.7527143309830486 7.627375688980654 6.267899245563405 0.12400871661352131 1.3427779678936993
2.130801637536101 0.706466681569923 1.4310190985400735 8.719222834373177 1.4037409886377255 3.4677065821405746 6.056978346921266 7.0861260006521185
#
4.617610756905659 7.984148937681259 7.259396465427567 8.266860757376268 8.738382299288265 9.817860756108505 8.439967106792603 4.056279474451737
8.830881660962682 4.2628616829199855 0.6456749540277924 9.849347089556826 6.582270210919033 9.789637487507342 3.6911642954547803 9.701739540265812
9.33982700223332 5.641699209341709 0.6836754010835833 0.37455454366853314 7.304620182666606 8.574211561988157 4.386381295401692 5.501579272619351
8.278627196356801 2.9153602485231493 9.652779078181549 3.2146749441196847 5.974531164514956 4.457476417489228 3.04087960477706 8.847853817743681
3.390636678119338 3.7034680676538185 7.29204432320363 5.9048313145653415 8.92810580422592 7.643193446261154 6.821396018651173 0.9591184217736863
6.119184747983046 3.3281957086590572 5.605126943242533 7.914350545677438 7.227338873426742 4.862177026018541 4.537033231972491 2.4773050067311395
5.078023356229072 3.879018290440789 9.694394004727805 4.962962033928596 8.309632812570694 2.644505782540539 8.104326810258051 8.145944899296374
9.810949818897281 7.877683467051872 2.089240199057208 6.4083760022088825 4.238494575509916 0.49502042200067464 9.705012737995716 7.199739881220679
7.480118484802106 8.071887139887988 3.301259265456176 9.545872190966241 2.980496684655197 5.596151541812846 3.0477560864989073 6.15144653508939
3.325638794637201 8.646099128060998 0.18557435344801565 2.602309665096064 7.017273940604011 9.554891609122253 7.4347773980779515 0.4954053263285667
#
7.526136176561968 7.561348628697765 4.78084077728699 3.675716107181673 1.7223291002848016 4.809802012951067 3.6003327864572245 2.2695248292106025
1.6883751171497567 0.81916253817481 4.9024623805080685 0.15448596384480684 3.619983827571846 4.121981231396082 3.592255380643125 7.005345177267525
2.8856333578554056 5.209810716439925 0.3275850432174243 9.226267386525 2.4509781707546154 3.824414836097139 4.853237055103117 5.937219942497839
8.794601464375063 9.055151374080488 5.9128737324296665 2.3015101448985535 5.987927397931443 8.637196037519537 2.0072523709287053 8.716176070614294
3.138182238696185 2.813524592519627 1.194542032350912 6.1144082670249995 6.4286349056471686 7.826608978136584 1.858540839913427 3.9259705078266487
3.742356992883691 4.588119944426724 0.11696247914036739 9.824536869063632 6.125215804757367 9.475761814048923 8.971246022363484 8.46324637686211
7.5503853635863365 2.913433763003776 1.8964207526870118 2.5492708859730673 2.364989667994666 7.798506287613071 4.835086226925506 1.5748014592390507
1.1781123973960312 9.146501554827323 8.864670037388493 6.442152053674718 3.870971158803666 7.653410183452864 9.579713914852988 7.3553909386520715
1.5962010818641166 2.03513751795635 1.1636812269253842 7.351780177164306 0.37260681735878 5.561846217795239 1.405081232952671 1.6893099839192134
0.11381818292751333 2.226477830828278 5.359469506030313 1.0914008456844368 5.801866291615149 1.2376442245178954 3.3792022224350835 1.9403396722605306
#
8.035809868338008 4.530487615610586 2.653509441251752 0.8806935835235503 9.810523749156978 0.29441075037336173 8.131286644838118 6.306521214511367
4.764183276941576 7.157439048869405 9.40447733429132 7.508854222334655 1.4782527200943445 7.415915186671986 4.674511851632155 2.545161621690532
3.4545504330435186 8.67550231046637 4.282182974305978 9.494232673976626 4.517562220098348 4.077576244628889 2.1436263818977457 3.8381370067335983
5.6033410134383805 6.0593209675302075 0.6307712629858333 5.726620652241777 3.516813535375244 5.996646100433228 8.853238967783572 3.732038825443489
8.78950196896668 6.3106830333268 9.453143373435164 3.687360024949852 0.12132669975313437 6.474647680792177 7.877049896802532 8.937427166613617
9.301625149150292 3.3991028169051516 8.02804667178496 2.500594949058861 9.11215676419953 0.20350859010440914 3.7777604876616406 7.855429439108221
3.383460345127028 0.192408881439456 5.987536901616849 1.3446926125080072 7.139213706201225 1.2285389004458063 2.7176768547780057 7.545447152968368
9.797080942743243 8.627158469794587 9.372304486511812 6.165221811159332 9.809315831623813 4.07708162349348 7.902296073281275 4.146717379963192
0.6944099064554106 5.82031278053073 8.733072281485207 5.024673332105082 4.0266849797164745 2.7207205597708746 7.772209951705814 5.168255261801709
5.249915532278808 5.395713101151798 4.311638987847054 1.9286671030518288 4.497485383541203 0.28609380653037064 1.955534356368131 4.872456503641432
#
9.769084117333191 8.668212471208118 6.725156212569018 5.193156657494408 5.345231450417831 9.54386110417402 9.31712947396262 9.92896969862724
5.1513958828992665 3.841899763767584 0.4632855724574263 6.572002205397468 8.700328834389879 1.6656855204644807 3.4055669022853405 9.464332786694712
5.238007484187373 1.3998613945790241 8.118170446406157 9.326325166476035 9.732961473703142 5.064864577100348 3.6456756918448194 2.530315517047493
2.6532453178435667 6.966744197862396 6.151563648716911 9.152656566538536 0.996151637226844 4.269754698574486 6.27882379780729 8.526877014985512
7.675011177529816 9.411111885370016 8.691988038165027 3.3789252185562915 3.851715021208328 3.1114795271683198 1.4864765041127042 3.0949692002602314
2.151054476457893 3.5706591372193435 0.9852466016158568 0.2924208813212852 9.48170216123846 9.16567336314257 4.285821098726201 4.677423209098033
1.6911546664641128 4.305156227167499 9.757713891125217 1.7904876318155987 6.300635348854269 4.1275219151930695 2.792206353354781 1.3511489760598976
3.162505241789041 7.070527907488991 5.853255441576069 2.160627003412374 6.43883166750633 2.8182334487019647 2.824173106689512 7.316828711299884
2.2906938388572753 1.0492527787571895 6.945043705146537 2.479774982186447 1.0285736787781516 1.4562429785277327 3.2379419307196375 5.2473190110403385
8.402228856145458 6.174540661071553 4.161981495984826 0.9298994268709553 9.308051655734435 9.025171889731467 1.368533356305801 4.260418867555079
#
8.894315111251622 8.207195114427524 7.643008101636779 9.759883217771975 6.322654762298953 3.4138649403266292 6.426691215433341 8.919815900612114
5.420584146601749 0.7715872245658151 3.6213234011249904 6.455670568581128 0.13401242585014828 6.996638689084593 5.3228325586702745 8.55663070616001
1.0190604370248177 8.334891717388501 3.3703786528949573 1.2286260925649257 5.1013519376635905 2.875701913406537 7.563034460556935 2.465241291191252
5.417463297086643 1.3819693306302576 6.110663825706733 5.1441651398302435 1.5551872984983923 0.5224775008327507 8.751897617127257 9.32547393286961
7.91544708217621 6.533399771522591 2.629927198910137 0.3137850895672534 6.63721793663856 9.032310779924112 8.269402430583584 8.169985626921985
9.06314089857348 8.938015814262446 7.092119109826656 5.009033580254538 5.0502387151355475 3.404655904032908 3.5457205522795485 4.2112549848531495
2.60977474606125 7.54701887464547 0.7493902252054276 9.7682875819314 0.8178158928099588 3.644194617516872 5.753202163335681 0.9319925655801757
4.733808568675026 0.46650575695477947 8.680147460412734 4.413463782580444 7.165303786312068 3.292440531855086 9.162663325321084 2.1215321681395944
3.719733824666993 8.048566003678964 9.925774466007896 8.220300926424168 4.31628119427857 6.180192647532139 8.343725120158336 7.298183858987918
5.782838245302634 5.7904768207670365 0.5846000243990215 2.7361381926541535 0.5850749606348282 0.7295693176983775 9.10059447652907 5.299093475623311
#
5.288097078105923 8.99512280520171 5.768262768843738 6.723122257639915 6.214886623845642 8.788759951977703 8.071704881689907 5.221966662880026
0.9859560347944392 9.008118492401698 3.438173237370367 0.8532137310605528 2.3235153317389807 9.976405101927558 8.71948582140484 3.9134180927563964
5.858763460886842 5.25131235569746 8.086713285333643 6.179742222914878 6.153818821349139 4.8981671215845655 7.321604565291573 7.591317357807727
7.134966850463526 6.600090093060883 6.070639475928768 1.0861098581543445 3.027881494997507 2.20483085153504 6.153998207488097 8.308275573318422
3.923518894187528 5.604354057380546 8.964992286501218 5.1840949352444365 6.230483218743578 5.938820131213595 6.690589976040783 9.679300418945331
2.0544880485638246 8.807060267836103 1.9748008919239042 8.933388330015212 9.532300787298546 6.994090478830992 3.8781078453939655 0.517163218736453
2.274537321511781 5.211966065424952 3.4512482519497274 7.293876577062504 5.2259112562928145 1.329142878735238 8.816984287804686 1.830639209663644
6.814506714084303 6.416620685874163 5.412943766304045 8.905711144501277 6.574344547098582 5.218973739857081 3.635992330146486 9.2369260796781
3.1781127486676235 9.194132281198197 0.7339555674195184 6.465926848448796 9.482857699420503 6.663684473166635 6.368228631028493 8.139312044714883
1.8210091908162012 5.516137136394655 8.077596834913734 5.692360020322344 3.7866091750414594 5.538583209665628 7.048070553433632 8.538617100633825
#
