#
3.7014460873211372 0.48540725748413394 4.033401914635534 8.700018979317978
5.092679077466642 4.529788935366037 0.5437175835700971 6.757663337143059
9.259004801374163 2.3053202010121474 3.043863722610721 5.079083860602482
6.649579030158831 3.842097922016889 3.917058791887727 0.1610509723683471
9.47703772055149 2.1363456866672133 4.364490695883168 4.88212157267428
0.9153157468338762 8.19363842602904 1.2034932656105353 9.57337530803014
8.288091175150614 3.072700611483934 2.6086204087963836 9.683999319731724
0.3685111481040968 4.122445714350893 7.6417331102284916 2.3982892757394088
9.034945290252786 0.5021021337835352 4.444354122270447 2.0134892801203503
8.82001382151386 8.135930439430739 1.1384015077465213 5.246893153362184
#
8.531731426478768 7.032510516206387 8.08999064132571 0.6350653463474156
5.505328727363453 5.402489929798173 2.3493434897389593 6.285617003644727
3.562807976364346 5.093332150518738 8.127122299717069 5.565626239454287
5.948446770896774 7.989256579042239 9.340532228744248 4.632902445616876
6.198286269639685 0.9267102702932215 4.327017628954961 1.1824141587904684
6.8978919672425585 7.95470039241591 5.724112572445095 0.26299413235694935
8.872126677358088 2.1934388705164745 2.4589420149822114 6.083277946741617
1.7939028950510316 5.264084985785671 4.75568317594139 5.186809932379241
9.277918908076341 2.0218370213806245 4.041220565440883 7.501278055378068
9.129862167355572 4.411604193449394 1.8731956691069516 2.2355556698016716
#
8.676242114632913 4.441715997665122 5.558584784904631 7.699819445668211
8.99450293140125 9.907454870934005 5.857150147368002 3.034825661425671
9.0476247144159 1.1288487302322983 6.997268456045368 2.1717591552812974
5.233287609993314 4.7547183530881805 5.609297719378792 7.54892486159199
2.5456352740283203 7.301808886265338 4.49727461681405 5.747709516225781
0.8857924957610175 7.630074677728134 7.031110790763309 1.1375685184000912
2.0607668215899646 7.900607226451535 3.505796042283949 7.593177654580953
6.417406595118205 8.264498557898797 6.029514530505872 0.2836089314039816
4.439411887081668 6.764948925938213 4.64329547099613 8.348483154014332
2.225691628846268 8.391560327457627 0.38217097938344047 3.9660456787599356
#
7.479452416028234 5.2146030882291035 1.206423143939213 9.541000060758321
5.459985234194897 1.052148199291468 8.357668798930867 3.1536165507285894
0.8164979081057231 3.589780394067005 3.287530334186165 3.496077074889577
2.470228568841756 9.47687083916433 1.608581535275695 7.02481606006036
2.8104702083534723 9.038577785805934 2.5104592735321396 3.3221574095012985
6.224095975927565 3.4576060457871307 5.04280260370411 8.692991057560544
5.022555204637478 6.109936012271777 1.1019274241179056 6.363539634927534
0.21159859056621677 1.1616679711061684 7.598091475746616 2.76122163217776
2.348592441668406 9.42688282301577 8.601688761369253 0.5396364175224759
5.703934031341675 3.3223566188412614 5.298900607402646 8.278321538732463
#
7.044732460075695 9.299428590957408 2.0839684584722775 9.50867328812803
0.6077491274936468 8.749022084334637 8.079442817491815 4.553405561741303
5.632926440211694 9.737599263709876 0.6473329942201573 9.756352078706573
7.175422910373989 5.04436531504485 5.9520529661332375 2.614185648007361
7.1917877580369325 8.445490657350861 5.231347619342 7.788612806899151
1.011921620592922 0.9789442873860112 5.246471997931709 7.810047940714296
3.199363722640407 5.938331560764539 5.9885312495144385 3.0367637942281465
6.286286370907045 3.6273217542277 4.702832980000608 8.077335738001237
8.729689258611689 7.893753691237363 5.129813349754506 1.8258876529233263
9.98768024131136 8.680554126466287 0.4649998413899441 2.8855149464997263
#
9.973693707544285 6.613564741067487 7.637958113520396 2.4526550153276543
2.024769854749266 8.355534407218345 7.675337529653994 4.068710152017584
2.003126270755456 1.8271220897503944 7.979310834228366 6.850014988309708
9.475393600395275 3.508613449302179 2.3992799793950463 9.600325671269168
0.475119878241121 8.518047203442093 0.6713087109665636 5.636149314671324
2.5721069645886554 3.9604937349237717 8.618113027924698 4.821850372425246
7.819504598753877 1.6314434186279403 3.204806270067302 5.107825390658766
8.70903439134337 7.744299935781001 1.4511903811248925 4.676366196835033
8.124984480434792 6.380990120938744 3.0736686867251217 9.211476226724097
0.9078909369320352 9.709491359223493 0.5821890875073583 3.9242011949359905
#
6.314610839254365 9.157406615793567 6.368455249401381 3.9789500501539905
0.5349126247886824 9.449450002214743 0.6931207714237084 2.8686676459197575
2.103483406396928 8.043042466950846 9.739297540390236 5.849354099621846
8.49450272199337 3.9845464417558505 3.8722621101937866 4.307034422447214
7.816192070410166 5.2404787550658165 7.140768834015068 4.787199951833394
6.430972093316021 1.815041874853205 7.953562480747598 4.751780990348612
8.715926667085366 4.211153981033981 1.449038630281351 9.868861133912313
6.10793071108822 0.225714657426745 4.011793973218136 5.148412468097734
5.5926242659666165 6.682094577288277 5.785659515540036 6.737531442797634
4.836174428459763 3.105703435944324 9.541635896845637 2.382434511308659
#
0.8348038989316677 1.5276771626383243 3.025246016559015 6.9949740473052895
7.767280412585773 1.8798404106939768 6.199547234980749 0.12549934987339562
9.502314685227422 7.498719514009711 4.805375291629549 0.7366738907030488
6.7822479119832275 9.136598789479258 0.14157130743646285 2.591753584668448
3.4131848639257214 1.0688743616731076 6.1364133593594685 8.036389383484234
7.1557232033009 8.49120986471912 0.5824138203711273 5.060980234693498
6.821835883956364 0.1901510004047653 2.1909620283965396 2.7243579350585017
2.8901836053794674 5.733937317362041 3.609880078015821 2.412975852019846
3.6220410955073405 1.5643147623199765 6.8111447936997624 6.360304557674169
3.5502031611977616 9.40351639309747 2.490731175486168 4.9242176659345205
#
0.5847375789738107 1.924472859472612 3.3143827754222746 1.813145912453333
3.120734495662789 6.940337170122735 2.389705850449322 1.3193180508374507
2.447494337683891 0.6130456240296001 2.0781454945979974 1.6707019151702291
8.608860919964235 4.016300847117393 1.3490653755373936 1.296178453659214
2.4134134468770148 5.341448245521506 0.6473967557766924 2.002941126668113
3.182765145607471 1.326382119971416 0.8850106295279714 7.018111892665763
4.779497243703691 4.834425657937402 4.7747666534559725 0.24149282823584262
0.36599680786393485 1.302259778383248 6.794963133159317 6.432663176018433
1.7159799502850461 1.1571742611953924 9.235878494960694 8.288768324171837
0.15238304953146287 2.334176440556574 5.73471992350759 2.171791527029544
#
5.01108270684748 5.197526725951472 0.14319799239588793 5.524045235937006
0.2441256121020121 0.33677353944787125 5.1828599521268295 4.383021408047765
1.457306048392156 4.33408781101091 2.980695209403218 6.582530669340056
1.755983255199618 5.970184780173047 3.18214519574124 5.998524966474744
7.085626993057231 5.186859116967967 2.241272614125924 7.058299283661949
0.1859791916180349 3.9901475171652034 8.496530755317428 3.2366700096024825
4.500714080489872 7.226471467776333 0.15795926987378817 7.889623810825782
4.643255137697154 3.735652159337339 8.811738633169266 1.9872250762389094
9.818413503018304 1.2362478321386141 5.176582386932937 8.973945446760382
9.909613045877688 0.328553544887936 4.845948087143699 9.459735749501208
#
