#
2.2669426336923943 7.417366118209289 8.125994191313161 0.14674753015785136
6.426336718973782 5.475970698060927 7.817738897834843 5.550951865967584
4.385588302820825 0.2689494575883602 9.377146305662382 7.947224835119496
1.7472610651974705 6.336427744870639 3.613713924275644 0.6942638140740485
9.45191237109292 4.773251294210379 3.3247341144538325 5.163853259550839
0.44825365757528957 5.111469602645717 7.845859910989148 3.0539007417401063
9.541100972376555 2.1044894107977132 8.116862564619366 1.8904132578616055
6.29293982548242 3.4619726520990888 2.6849353300721694 6.209012559908212
4.238022596619097 3.3127379891143036 1.3635741815002569 9.970628489768279
4.789537872499679 1.1811098221296228 4.699538269487568 7.663127889999451
0.846959928352609 5.411828363188968 5.176236794778666 9.640011203356556
0.6676223746774763 8.467446325374173 8.136960471395161 2.176755708345853
1.3386981433696805 1.5587870949899743 8.921869528915703 2.6533238592099684
9.79096055939816 6.349358163028806 0.38540329060875855 6.3016552825112955
3.640948003621527 5.729494988727265 6.581306314685221 8.385388237828247
8.79074293361994 2.001585019182317 5.971031180145459 5.064982356879623
1.5276020603667946 3.16996504194568 9.700783697783663 0.8955804156245613
4.82229556463945 6.47961224013232 1.572467968827688 2.422774504072213
8.917349410352145 3.190121475569932 9.31968613904195 0.6915188470253524
7.519966440361451 4.766603966387129 7.799771791545155 6.139685337732007
6.275479151267903 6.111577744423779 6.931235082303461 2.8533452289419583
6.899905727861893 6.957321967651909 2.429680762085989 1.8235567441381408
6.93037821982996 2.8612013640373943 5.072323316946235 6.73157718940209
6.037597224043588 9.406061143510989 1.0750842329405907 4.934387892364614
9.976901809109119 8.705701790856128 1.2077705545718245 2.9107909638110523
9.269490258190661 5.661644357608548 0.9377657985751897 4.83522575921035
4.880790502352358 0.611788157714015 8.280083544699028 6.367375772380591
0.8517915592998708 6.357765934012775 1.5928773741570477 3.7476745757734573
9.428321876767633 0.6623455607361031 3.9731475894626103 5.496587557798854
6.284068583448899 3.3881217777584958 0.29997903221519095 8.914630026757864
9.959938764085514 2.999721259565493 2.3149291842162905 8.175929519237469
2.063172795766306 9.41032421739314 1.2042626340068554 9.98867902407392
0.9985864726008344 6.730549978786276 9.448246312094444 1.6005230237381816
9.156650618837833 6.577200189844519 0.8228496696969607 5.542573910460941
4.596846158999681 1.562694406954733 9.208017463087575 2.217507470484708
6.541354536263122 4.333372804285812 7.996754923799717 6.189864557874357
0.3840442442181615 3.526677002379828 9.580292351248277 4.891417614380227
1.163791390907436 7.453107130644636 2.2859799116235178 2.1499565961304947
9.875237008353052 3.240989618792894 5.758881302971598 0.6659984465260047
7.493330567596324 6.5986852550759645 3.402069045452417 0.4201012476976258
8.01310783144159 4.49429000109534 0.8110802411011138 7.276886194461698
7.358725159570744 1.0757147559490319 4.291141650486072 7.632154030092562
9.673998233611695 1.8399031446990328 6.656607984566737 4.089659598967913
7.117297405672096 7.3351699828135715 0.9865355268904317 6.511128575764859
5.056094912836816 5.66023313009884 4.303594055202229 6.37263246346792
6.967300404612278 4.986672958810039 6.193450630256779 4.522858091972968
2.931619712822516 2.5301227110624596 8.557134187805264 9.549219458317204
9.111903098682385 0.12083098142659932 9.651596921589597 2.940150302366854
8.345064737506924 6.247878386498866 1.4604904589267655 3.25367685698524
9.372629577788206 5.294956387403643 2.1463449956142213 0.5857094252332367
6.853008264001228 4.815096914410846 7.244720741197169 3.990441416865317
5.425371438119414 6.640168797595 2.8224625119642495 1.1345795323570673
6.076136714645227 4.124338636424937 8.67856401077671 3.9343828289267564
3.1210008318934124 9.06332211259597 1.6977392792114379 1.7962754440834452
7.288206065129071 6.687806498966601 0.32233972050536863 8.568523142328143
6.736293553045553 1.1327557771193688 8.966901470515156 0.8307185354364846
5.284039010697519 0.1288682222084292 9.288509047529313 6.650785129028555
8.852220610762533 1.3813259133210694 3.7626525577187193 6.461489247416958
6.647595020476169 5.228530952236273 3.4111886491443 3.544567104753704
4.555380125438184 5.117587819268831 5.711640303037511 8.541584034518241
5.587509476728157 6.324167705880051 3.465691973272639 4.352562822285705
0.39080233763456373 5.960368660653561 6.9309226018099395 9.469872025242045
6.830184738542927 1.7677746345330432 2.67726826451888 6.879195761314872
1.9408923361894885 8.238421704012067 1.4791432013337364 3.985796158582856
5.5485263705483 6.2714698212736915 7.22438729330301 0.9331459969708567
2.2884308037903227 3.627676273737493 5.34311344050642 9.622303695714173
0.3628076835565279 9.340639645138438 1.2907737201407485 5.278151865752449
2.3351344843360438 2.407192105813229 1.5733390463803283 9.938077288537304
0.1915074144586697 8.97856480119018 6.270980600808044 4.727444359957577
1.482330645279104 4.418522326943586 3.076969484804889 9.426787365082834
4.665485509185932 1.121572746469539 9.006992437773615 7.591116477325818
5.684457120912722 7.629985551694405 1.5583601055453435 1.7189044417741015
1.0719802100961044 3.316826415985549 8.245888882548522 5.198426448029565
2.4169163816764287 3.7770437798292944 0.41687528220165326 9.290518502364987
9.258162165504917 5.224416725238417 0.4945944721215856 8.410975062186125
5.8832792469144986 9.493052656446363 0.45720284166913494 3.5424062675080275
2.943524469340575 2.9020905170943796 6.749126558610966 7.383287424089687
8.544983107269505 5.58769445024377 7.624060993914972 2.184532617482946
4.53102637563856 6.30357754522785 0.7608595720284752 8.693592173080797
9.376778327121116 1.3512298754652097 7.9222292584768095 3.393365941043795
7.039991133029105 1.348743308451665 2.6141817778731187 7.81124624860502
3.9364410488369037 0.459425833870057 9.575480988371531 3.9053641290299974
3.4084515837157263 6.159063768342385 4.204798900209087 3.997377587167401
3.929987591919486 1.742444001997924 6.024606038554247 9.542582327917355
1.0099904766213124 9.565913394167069 7.694196677683898 2.548701257072086
2.5040939053879336 1.020658952293605 6.050661455723611 9.92795812067994
7.114518017709376 0.9031199741999432 9.008780361422986 6.12099830349232
1.2104093706841597 1.228681012051804 9.836279487932632 7.678503841145082
3.1127156674076604 2.70367543516999 9.538701615922317 1.3693061730170863
4.190399790308531 5.97550235384272 4.941013280975403 3.1945550889113346
9.05587222173481 0.25819863956612465 9.631053716568521 1.7185028075865705
7.20742143615089 6.308315340978632 2.393347010585327 0.6358804809828005
4.75770313246355 1.707264530136544 3.58146206029492 7.444654388654664
8.93752276054293 3.0232897247824093 6.799795718386256 0.5739974608700713
8.486328537467944 5.6884106163257755 1.758655514896068 6.9569296250135935
1.6472996236982982 6.437519788809009 6.974579590052501 1.9578652536281997
0.12000570699339796 9.158324787278735 1.5133495384276259 6.583291608265902
9.17782002725355 2.9262308424749013 2.606658372901533 7.338873397020826
8.29399434461817 5.601816256612496 3.642685804537657 3.1922950273245325
4.586964399329611 3.3024795678799226 2.743875363188301 6.505132151966713
8.155936650071745 2.0693742836637825 7.260498160568647 3.385378255959455
5.603252078721591 5.671284283446447 2.8236534530002744 4.627739808703247
8.036717639557718 0.30469132979742497 8.780993763504316 7.649913230189102
6.417272576449269 3.89016181990508 1.0517687578689694 8.32583578305222
7.915087929569438 1.3651281752426008 4.116005937747193 6.697887901321027
0.40415821239681815 4.764327836482396 3.9972400464227515 9.921987038308751
2.4136107730128824 7.002586444619248 8.371642694254788 0.5193274720267684
9.171166835450839 0.15786485611644174 7.743610459494779 3.762865945257448
6.653365768655987 8.335599977310189 3.485064134219443 0.14070557062297695
0.1423559788829536 5.121763560425435 7.7084325804045495 7.629377283686627
9.395278576096818 9.128796481289621 0.24431674464007713 8.936730542449917
9.950436641764929 1.3114171429680228 7.851229970041018 1.7411917750004657
5.944209338094622 7.432536083246241 1.5652825356031026 0.5261911124634064
1.005427055888675 0.14539633006681552 6.445076729565644 9.937832601086198
3.5995902969384543 5.436129443204526 2.224470100150087 8.7859759701034
8.32590759836042 2.7055312855531297 7.084368365009867 6.303466071992522
3.206352641097352 3.5723484611889225 1.3249259053205429 8.78903611221794
3.9210043003947948 6.577872164088271 0.8449194271571274 7.750508548505723
8.45701354525681 0.39770793641165536 7.412550668526103 8.497377141459701
2.143641157097565 6.067340886061392 5.243873183194983 6.990654728547822
8.251543690357718 5.167367804752981 2.5401833313261584 4.422726214740594
5.080498317449935 8.833944682051415 0.7276729380892757 8.305539676536698
4.380841014983794 6.950851930701372 1.7594198883067391 2.40549437542341
7.675532873469762 2.94097896287939 3.9505625970430116 5.977955585608249
2.5394473903787893 8.548599460743972 1.4575725759397193 8.948080159443915
#
5.550000502145849 8.562370698412966 7.55869328787287 8.31642738989704
6.398003602178768 2.4889471519363453 2.4478831075359793 9.549119664635304
0.18029247076024557 1.9343480774863497 2.2868156600829246 9.827971259383013
8.80386545934106 3.4661267698314333 3.9790079385109727 9.163487251315612
6.297723832341778 9.618132244206064 0.9869606677063176 4.973587274277486
5.210285436003535 8.317419356705486 9.111548339450161 6.265519398826994
8.963991666635032 8.122721804951485 1.6601943900599592 6.336801137911808
9.247098237717779 0.8570723908969828 9.156893448440101 1.932921316424133
2.8738947497270755 6.317343301551263 2.275677996903117 9.118662867850778
2.1925728663202775 9.080800765992795 7.289608646496108 3.199503925687052
0.3021110405335454 8.825317207764675 4.303339605977139 9.380614969374289
8.016878529281094 7.152095004311319 7.47242296373528 8.997268851112404
1.2017870089392608 8.703244958644092 0.6976562714082313 9.799081615439867
1.8929656217673245 8.635035094242784 6.963245389054819 6.3105545052235374
7.637688349720018 8.87223822204914 2.897829241130461 4.9874920004600405
7.863049304697907 1.3188736746015195 8.893179714363809 2.698062592616319
6.563527510364896 7.876487097685804 9.946695005660107 5.454525320721912
1.1366488647848945 9.008438496491507 9.106542990416415 8.506161384996064
6.411095839892769 6.6357924041538014 0.8834807094497323 9.34258417207575
5.899213942640744 9.27930862741296 2.4563706415487383 0.5986166732964602
9.106009838510307 6.324602442508238 3.3340665409537182 5.253013615078063
6.921455647230953 7.889481968907519 8.496963403594439 4.2563422262683375
0.4851271556539283 9.479347653623984 4.603125003481545 7.216766648615423
8.020677380676073 9.355120007112884 2.346037330174827 6.7656473318849795
3.8947387480746807 9.678678740311572 6.030869868113862 1.0674320048227512
5.452200962813152 9.747970956097816 2.378753727820877 8.915298170052772
7.697542326908453 1.5184909760412966 9.03405293963944 9.470759042031307
5.866869707153381 9.491605807105454 6.077675347711815 2.5440394487218088
8.81231140151208 3.701318863861104 6.019601092899591 6.748869910393578
0.8855589600129887 8.269022977635968 9.137036204544604 1.2909558492575197
9.820928776792933 7.063438167309723 6.1168449279775015 0.4754328151292704
8.706654749754037 9.167901610796783 2.164605591309863 3.8491212706079523
6.9528983811621785 3.420484278251064 9.608612739704228 0.5135107547658286
8.306260415854926 4.750407551392076 1.3356154120260881 6.568558756336234
3.78264033969786 9.676199205924338 2.4749069019045926 7.7687499756269975
5.940659638981023 2.6516340166101307 4.574577300535649 9.32545153034745
7.913210960562157 0.8583255468188611 4.770008875457572 9.955449657306414
9.3788312155122 1.713447356564795 4.322804728516565 4.104996560643193
6.704334768176622 8.638859570582598 8.634645388551206 1.8575788015284522
8.063842523031365 6.405660341227348 3.5460007347855713 4.084924200441438
4.666508178905702 9.737860667190482 4.654989115033529 2.196139783958471
2.427879453165894 4.3281816818933425 3.7706186078536827 9.415010389840464
4.921283308945429 7.462342356613917 6.05920848238962 8.545425943749823
6.825325113086804 8.522432717860777 7.874236751772518 4.458740649048411
7.031545603457267 8.424040119064514 6.802493803564574 3.9095040662585534
6.117114926890264 2.997885508986163 3.9273779043875114 9.514794554297065
9.267766679268743 3.606816229423698 6.237927842626331 0.38686355979574394
7.354603192304401 5.984587589636116 8.582934533393228 6.146185289275875
1.0203257150646126 9.360352827378165 3.3000531688914756 9.188558591771535
6.905211453711431 8.533852543561686 2.572153191832395 7.785928155397048
8.56040285616424 4.5857603934211095 7.320424506270891 8.35123735729168
9.996634425000902 4.552628863370658 4.9711294117200024 3.008048013587959
3.830672269216895 9.404834951752527 5.1394740300228525 6.039727510509484
9.318171399847644 3.839894029239633 1.2655523503235426 5.570278910691915
7.542989636164389 7.5963980257852 6.156744995505257 8.214236336169819
9.841890500297744 1.5589245412286656 5.206677645690897 2.2119779706611244
1.4884000000167634 5.614292308563434 3.939233409471165 9.806364311430688
6.86477568031167 1.5548034590912985 9.16208281440476 1.820124887039448
4.241174434868427 8.579405411223277 8.62067013787354 6.040274886714824
8.650323479855508 0.5129267793993755 8.877948018495912 7.623302641225351
2.712085402841234 6.672694915561633 1.875910846033578 9.193901723540366
9.310008528376931 0.297746227529772 3.323978006856976 8.762704117599107
9.176327335607802 1.2125228696648311 6.5087022897225575 4.981713359880194
5.994845243297714 2.747443039179184 4.385782752287524 9.127032172604704
8.873871630761743 6.944695227103004 1.9561310024480636 5.72501243973966
8.965929066440074 1.809070200091011 4.425050413602742 5.721404628681811
0.2557053003939105 9.478744447447532 4.0553930131731075 7.676269609650194
1.0606933681086383 9.379027117143625 6.907766085760148 0.24513416355362416
8.572528673643834 5.190176658737514 8.784117676395486 6.268303341515899
8.220129716203113 0.7553403779643908 8.314371869169262 7.651877568802302
9.018681953514154 1.0809581309163376 5.720094522547464 5.307810239600439
9.62551527094923 3.861558478305013 0.20160829195557284 5.360391543039677
7.583475015972153 6.6813019834764535 9.124396495934203 5.244934664898304
8.899218084977292 4.4703819644452025 3.187274635708256 7.0100768716214406
6.7754229705839935 3.9885391294813104 9.758117915621987 8.001265923690811
6.84228759107466 2.28641128983265 6.989876716313855 9.473966412903733
9.442537214069752 1.9747823641460345 0.6941843345631336 8.663045977990386
9.406469254814198 2.78998556245118 3.5569474636593243 4.103331361048233
3.9572199010074183 2.938152462543955 8.56268074710683 8.0929890618294
6.276532304921777 7.571337136305249 5.781394129719444 9.056248438429611
9.703749287839454 3.8910113915896534 5.3152694635012345 1.634984466988822
4.546346609759225 8.243039942810555 5.041780978159927 8.587839641570541
2.2196835946453928 5.408244420648144 5.959638867203528 9.436416484971161
8.09706805423998 5.480986594881626 6.281649191731505 4.6616702552446325
3.514668966984532 8.616109261886708 2.6186561947382647 7.602295997425051
9.476281654445055 1.8561520727365628 8.085212659797449 2.356238123519867
5.566874128397758 8.34550720287848 7.8145568015437 5.827765810833723
1.910987555342956 9.944140574148424 2.35965830106513 3.6041770859980433
1.4098318861238264 7.284489367072119 7.878728813591582 9.040038564403085
5.855150336750119 8.795053175195365 6.3499314154265285 6.519978145968629
5.026018290192824 0.5428709231300441 6.337720210661115 9.552960386779848
8.81393501387535 2.6583426350048605 5.836896847441535 3.196367226831234
9.920195419706916 0.5762449255041409 9.436593218028218 3.0560323144090433
6.581254218851974 8.42294199440464 9.91230846875401 0.5384820802576096
2.3322036309824794 2.0079482805351603 8.023356626898366 8.141680057461299
2.118042588645602 9.285134278944492 4.40838146651126 6.7911846189855565
8.968594173648999 1.9414573734839111 3.6511364097709618 9.305335388531754
0.16117610978222796 3.5600821825000644 9.88212955147776 8.31245777545554
1.6535201280385996 6.731116325333974 3.365530490320066 9.322949169313755
4.48939685598933 9.780981043686854 2.050700740725896 8.428441286896923
9.311132063614469 1.2277325410344009 3.6797467079315673 4.8621850728551355
2.0360826950953532 8.841654770865956 8.697713372774356 6.010784991635193
5.3026523256797 0.8937184039139456 9.831340945391297 9.087427915641438
5.804784089316331 1.0355725341908562 9.657797056438355 9.071352758705931
8.622358076524073 9.730772821740427 1.9208520457779175 3.840505996809924
2.9282433238062637 8.748368416586512 4.653650306748145 8.393119738004897
7.43288432617739 0.5962537661768152 9.132763470309499 8.196706886972931
9.049425188917533 4.5828684212017965 4.824242640932613 0.9198982900404129
6.904686809646591 7.2284643748492154 8.897997464460321 6.4252974023752145
7.016450966584135 7.8250925793254495 3.451249319175549 5.456205721946016
7.5663757002717755 9.969472513631795 0.9498779657063716 5.5431080028165844
7.374329128238449 8.590194204505579 5.521609642210326 4.184957007769253
2.066721734222192 7.090306988041919 8.861899224112719 9.320764272234115
6.489955811235112 9.065665254140196 5.2382908591507675 3.474849370127741
9.748733098245863 0.5520370306684717 0.49332058020944647 7.621774761092796
3.6210746084272567 4.090497020874288 1.2144518837948448 9.866423622406186
0.14612380696835992 9.940551346189006 1.9278282312857513 9.567918723010905
3.89661033024234 7.210229065259972 9.707707911929514 7.620040558318151
2.1113209122934657 4.244064106674414 7.9487682395844645 8.310191089231566
4.396600789401354 7.818744314454669 8.476897621929389 6.757211688558387
3.820424587086407 7.990256631872676 8.185314486440111 6.708356065852184
1.793891178617228 5.3420090968934835 0.8233199751408113 9.79262563682688
9.547146380226394 4.578934308730283 0.3626826844440494 6.8895702681363495
8.711552368910414 4.272324716654216 5.447612631692927 1.4169539312056618
8.214857251840844 2.005152621412452 0.7542636439214139 9.688644919157644
#
4.190010736938568 8.485482969608968 0.7168566827585119 4.747945694229087
3.362289652813293 4.614241220723893 5.632792884852456 5.4664434509855795
0.46848565217072213 0.479062689870843 2.654333768320347 6.043139933956121
8.436424666197604 2.270687171821642 9.926260904310332 1.1234644745414757
5.156962961518896 5.721371567731577 5.632490740083738 4.449025860661414
6.443230666311744 5.753820889234501 8.131612517517436 3.667544202324362
9.229784149159627 1.3421285805739758 1.1236474588219183 2.0935780916930122
9.018886102519204 7.840450954667864 6.248519895248702 1.866838338579246
9.706821789489318 7.2050195718312215 2.681892819081408 1.8312092926542292
6.685602633849625 3.4292858578682144 9.407513665514418 0.4653433060076413
3.0050841522996974 7.854483056441993 3.6178784422734465 5.811907284604829
3.2023306887951515 4.385305375031965 8.752916444373065 2.184231394723577
1.739543330620402 5.233160605510501 1.705245433388102 9.829248730996449
5.853986484348771 4.021284648792651 0.2512983331226968 4.975650288636249
2.875327994820039 3.4641784257754162 5.967444347105325 5.209935757042825
7.9751647195371715 4.983414485569441 2.157592087473625 4.305992782385086
5.787473695710644 3.084313648853989 2.3071972092048254 5.2294119667446735
8.344740174080883 6.93557149511426 6.242935784811372 3.7190412250741014
7.420909649080343 8.067440155106 1.9635771315110788 3.573739307681969
2.408561377287507 1.1587573812130736 6.121657443365933 3.943620242363219
0.20689791491182863 4.204502388917492 8.496336700009726 7.334781180691156
5.844507679644624 7.680077932386212 6.778132919717611 2.084285401491049
3.107233743266489 9.07981216912852 1.6704607451847893 3.212642551996429
5.645762566778753 0.23562822180931153 8.543017143614827 2.4225971670990334
6.228649450484349 1.108335561970792 8.256397894398868 4.066032102102421
4.591797526237042 0.9853731566191115 3.0956094504673053 5.737616081649348
6.962798675525188 0.27589075195740165 5.120801489770133 5.260353802961845
6.849500915082055 7.136387235831094 0.12799671361641796 3.6574925117212094
0.32488049475356906 5.639070556077424 3.740799949595425 6.919526649236103
8.723588763008264 4.031192579698095 0.5097759184799564 3.9655587010820295
1.7624284439981976 9.664494211951851 9.421296589651913 0.32975162458134566
0.2727051497257085 7.772461766289188 0.30420634135468916 5.995341282022498
0.218046190419245 2.512134198020709 1.778554133961106 7.246982003701148
0.20593940321261428 9.789513000110052 1.9539774098908471 1.3719178935796759
5.2183943146067655 1.4128942871612713 2.063399278142815 7.747362108621132
1.042917299851057 0.8012990081103748 9.365047440821083 2.489596714437845
5.504495060340151 0.10684240079876961 3.0807168857731657 5.336360023982441
9.293606565227641 2.849152354546625 4.188109235567532 0.42663532741755095
8.139973314430094 3.647148816147155 1.5290751869741532 8.305982789619822
4.108920927475887 9.296189539843748 1.4256313714840516 4.236934058551428
2.1293933005257024 5.225607223709954 8.25079636489991 4.82754224270525
5.065950351444992 0.18281613020990406 5.042452784136974 9.021992181444539
6.920942827936016 9.288251039348136 8.0387387716418 0.1580714046508236
0.4831376922859656 4.103407085676073 9.62689608137051 5.55797457376215
5.367270299819594 6.170011679693128 8.718188367543785 3.8346844781852987
7.841258127752519 5.83767389387071 0.2266827741583528 6.262610062866614
5.224933234875773 5.00874337550689 4.766027459296404 4.886315737882702
9.332510786592614 1.3053018099291482 1.6339976011971 8.893472244880039
3.756537927711973 8.449861571751503 5.892051246166707 5.106799233438633
6.020960906862971 6.186727409538982 3.0635633167376652 4.847551332320448
2.1462088955091794 3.9214816384649556 8.755100419443357 5.7134471486237475
7.038226720618137 0.6539228439805846 7.9897907290234675 3.844331335228479
2.707179633122212 9.447238795598327 3.1944343149066983 2.03223463375639
8.813303004126833 8.14229963852379 3.6758424362926374 2.36113246723803
4.552919086558492 4.608582676471812 1.5548883392719755 6.480634017808045
5.410545223523058 2.2999985313159406 2.00851471697877 5.822384242800154
3.248492029611601 9.50633449616291 1.5254941164924514 0.6662425300609884
6.654347533430985 9.038271049430657 5.226956782624348 4.662858335746652
0.16041872059237594 4.204075362592487 2.696716060197613 9.79646819377003
3.0655929727981777 9.317173082699806 3.5134024995526767 1.7196655213063732
5.775911428785396 9.037338969434458 6.655344963144824 1.9563487510910136
9.510607702927807 1.7225861334410926 8.669947741208587 0.4397457632910795
3.4911397793658865 3.2476635258406548 0.8504410829861735 8.47880195617415
8.20533232361901 5.135278034625872 6.471573113841371 1.8630382885721133
4.573484659526377 4.128934375890283 2.7680874877418593 5.320586919614716
2.415086170068263 8.276184673729862 1.9853237454396027 5.788962791519929
2.250689330720503 4.244386037763763 2.439522873049025 7.019387806083399
6.687452659438702 6.195040042988267 3.230510297948613 3.7386860679808738
8.391103819883686 2.180051301682845 1.1829799106421364 6.259071762093592
3.0194716103071046 0.15136478471135817 8.896640142227206 6.035129675777892
0.760273390754655 0.2721007495471506 9.593644950572319 7.439613800423595
1.8978592993337329 9.847499382821262 3.7181934789680393 1.3490274279376084
4.855414085137987 6.453480102565019 0.6497741753234925 6.464130735051382
1.2395582098955185 8.585654048373842 8.255165688834424 3.277457796951629
4.11759701701058 0.5800929660978937 1.4631153089024855 9.334726686236618
6.929148086481529 0.13722560999151856 5.464021127278456 4.217498018491896
6.556596510230237 4.30135485407695 0.15788826593381522 9.827726030251412
8.205389831647135 0.533046189738215 1.3789396517046115 9.02236971200266
8.151095105218957 8.344200985318562 8.13861575938962 0.14288065291309682
0.9347729654481567 5.97541512023318 9.21969636880553 2.2611966161083417
4.86740027582678 8.474356720904902 6.317618131793015 2.7084005118018015
1.8525368141481966 5.901278787188064 8.946423596771533 4.271733312197433
1.4739386521801205 0.9539704655539172 3.8524508192442473 5.722971968509483
5.950537572312294 6.750936679635415 8.040794912420864 2.0148354299051765
0.6249916957865906 2.7013326831747153 9.74575752974389 5.007244948962993
8.944715254054106 2.0007795195446296 1.6256540389442007 4.704493611039243
8.220667429750474 4.949465686431961 1.5825878904276962 4.845679524260499
0.13265298069050768 9.078946992435714 7.688435562196755 5.608564419988208
0.543141910897833 8.647278590080626 5.655837890786547 5.444878399138077
8.668947877390066 3.83198732884647 3.351243545161849 3.9868355858225453
9.657261995972894 2.120073152885323 0.9883028136655456 6.379957991403052
9.261130569994247 2.322450060577236 7.338112400469397 0.5926035311637916
3.0306178620039987 1.05999921262497 1.529103059316776 8.962661260159841
0.5926138853287819 6.191107832161036 8.637091101330494 2.2154163786362426
9.00787806232876 4.240368736998729 6.80254997928919 2.655234377832439
6.074126773449621 7.669171638232463 7.665549109600379 2.2539920396646465
9.598472480883 0.22588290799778932 9.621420608989759 1.6933050619539114
5.48622460375452 8.01169280986341 7.845830973725727 1.872929528803315
0.775201155460719 8.203753119836039 3.414634025205074 5.834495704594183
9.40065182299601 8.109697733693686 2.2549189863737946 0.459244451580858
5.551122601353825 3.440898812257428 9.327119823283777 0.36858679666616556
8.93459153377558 2.3449126147653234 2.9972707546426145 5.25030255492318
9.551349929184967 0.16776494763739436 5.211700028847368 2.2973764704185013
4.885073026021726 0.7319644352146337 5.046998716657282 5.738720664984714
9.243990144202018 5.012706266195212 3.8174294304958147 0.9674468538531675
3.324572062090638 5.8606594901323925 3.194871893628703 5.775376379845053
9.90635209934701 6.584201908096253 4.462366918733428 0.39138202335251915
5.456101871422981 2.3588338656604364 8.948871192754915 3.6622457672637525
3.315965236203271 8.349010916775793 0.32380755247404025 5.423015586676312
8.72658294457397 2.3894211823678155 0.7894593731126411 6.272766203298877
1.7385726161274526 9.25505953489455 3.2486781971293217 3.6901101114554584
1.1833767342458885 5.700705534930039 8.138233856202158 4.694486919102372
9.998063043911955 0.9262966292389425 1.9507354774979722 8.88402538779984
1.104107946263185 7.663459479136732 0.1481156053249988 6.735422791281115
2.1831384264009857 3.6908891793901306 0.5638099260194709 8.694919347913219
8.335880671531399 9.273008466074945 2.3835034290173795 1.4856984757435732
9.365227608362964 4.559510778032595 2.9035070692080787 1.5522411420946565
9.673447800945361 3.261287087577229 0.9647821223630526 6.193471675120171
9.166227592182398 0.3209418413860119 2.4391827184448904 7.956741225534757
6.792917074552485 7.02729536625028 4.17651727763622 3.295663616071842
3.9777608839859626 0.32429307798722107 4.705471856043551 7.848326790798065
6.537701101877657 1.9550170860730613 2.5721307293796283 7.703999944393058
9.722047690528456 1.2299556530965385 8.708023557918617 0.4441937415381405
7.533370015277381 3.946560055342633 0.6506086744602317 6.637249881957483
2.5470745075720065 5.948313250112886 9.310384376267992 1.3079445261410303
#
2.5410893000175916 4.634463356734361 2.6993277600149916 5.744765736301142
6.519395099526596 0.827489253011878 9.959915213661715 6.501621144975447
2.2960720553868614 9.477066588664211 7.4713193807800575 4.879074306420301
4.394661700014179 0.9554110083508789 8.910138188526066 1.7586513497188339
6.234579070095108 9.150202334392862 0.7239558781436539 2.414436531500992
8.386914838672828 7.985031980610227 1.005084185967008 3.4708338972462416
3.68759910888914 1.7507375268034489 2.280296337122632 5.990465740379985
2.507939285984714 6.501127729367262 0.33114993243505 8.01908594182904
9.454642775003947 4.180978560478189 8.82321595998323 3.3907158810274476
7.96921348802727 8.047594429412296 2.740737481855493 1.5037070770640173
3.687796188387506 0.518642981506102 4.608504810477259 6.988419397556786
9.24256197477052 8.546663144299915 3.324724839039781 0.1395622121844351
6.930441342895022 9.525383428292205 0.3917858519223012 1.365852710934321
2.3661088052476074 6.580590708654046 6.649645898886874 5.461560839836383
0.4564635584378758 9.355951182405919 2.838412026685758 9.959472181254409
7.83577923241206 6.82058782213614 7.951570089999952 3.701510602620316
5.827005060919794 4.629396341410325 0.9737135485568347 8.369818791495593
8.185142467155853 5.009136010883175 8.649757416825686 5.524674758565303
9.81027326457209 3.8245896214094453 2.394071004596555 1.001339991286243
7.479516666249725 8.56062687216574 9.139589167756398 1.4288351787903424
1.1743451063810717 8.774226279422694 5.6169529394169695 6.243740426980365
2.066258809463181 2.9308592810018124 6.392526783664367 7.62014348222179
1.0715061244139226 5.745560879468815 9.221407277013968 5.1050216201588094
2.245514292781128 4.44698829606571 8.446828831754818 5.907465488360605
3.928459451319291 9.515764155463726 6.996561429311186 3.4906258582697776
8.091306159654936 3.149135765083864 1.4852262870956268 8.356427615300387
6.954146426847238 8.642974083403352 4.786543582597874 4.232642070456092
2.967862655622387 5.622810162853638 6.959834357842299 4.627029843064265
2.231387860230493 8.699464208597657 1.289465361214118 8.100885276671239
1.917569418197397 8.610376682588917 9.985182199891465 0.2754235398549172
2.3156588485850156 7.991790924580254 6.6885757129263546 6.976735637459609
3.9849911867955212 0.4945052838522246 3.9523860641527886 9.740230304978375
1.4615179254001744 4.604691677157462 4.766719616324808 7.694893424013838
6.698435478063402 7.070583002157646 2.9150836364983306 5.221849284174817
5.169491459666633 7.776783940970615 3.434088779749369 4.857145939093815
5.989510003928912 0.46549402687593666 4.99290573048473 7.268590433783501
7.657602172719223 9.29462200408909 0.61831325706288 7.816968469127772
8.791551734051097 4.681649241254583 7.479766747455524 3.540097888021287
0.3026064430718787 9.684867313163092 8.689740479024998 5.618542354453481
9.28820699496153 0.20693014835867274 9.821017812930751 2.4576672471611913
5.560673926703323 5.680463614903964 6.47112016061347 4.055460543442857
1.5448972177679874 3.2661265164185607 2.666835180138432 7.345247893057588
2.8815263778510327 8.76364458557536 3.1532826542629118 3.7904916964798447
6.903989475535692 4.547523566218447 0.6443713734146135 8.295179276458262
7.447360239456724 8.641034286374001 6.75238184400424 1.6076214285003068
9.84362112798114 8.386285726338691 0.24229250538449065 1.6529868170858792
7.50909414530245 0.20482972577559444 9.169822762492071 4.253137762030386
3.53809161642289 3.4443094216506713 2.2882737164474727 8.25805665836857
1.4462970308718028 2.8567793795389074 2.6169043908051455 8.830383741338826
1.2745038440508072 9.827283394308129 3.888765699518557 8.673706008057042
1.6517266216226214 2.5275193715648534 3.3269563390819714 8.55023982832214
9.798284485342048 3.541524317160138 4.357642164874738 0.1861192310080204
3.37524641047354 9.779016543722017 7.048263642936541 0.9548603520972794
5.676368063205473 4.400476418819855 1.099920961202569 9.42428790837859
6.442909438254524 7.385893165421647 2.216856379752712 7.337006263548277
2.1396861150138275 7.7551521195110755 8.20328278903693 4.430464701443087
9.131787504973307 5.881711208664745 6.89260179569074 1.5249830928107215
9.571654077927036 7.067744266758147 2.593896689369319 4.55674415989936
8.068567493632102 5.283358470986913 5.678280607943488 2.094911213485736
2.073993907781316 4.0110278433796545 2.358001157526858 7.435451403047296
2.6553986038326745 2.489779101717234 3.6845934851874116 7.398785977123488
8.583589042474886 4.66692194212622 5.07951962988114 4.35100623769709
7.4397932303579974 9.015558135128943 3.2754693039985066 0.8097535549336463
0.5700407983549027 2.1222375606122044 9.292979414468395 5.314506775062649
5.330266934419113 8.807193403681087 4.359622956744773 2.558866041341998
1.683271103895565 8.545203460588866 3.6185249252637206 6.123552204848629
5.636547825552185 6.571727153873473 6.355556285592158 5.4503300306620845
9.590420421105907 4.076657503802948 8.89336506820828 1.6102370422473724
8.185504376570579 0.3229930540251056 6.600176070432685 7.178968142352293
9.583435896023511 4.521076841366262 8.69708046867677 1.8889273936950892
1.4634062812229165 8.407966356668148 5.4438593160346755 5.834231666471863
2.546659965253588 7.3239455723841544 1.342861946810237 7.761643613924189
1.335922507985011 7.994048081837606 3.834018478562128 7.209919627397302
6.793121470195037 7.285508699118045 0.6217630656835995 5.369705771380035
8.817821465378586 7.998380555363461 0.13667462411957576 6.8190174281525
3.0536661249361154 7.372635387844088 9.16669890953151 0.25805846417975964
1.3332795543557214 8.733415997350452 4.072234032564385 6.446576377771929
7.170385811948307 6.085870249787315 2.69813075215745 5.113382951836889
7.905553472380982 7.6740654241349695 6.954230198311673 0.49236331783290055
6.614028384993791 8.850509232329323 4.2774111056996995 0.998362189216623
2.337513282286821 3.055015693070603 4.59853862702114 6.665785743998313
0.8576375042571769 4.450475116446725 6.018509950155511 9.27603116769484
0.8603034297493988 2.648726086714008 2.028105643083831 9.142401598229167
1.2068993963433656 1.8382575677680446 1.6777638429374813 9.642458248439352
9.315620962941466 0.14405747568096405 3.65126586449362 8.225373902538646
2.3412377252223053 2.7385468060822564 7.04855105399586 6.193485583631202
1.0056904094190546 6.270395237817521 8.013674122668727 8.877119692211766
8.78980305572967 3.187404035110353 7.247200453071203 4.902714609995651
8.157588326094576 5.157457928407811 0.4595693054398442 8.054575365573301
4.4002285850118446 9.176251548744332 7.533288622597067 3.6850206382887016
1.4056507235522497 3.124845799891009 8.721734088187045 6.896327554794571
9.880561510922984 6.812409112849833 4.801697338710468 0.12347174297866204
9.905375078310113 6.795525909225812 0.4601675857813481 2.9427156919596515
0.40483154429933776 1.5903143241629731 6.605591420888805 8.944372457893186
8.181807946584144 2.4018752904962453 2.596359357900535 5.9044840051686585
7.795045560096634 5.8382935832693 2.270544723682232 4.810125977071031
3.11979951133714 3.0963377617873102 9.53952464295773 1.3432972758294306
0.6136336677623051 9.694837470479506 8.046962004759573 7.366804501604476
2.064048038496181 9.570926686311356 5.245861249718782 3.607571689308987
9.63189304011918 0.5354057292187129 2.471430507144292 5.101833302609584
8.187442099078893 4.578773779987538 0.6107460197668395 7.893925270262157
5.162428789681854 9.95434077740748 3.697033145429341 0.1483667237913151
5.373020729218381 8.197294483531103 2.789118131445515 4.876315822714547
8.404727946350986 8.937235434769475 8.673401403828384 0.39688256977751823
1.729640203383667 2.0752824388968945 9.044185211554678 3.096215395011523
8.27218179549607 4.235563058309621 0.2898162049101236 9.972043156372859
9.61802921427135 1.1194344661825877 2.1927532320941685 7.427475441311829
9.616339311740905 4.272274663071677 8.56928955798952 0.20488951808188283
4.727322401170927 3.428095767385814 9.83765422000728 1.044990638409506
3.6577444046753795 8.235699598185182 2.451517129014599 4.4827111356967855
3.4796279325218933 0.7932283053042424 4.090502967834589 6.7289383087491
6.004933512316768 8.293577098507335 1.7226113066013458 5.237956796723408
6.7502685847459984 7.619965103378046 5.038179842449766 3.454663284682823
7.934034297378742 7.997351475373691 0.5593340800398341 5.947723413071996
7.397252594900143 9.470853271386785 3.000435816811033 1.5425592256459772
0.9236050165662553 5.75957628134861 1.667233537281219 9.105005290884293
7.678819000075762 3.721933250308952 7.39571278857666 5.840061854289393
7.94998417398892 6.093389427346035 6.676054706104578 4.020827906106326
2.07650777088164 1.286496859913807 9.298244329879118 3.40590931581238
3.524022913182625 9.187772641037071 8.822944631071982 1.9367604872879478
7.593865049431069 8.812687058086201 7.8996514254598065 0.7424376592720945
6.616222624333162 4.308885752679521 7.252891394426788 5.914794015131144
0.5754646889226187 2.8558422446264515 9.663401430336155 4.382399374440405
1.0949877202149914 2.6446186572300774 9.78638871611012 4.777100000955886
6.31344309366854 9.642156673011407 3.5376213340292733 0.5148396514507096
#
9.57024344511336 9.358890050325751 7.793637483553876 9.490913553266068
5.414600135354465 9.883129256249669 0.804357755685774 5.303607536585444
4.018770725761719 9.950262746191644 1.6450697233423281 4.6374241154611635
4.303853167489602 7.93023040720267 7.993327573021718 4.6168728636034935
1.389761902401168 4.141479726063897 8.166493675558943 1.9362806367423104
9.905315707823103 4.00775979046192 5.443510953242311 6.0247263676893725
8.823535095079228 4.307290927753153 7.796409161213415 1.8028830494389125
0.23443088663845035 5.6689768282740784 8.123703684977652 6.416949785586202
9.796929680194456 3.9183050258244165 5.912390385163573 9.68326282788377
5.2255571908726255 9.837871058165998 4.587370281675218 1.5985287129060661
0.8150454667781117 4.184098186025884 8.141202039409244 5.678715150949712
9.989449259159027 0.1739355113413028 4.6449505561485305 4.247811032807876
6.812723356686235 4.356192632486623 7.919426172568794 7.179516299960556
8.660316198740695 3.8508666896263293 8.080846904039115 6.694580155900814
9.889691943614672 5.420860562699581 8.268111928673022 0.5990569880812089
9.958348293348298 3.02229541146017 4.867454665158283 9.212058620844516
4.144638689140472 3.5440784928142275 8.430036549777732 2.59350710584398
9.630366773502987 9.430389208435173 0.2717617359295863 9.866755866170106
0.17977552086342463 9.555412774906824 7.681274986344221 0.9792380510897463
4.638901132947975 9.413236056608902 5.658457858722763 1.814419622268625
4.292871840215025 0.1725466356432399 9.79631890432125 8.875815629848702
2.5711683129708205 4.391855612965733 2.673992824001236 9.64633352057923
2.8563576501576127 3.897406994725439 8.628175132623449 3.2315544343510534
9.865899199623591 7.06538455670592 1.4692600770898299 7.165735849113142
9.081542305841936 1.7527899150044628 9.09676573128597 5.181457216323227
4.086413874811589 3.4173172890831056 9.1661072261669 0.8457723687858714
8.135274226936808 4.938610003676407 8.01851419461158 2.628876075981854
7.405679827196449 1.9559126591090839 8.77374389565637 0.9369165334587253
9.996874154346733 5.404514980421987 0.5096263455133014 2.1973651044180995
6.965193705450556 4.322713036991821 7.3056747815701355 9.519021010577916
2.8865944811461013 4.366997224399121 7.943905050562207 7.3191357492630225
4.2485759732542965 0.6160005349121054 9.308122429172071 7.4729711490038255
2.7232547139919485 3.6225809112360188 9.93290916797307 7.443163467266867
4.881142223563777 5.365909347174668 9.280173137954012 0.16588360139072922
3.1137575541072886 3.4406250630716384 6.530188424484848 9.524535968009042
1.1258128507937797 2.1937729813493254 7.80587501399123 8.738254239104748
2.893488393454693 5.103042040731069 8.08600289557036 1.3022092476608713
7.130321121956296 0.5434715707305511 5.181295894652441 9.870660377531467
3.9371571758033603 3.6973910441033984 9.2942165573929 5.3436030389959
9.801764187810889 5.990705181597896 3.8155240428553716 7.286420082309381
0.8635566705869406 8.884890317855145 0.5640535854301536 9.749649612419226
1.2787290809742937 9.709628270696761 3.061610980381167 9.481499439042876
8.255109054410157 9.728081879829542 3.4042668160875946 3.0755531124830133
9.900627580715955 6.949446465750096 1.406339575177137 3.353294342896737
1.9912198062150783 4.394940757668796 9.444778699473193 1.3015619786576273
8.680723923708015 3.4901748758368596 8.187930909250381 1.0176525633241171
5.1808785332904375 0.8386573056198321 9.492322950587218 5.140645145552848
9.704042394611529 6.1560690289610225 5.734356089398347 6.4878021195618905
1.1749597662186617 9.493071691329375 3.2254902451707723 8.81920113020325
3.0937158691565774 0.7887104018681468 9.376975381264224 7.812935111569924
0.3107851362230214 1.4905810730626294 8.31694794024037 7.821202711777576
8.682776007645945 1.8639289772636087 8.908543513426219 3.8131412917895102
9.91888443996871 4.525414194626597 0.5536709418761703 2.5916431118132643
0.6111769784617183 9.851858958811931 1.9481099567604505 7.428515677614723
9.633977207677432 3.468676190222305 6.423061847796911 2.286409853803089
5.456170312176964 9.398000156378373 8.863609129635993 0.19233780373873532
2.070908306683625 9.96222624162031 5.876391011878473 2.572030108194339
1.130464120577197 4.29068126125277 8.076316728658583 2.824434136756331
0.5381154063595721 9.2772675660968 9.231140570128602 2.3122316476335354
9.793625380784185 6.348055472154648 6.837740842576078 1.2414316706572261
9.388466858616674 0.2690461141334479 8.306625469321531 4.782352761978365
0.14767675884013887 2.244781053321152 8.484930354085503 8.902400049882104
8.961790560631034 8.23842777544363 1.508057504416922 9.780853887072498
3.222676106675685 2.356981235394948 5.941419907145067 9.720472810969333
5.338089639760574 9.528947676713333 2.320602522108378 5.040282302673506
0.6758762553860143 7.400589491950951 3.2837732452046526 9.861001555111958
3.0062885731124056 3.3347010147722207 8.607193362330364 5.376609890332122
2.854601254617935 7.9153989233228845 7.952008433989716 5.334948997009766
5.330994321424745 6.3692599929914016 8.062664372570037 4.565748789025412
4.03641620292012 3.707728861867852 9.678131071368263 2.498763573413892
5.601429068006442 0.3995105707201896 8.805554465217412 7.663947364993847
6.231946733403473 1.8701619932707771 7.721252237579611 9.642589980525102
8.755478159758606 0.5612415606414993 9.546503960992327 5.512698117588344
6.421551730174467 8.410351956742897 8.178899629444093 0.5112853445953887
8.231594337728247 1.559919257929995 8.10576467231283 8.44027692498413
9.758797265940531 9.693959284234783 0.7390891172432079 5.135802030979144
1.0486652536547423 8.311509375893863 9.936040048949895 2.0821766208932213
0.9070750416389375 9.507369882696628 3.255984667131208 5.0740807105610335
8.289886071495685 5.2783699947242555 7.962313767059779 2.0618451622342326
8.465788520294193 9.401566506980817 7.58909151198787 4.777857196523774
3.389568906007234 5.596929173717957 7.870297849462437 6.58166297786675
6.164510241224083 4.05993009209864 8.060442018860588 3.194779372295546
9.985133206619679 0.737265583287753 3.448336587915741 9.386697398204518
2.644787656933718 9.896055274118217 3.1531952892670394 0.7851099023444368
5.69489508502765 2.128538710805247 9.030355327176013 2.3294172864592206
5.568978181392648 9.527629696619146 5.36062308494249 2.205788740877944
6.096335484633766 4.711678196015227 1.1084916443234518 9.84861862149523
9.468288324358475 9.90060835912605 2.0167792906907334 1.7226476360747234
3.063971451091107 7.2474612388055455 9.77363527073144 0.8123512332938496
5.523917897225804 7.597843464451806 7.951480970881293 1.0427105991851322
7.530739375082948 1.7575141756580006 4.312484668652174 9.798143648413975
4.511230696612324 0.10623291343362773 8.615821062509394 8.671384206419201
4.193043988650442 2.0810688335753667 7.874757023208019 7.456699039346235
0.22244700327805322 8.232617097343928 8.047658677328764 2.5353455252212806
9.706227911742458 8.206291418489137 7.164293566023534 0.4667672088408761
4.844910337961025 9.95068900033382 0.46307827709547134 1.5916267261005994
4.358525689553591 8.240462039245866 7.861258824777616 2.9994516064062364
8.998341279371722 9.804460131622491 0.43702826751094026 5.248866778914553
0.13290577260379255 9.981306653453807 9.962059429383851 0.6380425445009115
0.6003703719587925 8.973273271979595 7.121962613931848 9.639746282410282
9.843410951339969 3.8710200114690276 5.5916281155407495 8.000100457773101
4.706314033213144 2.8917667253971486 6.764173831863835 9.700671699003006
4.185666657620032 1.358995669779599 9.303849399893975 4.300555031711831
4.541595972723234 9.191055856398552 7.848921874072152 4.694300189158949
0.7871625901984887 7.453609681060447 9.980112672091954 0.5610091820152023
8.187685401210954 9.931304124878093 1.1657588597423763 4.990308197340999
4.280207622291103 1.3946635253831423 9.191484228857206 1.1660401786249222
9.128523501981636 8.4895442940154 7.894332406540478 1.6428669554164785
5.943458651912739 1.4589591212591522 7.919423648568202 9.583178026143736
5.645774331618048 9.508282489855375 4.7003144353978135 4.7208334422835225
0.44532102013363506 8.213424748965405 8.552916827146642 6.129361013574377
4.621529395755271 2.4274569216364656 8.39624776075274 6.729290675367063
4.7457887663030505 1.9462680863440656 9.68178602476413 0.5978857964854418
9.33592173251927 7.508878561076447 8.461051888580213 0.9806230428234262
9.969568504025128 7.576125146990206 2.210222918950073 0.16439272149335338
9.174412545777022 9.038453708702804 1.4307161769784789 9.692513787942593
5.358495179565739 2.3687193871286505 8.485905014778465 2.4455168489123498
9.643095103346997 2.5459603814398775 2.1054370681418653 9.75753597328615
6.8210703695591235 3.492376613417262 6.409284962820654 9.705351274473442
4.644063652305412 7.716129784138438 8.495012964272176 0.2868227770870595
2.27608736213904 9.94125993342401 0.24199636520165857 8.574050733592372
9.786496641914475 6.873003092436819 5.519962096789377 2.254174251762259
5.781550131396285 6.918454071150267 1.3181577366469792 9.827662238729573
2.650654549943435 3.815557956664254 9.970420265481906 6.565251686287869
8.272276986046293 6.0004650378018765 2.9429796263559207 9.509826323054691
#
7.875298014498618 3.1076592920715127 7.553331738967293 4.796360981405331
9.979216089455694 4.1717741526714 7.443367962025425 5.2452157624986055
2.6197765213832667 8.044900221283292 8.41980573811331 7.718235134861487
5.918273521672998 8.308978941980511 0.42730360670883716 7.416548646280204
1.3647005957119864 6.89745617721869 6.323804196779105 9.611248031435824
9.524082832684293 8.055442379369737 3.6834746084021113 5.1822463387698505
3.7374740774714095 5.107248609270259 4.790802622689121 8.662606575994893
4.132217540541248 3.3699365909024923 4.396328257267905 8.280805425003823
5.763648755153094 5.432806934109611 7.0814310068803445 5.960136892858459
7.7541324324915495 8.759149709322758 6.089195647076516 6.019298920470592
4.58548880404222 8.93527585602954 3.153270762647332 2.094972522497403
9.569855952244218 8.295353886588792 4.378505724349177 4.530214599422229
9.803200733697322 4.5491102060068185 7.362646532178076 5.8660998570071765
8.538238954634462 9.044277516215638 1.8464413734610283 3.7131766186475694
3.524895871634338 5.166821311371592 9.315499024900026 2.5449256587528915
5.696761063683489 9.23210783861161 0.2605490718992769 9.76658176551959
7.640067560269978 6.154190298915885 6.96419551277398 5.59917100256988
2.422204315050552 9.589762731091994 2.909556275736437 8.555108187511822
1.7352013235178774 6.797440973354373 8.566552031556274 2.030740861054682
3.610563581986484 4.6888394804529 8.206878952811676 7.599519299424607
5.699887438339621 3.036070113579293 3.703325919167447 9.470837915321077
2.972280170680554 9.322488132368887 4.269904670310185 2.1813733340081227
9.057809259651185 2.031837872388269 8.419411645962255 6.676893580175679
8.894367061868396 2.1866544652582736 9.725184767408106 6.197721091738837
6.059371956952235 2.3097301071881615 0.5439724292592079 6.4857317222132655
7.154356004042634 1.6060090992264469 7.219301805521665 8.654217968975244
9.263720141587248 2.0092912563028023 9.878719548305664 1.2538178359167222
7.654217605480044 1.224629889678822 8.901303073123866 7.563013653110948
4.406077042444627 4.892060955623644 7.93763446728411 5.768054134263204
1.2496488600037168 8.5674173188902 6.015349419663043 6.230332910474467
8.090106298178458 1.7298411023057625 6.7566823652961014 9.395560005620485
4.627906786901389 2.868719084821343 8.703320312163168 3.6161173675363223
9.35242474789322 0.21248620435653365 6.617051854186471 7.500637964217606
4.001590028906145 6.8104903791240625 6.4463549941071205 1.7766874407480207
6.132300886484399 9.446751492912124 9.413000296513317 0.6665253633438892
9.985101756880782 5.831804764988321 4.269012441863076 6.046635485765672
7.453260274092495 2.2625035343953646 6.672564289887101 8.408141644475549
3.273908736329504 6.76223339634301 3.8506731852192133 8.814517191323572
9.64169699142028 6.8270359682797075 0.620841614150172 0.14907421614021832
8.774257286597104 7.355841123546902 6.292718374971933 3.1074701257183843
3.5410349169026674 7.426897369110234 7.241477089256858 8.531436399622223
3.380697431166353 5.993822333855513 7.370566693907735 8.342343595179809
5.446557523379232 2.7141984477323007 9.758481198830642 1.5161586704119472
4.159218826356628 6.550065894960441 8.29057709445259 5.296316258992608
4.581908950612859 6.961978820201936 9.745381377589744 1.5156886669261582
2.151004425180378 2.408085827915483 5.282659899078463 9.652146927826607
4.332480294625852 6.21881325651631 2.2635480442115914 8.230692130834957
7.535689375895469 9.194775799928415 8.46674490906688 0.2534265681177903
0.502590916294742 7.661500283030676 5.471104512508284 8.940722317386122
4.850219399179383 1.2511795061643185 4.9313063619382 9.973792526201297
0.5281241050637613 2.1304973398755527 9.952962334245202 3.236933953218845
0.6324768742505631 4.661595646248105 8.993694969998602 5.751629450498528
3.1977527763805704 3.634615652632111 4.431583811035749 9.65222203240316
6.006467249513713 2.9610593192072256 3.844388158664663 9.166881838491392
4.300474959809909 8.21511133687224 0.4323547634720688 8.988882535285988
1.9528835034237435 2.7378407635930553 9.760413361622582 0.7007496611798993
9.24099750469695 4.220393874675593 0.4823364500264482 6.143816794779575
1.4766253228826969 8.69349033023312 4.713957368550812 6.76101129369601
7.263465195874094 2.033314730828468 6.371179657946615 8.599299192044256
4.28121510421187 2.5160030137901197 4.951384201180512 7.194344215664161
3.88459584769667 5.602455619385572 8.904303890851864 7.101883539197008
9.589860849021902 7.712295654360739 6.125837776129096 2.1099070593621363
5.526628436445405 2.254334849655706 9.422462578809927 2.5338954327124856
3.826619706204305 8.917259489085353 1.723550652031216 6.197224628889753
5.177750923141779 4.518575778060726 8.187702094190218 5.4177352299140145
9.694949517665652 6.431572932233468 4.092654250758386 0.5065417517108237
4.30609506088218 6.742255108755141 4.148426098399429 9.17618170192609
3.761079473772803 8.071899674605088 5.4099841877492105 6.117939332329653
6.359921495059952 2.398148134548251 9.278158250178247 4.865922453886811
8.016171988906844 1.738640939325243 9.960364232214719 3.1571274424686857
8.919197852390166 2.9184898571270725 7.9117894941386275 1.7728963757219947
0.7978283851285992 8.580036471302165 2.775228210428084 8.684399377981759
2.74957710588341 7.435258670823011 8.175181375496365 3.3125159070274126
8.650295330910081 2.0545887803902354 8.00130430463499 8.584791789840626
7.704347216909366 9.845079891987861 2.874059107113643 0.51750174829911
7.2628099561000266 2.0446497892948443 4.695992866937535 9.506558825647588
1.9473474757739684 2.0487815990109883 9.295061784108416 7.309499944806914
7.755003938778538 8.973448877880221 5.800269850867397 0.5824801381985836
8.440331051542966 2.442969134238774 7.650078703206982 2.5527096973272756
8.460718296377621 5.643141619207603 6.743803141707043 1.2202765188110702
1.5570769704894802 3.095676957686822 9.15597025891905 9.997942027879866
2.7329948368908354 2.2602992128837616 7.155544407247925 9.36424270875618
1.369420762644014 7.318598508245451 8.949285979405811 5.900950482709089
0.8684447077611557 8.596392638247085 3.2802426109393688 7.4596788813615404
5.292073529246746 8.234166741507167 6.576462086785226 1.1094560983729207
1.3700684696016987 8.163301344964026 3.3325066302163773 7.194733144562862
5.323289289831484 7.804742002802608 4.88948449039354 6.453218404041421
6.270402915850376 8.803383043304407 0.443630260134495 6.637917045617456
9.307483435202736 1.5368067355562944 6.059495301057932 6.985462379882918
0.7334755486071742 3.150807340373473 9.77070076391583 8.420647942943184
4.401137909817308 4.457265733742915 0.8568271202749633 9.106180921955076
7.699932428693849 8.80105960279495 2.9180724427495317 6.3753021899436835
0.1358376263375014 8.093081364185336 7.806775729534397 2.9522147048037066
2.0990551015243524 6.378915957181928 8.045007865874798 9.547215664618932
1.0043183073760744 8.904930852599193 7.392035446488773 6.360299929187237
9.415690593017658 7.7300615759054345 6.1453305958293685 1.8140040818750864
7.091463600364854 3.094865552579254 7.633019660874973 6.161381077489671
9.965836920127234 5.844214837950238 5.67280297114579 3.653709032527103
4.64917305470425 6.95603764550901 0.9098190474928858 6.6337422864008095
1.184881499604061 4.091572913583734 9.016264156872934 3.770829621218338
9.840636311725396 4.9798012507915965 6.389707631743445 5.336899196609599
5.928905702447263 3.0316576534373816 2.645591605290675 6.548998060612706
9.910037716468805 4.598946353385445 7.065128104415519 3.5485325862882964
2.03073001361469 9.716856812468464 0.3786777625625666 5.76872670550801
3.3456038721361203 6.963142128617768 8.476192646666009 0.7811966480294226
8.864204563273631 2.8403444499453396 9.05280309924921 1.9723438730049745
9.42251722860907 2.3570429593108226 0.20167839002136034 8.706437902375226
3.7227994020266455 2.929506649491262 8.370117252836963 7.624447894393105
9.06594569711386 5.109211832252147 6.180088727858404 5.479384320119718
6.729969880469136 3.6101701836474636 4.683860272689224 6.202494112856801
5.652020128979818 7.941150851894903 8.179593637406265 1.6395148498214578
7.947388298156994 8.628163858754133 4.199104824021716 5.789613720900289
4.893679946415052 2.77011528364851 8.993704238497584 2.6307224780741896
9.131993080787826 8.532391506801916 5.397601784287859 0.35751540982339414
8.494943055218306 6.836767120027627 6.385660886609848 2.4914389928433667
4.794911942292217 3.2701490357565106 7.6059622938409355 6.400442397582913
5.122911713312592 5.02753807969334 8.650445823581062 5.354474663293099
7.806814857306149 8.201084260049063 4.588571931849833 1.859668337486141
1.7066669804874492 5.416439419534625 8.808919725580822 8.339869957042362
3.234903902999336 7.003963739879887 7.767155169140816 7.629976144894021
4.631860830910005 7.092492122538967 5.381141686144085 7.163878505074857
4.731889814204045 2.4502290197182974 8.675415275088842 2.8363285829048435
9.796018301613167 6.304972568423248 3.4090689404306627 2.893811873519749
4.532474723244662 5.771898251707176 8.747417144965711 5.496206809428103
2.5638686358728138 8.068958109807912 2.638222115949779 9.324974240682781
#
9.805848998100462 9.868249733377773 5.112271149168319 2.671827591075987
5.91495804981444 5.24621934662485 0.40140308480509557 7.931263829856475
8.984779335519946 7.620295634509599 9.777069414413319 2.5043403400467565
7.557747142624051 1.7721081384043456 4.852985477937149 5.515433470384552
4.855274336180946 4.167705302363658 7.409446677951944 9.317881635359461
3.8261353885233715 5.088149805655272 6.620658787030415 3.4844354437045832
7.157178193984362 2.0326078769710394 2.0725214565458057 9.04359958579149
9.246633498905375 5.234417433334611 4.454708494712763 3.77585524523767
5.478937961563687 2.6378601419943988 4.353255025414576 5.409838454951494
6.505309433619331 0.864220923002395 4.336690924616225 6.437320759260869
0.16684403086938904 2.0674334839492645 9.416187330164526 7.816141571958116
7.857081709827083 5.640662227731818 3.639308401311121 3.952231127396745
2.674193395610012 9.504570450250657 6.645877616711863 6.7734120059580105
9.029448010045908 0.833875744390272 9.217264760464259 6.598628650617001
8.554886559514536 4.2063468594002416 9.658742669226775 4.219521450989302
4.987317685372503 4.889789230618577 7.722869073174165 8.830166375329757
7.653815478017511 5.617133337461188 0.3232161019167892 7.554058759474209
6.596031170488808 6.379563422112158 0.787663119108803 5.042593141620185
9.780742040423384 9.437148491243633 0.2975023399217749 7.068819698462919
6.759371649895183 8.628782932711482 4.37258425991111 3.258430064122292
6.193397478722827 1.8590542101089498 3.5300863117398893 4.334095915473088
4.193388022608913 8.499197270895634 5.221079570024991 4.651706197020063
6.375860438944274 7.665361494527981 2.8620912206154525 7.124150353105308
0.8356065126800916 9.198164735186882 9.125055760279078 5.301851618185605
0.6278114746738712 6.015669970043392 5.397736259351423 7.742950847091375
4.659837895354684 5.925908482860752 5.118253399377748 8.660629610463658
3.0317423146408378 8.440925860519272 6.523138061019857 4.875764677795992
0.9750081925943972 6.403195754916686 6.9985129796547145 7.301696059981291
9.30004021738424 0.7964109409708549 2.2422152142487963 3.6478193474462763
5.430211189664018 7.848083797539138 1.3538108009155394 6.689393184855438
0.1850641895400038 9.504898199219 8.330979389692885 2.8864309535679475
1.8338296293941858 9.813635650571351 2.020185746431859 4.84675752606633
1.6658340861359222 5.953392246948414 9.479182809877486 4.496917349716396
3.4093491943924104 9.330636915536747 6.926905685983809 0.7092570183936635
7.689118194868582 7.282371396346104 4.593390682326488 3.2773503598122273
7.083288533015477 1.7067131846809556 6.864946980428637 6.418994560295016
9.944339845724016 3.8465567292637557 4.4460387877877885 0.12318515481268566
0.6661056831283734 7.622300562279369 1.9065918872963148 8.664815350811653
0.6738931354423734 1.3174091157660373 7.878661393962954 9.453013460012855
8.543700092074857 6.719507697473631 2.602712762973437 4.75716792217157
1.9273986625199666 5.933908543615581 7.4275230146892195 9.74158001371929
5.127204722533283 4.083557455272776 4.715745803915371 4.385056626129676
1.0813796920309255 1.513021552041876 8.776544724946502 9.347778698987742
8.684358848755798 3.6698133457032527 1.4290293608743294 8.853504969785806
3.209336173455076 6.172061027568313 4.326180024951738 8.982696258237748
3.5608355955245985 6.770683849444772 3.938520516452501 8.131353596547003
8.202408936236148 1.5883401799803458 2.9148544572444757 5.373381306329598
2.355616520951878 5.009522676248923 7.242831202897436 9.737508090815393
1.2234874855199562 9.248913579620169 7.969495247169281 5.201556250255451
8.45273893473268 0.4619125115247238 4.647288986224981 9.093296240070671
7.851877428056178 4.514003224825487 0.41509766431178363 5.71111301972091
1.9835764639623403 9.869215531255868 6.85465135611702 3.9937398753463613
0.3036766077982431 7.542215381118519 9.659150607653231 3.755585976109278
2.1769858649296183 3.5397659393003593 9.195319531891801 7.626751776779246
9.003927819303685 6.41374610044615 2.9621418319437978 3.3237229329705524
6.608588527529172 3.2310891261978743 2.7534043275060602 5.764102072574688
7.230597844552388 4.031292991126257 2.9782609687252575 5.1495955927995025
9.924231100728324 4.559294958694208 9.956920066291215 1.724464653729103
8.672687084000252 6.133931886447577 7.114741662602113 2.5478258045850843
7.525706102996065 0.3939038802739008 8.836811358944235 7.169095300817652
4.809666708079089 5.527997057903091 5.25446711902145 6.105452183996199
3.6256613629114955 4.320591320602826 9.720109825108691 3.768557458258829
4.96407390805289 5.540678602687707 9.94424706392322 2.559882471363498
6.410258722249479 9.215021573953567 7.760357906462243 3.168820950509706
5.417021986531797 6.003204576520529 3.1154565914453602 5.228950473405177
5.460089771614896 1.1730904245337213 7.794331198778081 6.082620007785181
3.549752628244402 3.391298159896698 9.689319804645915 6.757348272718337
6.9084001446744425 4.409481672607241 0.9467795048832839 6.833349265945924
9.255244812673247 1.1778390008788175 2.103689885780608 2.9465499923090794
8.619241631908631 0.3605783433212375 4.328996131936785 9.17190691852521
4.735960476260157 7.964966062948799 2.711897762413578 5.772282535983781
4.5868554938903205 9.685313077023093 5.163337231663367 2.147741535514998
6.23879179074168 4.710032547628514 7.997674183255917 4.102496294875745
0.5101533383969565 4.248177012893878 9.045879281567382 5.358989618604301
3.5907129696432296 8.369074225150765 1.8486413845789245 5.563122801974677
3.302369468438525 9.393141300800057 8.946424023200857 1.9949571342312162
5.576276438596257 2.1094848574510503 3.0134150392290704 8.063314905486376
8.38149583244964 3.2283791401838835 3.2979753839429407 4.563089068656109
4.555339125987454 6.371476911455737 3.30521451729704 7.098646986728685
9.202995819843606 0.30300835847226093 0.8740608649384365 4.9657490238583994
5.95193700962745 6.0082232485893705 3.5394312683468288 3.788801872320194
2.7644863128463 8.82960164229842 8.586027957740246 2.0109804719362825
3.107769960853683 9.722963181271442 4.590009978306482 6.945952619657841
4.400780882442086 9.783634054133117 6.539240640818431 1.7005136721885092
2.605939332385533 1.5807368667634982 8.661409233908962 6.863193111194575
8.704447053688217 6.3319488908355 9.886044329413224 1.0174122577224418
0.6185256119511378 6.3226428614632795 3.946076173311117 8.73172172219067
4.704330062715879 9.634089439265452 3.003159764351593 5.141815823128404
7.155636426085987 5.937240235923612 9.551183688594303 3.264121408856967
0.2135211852061376 9.744797436798642 4.066008157519625 6.0804218798713805
2.784422254849789 8.414075980164128 6.060234014948419 5.202085449046475
7.2691551714248845 7.355368420878744 2.0848621413891344 3.475282251212113
3.1405059465883545 7.018071962745877 7.329556865962119 7.1483085700772495
6.599490028631289 5.948076985217183 0.9486740312535948 5.3812181668195915
9.452267300896875 8.967813851781612 7.743577937920014 1.1643449307452753
8.89290201667298 3.906306166727167 7.006858081663227 4.261782978082025
6.537855132759515 0.5356918609900605 9.333526903130934 5.014365150026131
7.632741799527486 8.748286090371732 1.4826939676731574 3.6851573953254047
4.544472777888754 8.56621689498802 8.41161944760513 2.113651051200845
5.015970983744126 4.428293805075412 8.891982330787457 5.41587930807515
1.865881502632024 2.46687868067922 9.231750919572486 8.8560669663842
4.549086342099841 9.384763670301709 6.751563616027489 2.1027221678180434
9.156008423191032 0.4340690231844935 7.534465740407926 4.529068569461598
9.071017087372256 1.0936267260796448 0.5541360287471058 7.269124138895219
4.180868313515295 1.3008140193183935 8.86125375533273 9.38139611413502
2.732979229577579 5.493196796961873 5.40839601742532 7.2544369079881434
4.10297664330643 3.6088099340346664 7.373040820710138 9.652936255420311
4.993105682042219 0.1975100249395494 2.534993343005188 9.937938583755852
3.1720841697934277 9.693019249602923 0.23094124260380333 7.625813136686528
6.456841064059837 1.37719667601101 8.873494155524181 4.978710960906164
0.25451846690953595 7.694970158241915 5.461198538567684 8.31558675248306
4.31682657433367 1.3167652628074316 2.5890940072105946 9.876970750123023
9.772806234500093 9.95692306973667 1.7599917000648544 0.2149184442742067
9.925621458556416 6.532260755748083 2.173820477752904 0.19562013858128768
9.912793747629689 6.65058932190309 0.34963564132331726 2.538563208768275
3.6913893072263777 7.799412415351116 5.341388573076434 8.076569610467779
9.177272616472857 3.784944881320685 9.460901842385276 2.4906767423592218
2.052590103843852 8.714764250713579 7.65260307951891 7.204826046678896
5.195489359587778 0.15991868034701717 7.7816886941743295 9.456408814761417
4.219034899740721 0.6334526690150266 9.916455765922194 6.296980307867513
4.450978911575158 5.603484660189944 6.349057532660444 6.477648185036994
3.96020368461269 8.496495557610526 9.385602468307038 0.8239803389818361
5.330892872736066 8.021953213417891 2.0107299550810662 6.04279489500746
0.29385560393423127 8.637902962832689 8.85982754747612 6.257345165896076
6.65035927826547 7.873607155383473 8.597528751997167 2.4045379636004887
#
0.7606755504875151 1.394175547325093 9.080527044467285 0.5933864438774492
4.772068411536065 0.4352398966870359 0.3898333150287696 8.025557368708672
7.598977731878166 6.21013674516234 1.2438262188327092 0.5413209424333925
5.779683700955864 4.812371404064439 5.819694192933313 6.383250772611529
6.787435048990286 0.37202023501089254 9.094886134552045 3.9278949165199637
8.427029709023664 4.161163330243705 8.142977142518614 3.9875322169013163
1.3146817452657689 3.6187515298064685 4.106934935473123 6.89935006048748
0.3523050958063223 9.031764484774733 4.745137989054233 1.1220058465311311
0.49846280383608743 1.227417960664587 7.952551170183009 7.856877623057663
2.428328695306165 7.821419010560824 4.771403573644674 3.4422636096813397
4.891372433617099 7.881384182076758 1.619114208190961 3.0356215975213843
8.803718327394154 3.83243125329782 1.5613113353055224 6.370809856131862
7.3209284834961705 0.22408706198308703 6.260842706940799 4.36058436816339
4.771151777501486 9.953075439437077 2.187041630814094 3.45045540228031
2.5878758507636084 3.440083373358958 7.926745788118976 5.108225701762882
3.3878998017026807 4.405565046043034 6.361070959505408 4.99190102150708
1.0698358699027062 9.01515310333696 7.432060254966388 0.41390700909865696
0.65571600003301 6.267949340636364 6.4861373533113245 7.819519798077996
4.19936085449284 5.314131662474044 4.060287764880408 6.503962424060787
1.0100984139507858 4.153058379400302 7.579498910584836 4.949269344541074
2.5250709757383607 2.7801261868630824 5.756428979385278 7.297059152798508
0.6477951145260112 0.8091768058154676 9.294090375803432 9.806880841813255
2.324399103055335 2.9590226236053327 8.422859983978062 1.8215298541056755
8.570366404978644 9.399723965802632 4.15113233875044 0.20264408878345108
3.1677752743516523 7.197866985189697 7.392515273984175 5.731270439895166
2.3809940215272345 1.0105004469073604 9.597500076807918 1.1389757282540605
7.219005865875866 7.3089145702912734 2.4865082159257743 6.622562902297956
4.965479905464565 8.152065775916462 6.771740707271206 0.4590467773864617
6.024882145778947 1.6053572778020415 7.668961164243278 6.170734085543252
2.5029769118067287 0.2526668462442849 9.974654715583812 1.1180369927473448
0.7143906650283345 5.140476445502246 9.258972611722763 1.8921079617557361
8.774182931153145 5.189641962465746 4.497621124062599 5.056419404807133
0.764410684121402 1.2864484820832605 9.162960866958127 0.15118297368781164
5.992577015013103 8.74094267776025 2.3211878413034572 1.18657514318744
2.416906977181068 9.10947486950538 3.97290032960542 5.018856430442272
1.5445939919433074 8.453229782544827 6.419363974865844 0.8936790594699975
3.3783251126362766 3.923095336922699 1.656628048677609 9.59341726497361
3.3201523503451957 0.3173514240345332 1.6833203899053202 9.317042622986957
4.639618352495511 8.449005361599616 4.213943801532486 2.215297771353576
9.787268674917815 0.8438121054539947 3.725356193882263 3.4651783080341243
2.6648523229674557 0.23852578832035043 7.662401881397795 8.421394288766058
1.2829901379609918 7.3618093615192475 1.0931129686401948 5.023722705890825
8.760672142685081 3.6740701960222957 4.907862149006189 5.163300302883913
4.970749569223437 5.834105694639521 4.901695354015495 2.042211902069908
9.764996603251202 2.681761683996711 7.16728481559951 3.74157450890438
9.156101755892415 5.9599771455186366 1.8533837442759848 6.00375018246792
9.252772357012791 8.190714086671527 0.7489737028719325 4.351596789295225
9.798942309047316 4.19884926377536 6.109142318963805 2.9384573687306736
1.3935799154554442 0.43832016626566617 3.3934844192451523 8.475146511808305
7.138920525668404 5.954841548834192 1.0969686227261475 7.822040023042829
2.119893552379192 0.9274482696264625 9.59250626211113 7.973318358935257
4.118830312851078 2.256111946610294 8.218904849833088 7.5752723275277
9.478262381774435 5.565540958199543 2.737749182709434 5.264247660505177
1.2252493093896768 6.634942843994345 3.7726312021311905 9.047779784863298
7.458141393891569 4.529386399914367 4.891647157827776 3.852001577103976
6.34784809150683 8.600637354923094 0.21646459632703596 9.0796264257351
1.4979657939979725 1.8997368469018805 3.0972196890849664 8.99923723965167
9.09721034493931 3.5445174706854194 2.368069681715702 7.84304828727456
6.643607371531801 4.828702095891047 4.953916725750061 4.911978369849263
8.695109076692049 5.969960238626218 2.6318934553027833 5.268015094431586
0.2068576761188119 7.8446014788687695 4.793229879146263 7.033091220744674
0.17779672744865405 3.9914713912041555 8.67925924040127 7.1660908319326335
5.544028198112274 5.755237084069577 3.542016386634674 0.8895127689092215
2.8543164505400496 6.7165651484314735 4.121997461065649 6.3450779098074594
9.527444667782971 3.209439650564324 6.531845192304311 1.939217632983163
0.12828506743029777 6.762219231974385 7.394251419893525 1.0332312666306338
0.6198450349899574 8.649263895186424 4.223679574852269 6.430679565104814
1.490533135491547 6.987968295262654 4.838383691941477 6.732346523223059
7.089967446574002 8.845065746757916 1.6612759277716451 1.5050609924725862
9.34379104082328 2.5672179708297405 9.006668948488466 1.9236917792525352
0.7092830167522841 5.978434214491498 2.0752448601008493 9.779810103338633
0.3277620759275184 6.205309542164977 8.515664671353452 6.131243406301653
5.222254617924861 6.152818577201762 4.548047456540644 5.29270657625578
6.4502073427895565 4.8398743828269355 5.317613550105042 1.0585508235284475
4.057623669576743 5.835506100064494 6.295326748640585 4.348902931529773
0.4265717110774876 8.094726129748096 2.8493927938396557 7.488486558673551
5.4264293608666465 9.785683909113445 3.0355646772742184 1.7764835015000964
0.15740426865113033 9.934578069435567 4.264056517140487 1.5416426838123334
8.056507311693045 4.212451522485924 7.875952562765673 1.7226657512534094
1.1043290210548617 8.611211147150307 4.066118747931001 5.685758152170051
5.0124277018155965 4.924953549256305 6.255271412433421 6.19435863428385
7.829137568031237 0.4962934864094226 3.585004272692605 6.23275189881277
4.409087919294621 9.179166437506016 3.6215231014349314 2.3424853974935793
5.252613138012265 3.311034157327617 6.503592327203041 5.513858519369704
5.232635901515055 5.406402773819027 7.753634233959865 1.881262796821832
7.136299361425056 1.338601855628332 2.11608342250485 7.917202546486445
6.857219189034593 7.349516236223168 3.0813739926161645 6.349569434556079
8.748500190162682 5.583764316242599 1.9975418445299242 5.591823346410371
4.5247623247967015 2.9225126069673597 1.100585831364287 8.601571661571873
6.797427477442526 6.8995614564860155 5.712084882115499 0.8382414148627406
7.899070418963458 9.976059037243495 0.2668155291855365 6.484162789614444
1.9441236793049894 9.767866302029663 7.186338811865156 0.19062163085691175
6.583784638935184 1.813647840512834 7.7402619820065475 5.091724041742674
8.547195687679853 1.5438981030820629 8.408029461293022 3.200443561549867
5.7745257778150325 9.994010400223548 0.3360860385666795 0.47592207708533874
6.300932611583484 4.924449837108713 4.7137857088501995 3.2232007899259214
4.574958122667148 6.319310154944963 7.547404267638317 2.510510352850079
9.752197343227966 2.2697432578354473 7.578944144474562 1.084258094577644
6.437672498912474 0.9881745345048074 3.5989646697996562 6.907148496237851
6.084453792179574 1.6445151324138307 6.942346343745558 6.566145943155546
3.2383292345768604 9.341587641321027 0.7082252553566875 7.3052882084053214
7.365744693348125 3.9314409875267744 5.187848066500818 6.73709119255354
3.8560474394136217 7.77202516950714 2.8776418902277108 4.009541100999233
2.2425415225775307 1.0287457579930184 9.9660489108218 0.5051123306516345
6.984618653737618 9.310790867139769 0.31418229119483865 1.0980682064658187
2.8275169902661617 7.681905857411191 0.7598940668883483 9.539832135380673
0.6061113922521724 7.2527978012577625 9.950978568895017 0.3077985312691416
9.162737846726724 0.21392717127779637 5.04066951202477 9.79418584721726
4.884371879402169 0.4411996498683459 9.83105855236786 5.84473258769017
8.075059340713793 4.306294350897962 2.4471350698259506 6.211060805982226
4.640795878295506 1.9050924281019461 7.676774181571504 7.041764350629357
2.692237441274858 9.980021946372004 3.2400549202901434 4.573490099381536
5.398816623806212 6.331838293509055 2.5955616031413804 6.98121241466869
6.055779886898999 5.604844386562436 6.424853173660779 2.2425399736018243
5.968041557915984 6.615550587853778 3.4478188658360898 1.6079748162436238
1.584275052285351 8.899702983524115 4.6064837890343 4.283250965395302
9.992544486034323 4.166860656514032 3.208503170278506 4.616823978667805
0.40134262404202925 4.890721674808469 2.983763071041033 9.372727218578273
5.745896589987887 8.77541826002426 4.95764121248099 0.35416252513047297
1.0623121837182694 6.727963140950996 7.920277728878492 2.8237977682086166
2.8099230165500013 4.257867637720859 7.435377338036284 3.3800593845616227
0.706971078309456 4.532009698609357 8.804444734764855 2.302665182890525
4.780665517139869 4.140698807195458 6.534655672727306 5.558528102074873
3.8697721386607205 6.6061238006120835 6.177600298385974 3.671763835736029
3.668878875397816 9.109110680422539 2.87054939324049 2.6792703386697148
#
9.677340549772453 5.5693954989592065 5.718785446758565 2.9076278309471966
6.3892954912593805 2.532342446265356 1.0984136787588734 5.355565515604234
1.1052848958073378 4.9450734851404725 1.733600989585649 9.378529430327129
1.7213292825667486 3.694424476717697 6.790429998128775 1.1996630935579682
3.87744836898694 1.88165135461177 4.933313915129591 3.9448363611695436
4.604521119258022 8.407583409305099 8.395004209863256 1.0598288990580076
8.690444504618748 6.0058734017321544 4.537166976343646 2.3577039017127133
5.448802427132335 9.957149724989932 3.8688256084729975 1.6743898050450694
2.9557906373883105 4.312141524432725 5.824547385069203 9.622666017728083
1.284455870053371 7.209089245032307 7.131949971332668 8.44452777993738
1.8964511836055782 6.2111370192750215 5.470751357572328 1.2963335655970338
7.854379046872347 0.2215799756514789 7.244573385662998 9.967481074858803
6.774508341919749 3.5029191979330307 9.462150927635875 2.189697617045533
2.821486562763221 4.338855023469975 6.072127333940502 2.6207284752909854
5.354114517221253 3.4729668598442727 6.843546145361277 3.4999693834572025
1.4038025281517301 8.740503958051676 6.830134200905481 1.5923115231893745
5.429166949535526 4.599877737264586 8.788925595567312 0.24747998353500833
8.199250498704902 1.7598071114881444 1.6740373024307273 9.479296081031043
7.251933896937858 2.509170043994479 0.38489267030611884 8.217481673082215
7.3701856458839465 1.6680799764390284 8.723767344694064 2.2739073286587153
0.43587191796066893 8.703707090475064 1.4220233852444268 1.8808726877511646
8.089098293017386 1.8133113001853483 0.4047420563769384 8.851860065921644
4.005272497366013 3.7489941255885624 1.2751054136606639 6.9928141389840315
4.6402515677712515 9.04448166522069 0.9472796281094844 7.744450036598009
4.520742550741588 1.1427708616463397 7.256120116730714 4.41322429756709
4.102778920706543 2.7496086362981256 3.9138323008464253 8.060792444648872
7.596538982574488 5.487602334664576 6.1595048437848465 1.32561844037278
1.5355135206332227 8.665611607305616 8.54112037215175 3.849058795254458
8.840971405196695 2.1206335109822994 7.208462652088716 1.4742524027415205
4.091488814805981 2.8958566182632595 4.683577815125132 7.1097838131850075
5.8065917462707946 9.04985532702409 0.3424566852144091 0.2747629639517424
7.996695177593896 6.621782741782205 1.7824367337702856 5.162932494914376
2.257672037139458 1.5296916770003013 6.0551186494541165 5.192163374517617
4.1502477629809285 2.2647921022062167 1.4636580543158706 8.790424492335976
3.6641435275818552 5.3166092629466695 5.4809772272666395 9.326410058181828
1.4728390338650992 7.087176948398626 3.7974633480067044 8.54690090746081
3.8185062705698667 0.48958831863468166 5.472378263813997 9.984964601075035
1.5488422560502868 3.2791677301351836 7.506736986911096 5.769695267109129
5.7046794436300825 1.882279374364828 4.302724662621674 9.338776925785648
7.869852530471946 8.661884432917434 5.28836986840199 1.726777251408616
0.8693109101893635 0.47883491668124556 8.518107401432495 5.751279716217256
5.294398627068008 2.833912372119704 9.93274812982016 1.0538062717541599
9.917723710874032 8.158358989914031 2.033284581122753 3.5697959774219887
5.179518528010118 1.6921492656092503 3.486526086073491 9.57368575779807
3.3696412943582144 4.457003671025625 5.927613093745339 6.813348857048747
7.224621921632118 1.3050166370475234 5.045626840506594 8.953678007820546
5.539842121230867 7.198360741941342 5.326613156585165 0.11816271633565467
7.5906709047827565 0.8719760427535448 3.710081543903817 5.167084690257228
2.72421403014432 5.899401050608 5.758349838342599 5.883713047703195
2.0478782004206155 7.775011182070013 3.2562891538036727 8.439396472901432
2.5496433293446064 8.496406629808808 6.789689656891788 0.47722139340527825
4.922639414126202 6.65355286740315 2.258907331435221 4.091997821592259
4.939720870505488 8.024300538579539 1.0042198298625227 6.833207324911656
9.028314991942214 5.526611031213918 4.693177585150854 2.990935875042559
0.6600947561231658 8.650854008645018 2.804563668941744 4.322364683419551
3.921754103752727 7.5614048459128025 2.993005253570854 2.594750894150871
1.098898143961303 6.796838073746031 7.319151508707821 7.445313618424189
1.3577942501073221 4.6227071220923 9.722012435195971 5.557468494355555
6.8118375753895 5.11901296911971 8.373947358043852 0.7894676619766896
4.487235709870522 3.8555979414157564 5.717343412611481 3.263145538026733
3.8316311059244046 3.539683843587917 4.38867702953021 4.524249316489848
0.8226097974396795 9.706700526819727 5.045445015652907 1.0131435688033568
9.78269432145932 1.4109532615544627 3.5123953656904385 7.7010596473587345
6.539075098649849 2.334401175725367 4.921139729039543 6.437114720136652
1.93259936228455 0.8565938841799721 9.282829204861269 2.607681522066165
7.641835031446963 4.504650742317235 9.777828864294065 0.7676103354705512
1.2059524719966461 5.404598731141211 7.974041576153608 7.447624544961757
8.67705990926527 4.944367302044846 0.1451374160114529 7.865504249095801
6.053272775212133 8.949021676205803 4.214038703954787 0.5745225912948415
7.787584588988121 0.2730002203776962 3.8638043985734236 5.584564253858888
8.980165229628367 4.334433642887611 3.0641847210736444 4.869357157689369
4.93349215336691 7.727428464725946 0.9433352375387525 8.930206455006312
7.1062656951966385 1.4248327707813195 0.6231948424766758 9.869153438536253
7.06017451698663 0.16812866419044514 8.823352364351356 8.793706990835188
6.6918049423354224 7.385110001460442 0.4222696615551289 8.674817227554698
4.613145129094632 1.7763123350744858 8.674683402507725 3.9297684349072552
7.093038648190684 9.045423901149869 1.129349604896118 5.035358639058042
3.602956486226282 9.139451451829974 0.11547607098833534 2.6873372958128656
1.8030078226591009 7.22311819814451 6.414845681880798 6.198188518208495
1.757998189075849 8.186701744011767 6.023534105874955 1.7916622717263317
7.909721918138611 7.055217209250018 4.669921180913207 0.8983460425977468
1.9290940256507816 5.500046148558623 4.712848112933069 5.936164414669891
6.132021614462608 7.089868992110684 6.887508629876541 0.7847887088625658
2.86802914983547 5.583785990377373 3.6345068762741297 8.584574191024195
6.310878573069553 8.4248380443954 5.060646110030507 2.5337374994260577
5.2448676740040225 2.912084356220924 8.39337546651796 3.6086191749103875
9.087309566521391 4.185159303535511 5.092385839308236 2.9411547531818862
0.9944136957042877 8.076233229186906 9.856615475962547 4.266918235928034
8.043645477200311 6.8238256239271315 5.590112235359873 0.831261373050804
0.17278069463157486 6.14816080494741 0.8649096801213236 9.886204595383305
1.9802699932200527 9.305679650687537 0.790334779499176 7.7679100827355665
7.516327610604076 2.8459087118264073 5.8181964210160535 3.3540821676152017
6.201554373267934 4.059505458387896 0.5276962351002021 8.532603271604192
1.6478053988418084 8.588372406232724 8.864518555862485 5.601834026037676
1.1476200176863043 9.123513070371354 6.90195576032902 1.1488906456853472
3.613153100563947 3.9108772793227984 4.713146735626074 9.825434272288213
4.213802819387941 5.72969333137844 8.675838947604838 1.097218422719095
5.880496569683425 1.1687539932827353 2.309087213119279 9.905644849025562
1.2396538153499486 0.5919498057900805 8.052913994622164 6.284838558066365
3.9621418035850255 1.222655130054954 6.385757234281804 7.556873591781331
3.0354813529843185 6.2737216400969125 3.5905295174430423 5.798084831621518
4.915830197596417 2.6041396992174297 9.058888517694754 2.337127209312079
5.366643393392824 9.633853999568116 5.263831914964558 0.10387558908059091
8.771469621295452 7.155373987649887 1.0589576647637773 5.114082120746393
5.708229841165764 0.2507821830689858 9.259274855607487 6.374994178890482
5.808390844673475 6.771421851083036 4.76105227840856 3.837897388028888
5.8906970380201695 8.742753395785753 2.0345134674535394 1.253612292372531
0.8058911494342356 8.076854539016926 8.711241856906852 6.006003624027596
9.595057033245698 1.2319829280679069 6.012965677437132 4.756596739684836
2.5471785494119805 9.725401967455493 1.041605345087965 5.267122365794406
9.16550877064362 0.4386923906599849 0.5398937272815711 8.971719700056529
9.362685079991977 1.2752034970152195 3.834641904403605 2.944384173907894
1.549814312066839 6.136294782042106 7.36401094235806 6.690988943316272
1.471358558843228 9.393078115499364 0.5319736715829864 9.801633665862408
9.75492992538608 6.1059793359264685 5.749884796747911 0.9236837584696902
9.786255329017587 1.2691424311416086 2.6586883424103 7.996913456392221
6.14918347466718 1.7103524869681221 4.528824714123929 6.695144787511124
9.94200164384488 4.092108225296742 4.637541182988216 1.5262581487596631
8.928806270863582 8.917423751965963 2.5221687830454127 1.1773758986330063
7.8049666895659096 0.5047948643925579 6.070688667432565 4.013542015353111
0.4154260563816461 5.488370573599443 2.2683517544107397 9.944632099637444
4.536531331573271 3.1933837083036503 0.23476878692972658 9.690972107635107
1.3853984678013709 7.963868134215909 6.649504031613354 9.35913186341271
6.5623411194450085 1.8254190462817013 2.59627807355632 9.722675834752778
4.010717017892915 0.8194463649227854 7.054791826406678 6.179763811763786
#
3.359357593932505 6.253965199483551 2.403185652488187 3.193269528970883
2.121130439446105 1.7598401009826543 4.165272578391077 9.78471913697075
8.476037935802257 8.639535693868421 0.5242834497648943 4.453614885593675
9.642721650375222 4.154017467355359 8.23005074425136 7.252308239648656
4.663208381206078 4.711529572718201 4.131063802582459 7.817116262616384
6.396346636127296 2.3295576669926654 5.311624898845708 8.182212010266309
6.367192679764049 4.968584128846085 3.506976587664563 0.10984875519290682
5.565053791509721 3.026403449470271 0.5948581943858544 8.197625217504712
3.496661721017831 4.166327052823344 5.3196722148847 1.2466015799195969
2.4746285933825716 1.6713408630390973 9.785902517530113 0.14816484292926368
7.283038267268109 0.6932551635064312 9.562981326066186 5.709157712189285
5.564507655406954 8.966427859667789 2.395777821388509 4.102743105253378
3.2418564020869916 8.023815764503976 6.22962082882403 2.6499918995192253
4.653358624480515 4.861720435463758 5.142128683950782 4.920533975812265
9.125700606702758 0.21898021585517036 1.790656848191436 9.673227360035114
7.162842705941955 6.213544549342139 3.4726286230195846 3.61156298480033
2.4396553473523013 0.7079058067775108 5.3136356975100085 9.370634817476532
1.7866038817997563 5.2134172897002236 8.811043668622395 6.162258662123293
1.7359743108008923 6.220674053479609 0.9999394498648906 7.846521814585785
1.6140390054239049 7.979623390787659 7.213980707471254 8.774906720017295
1.0974253907677305 0.852262991900151 9.392255454962667 9.97414631501868
7.917619790292257 0.9739416605848676 9.550022768182686 1.756800876955222
7.052265642956426 6.909337493954072 2.235802355708042 0.23017019615046852
8.446958777447454 7.565836854957937 0.5350334195385296 9.545445948349183
8.148340830485882 8.184179905530574 1.5851652453968215 4.472020547935278
7.07876788890659 1.541119892986286 5.7998535060207015 7.670477609154879
2.192958930074926 9.886944159827415 0.3116259165484516 1.4462069275081637
3.175868508761252 7.636348239096428 3.8064864034895987 6.114691510602062
3.9575138813833504 6.896263963809764 1.173166559455722 6.641750140439661
0.9613585979238515 9.79171088830142 7.060156567769627 7.048261676751604
8.162614132210756 8.36876391598926 1.0957172739425944 0.6051749880321262
2.01845403538748 9.40064295787612 8.783594998515582 6.390627315323946
4.359655847123278 7.322664615575379 4.555245917757332 1.3721541953557526
0.4646101771887876 7.80206304009819 8.522548695111775 9.199261423817198
5.123705471161219 5.122652043209563 3.3692238269651362 4.730775268557662
4.756391880732586 7.024214462790223 1.5281580412243856 5.57685029260508
8.594709899729283 4.123639838624196 9.408234522388838 3.5601472648349928
9.72025516374741 6.43906680294058 2.926641360222511 2.557566296287711
7.234947405216505 4.467685230010582 5.7743756700829545 0.6102780838870157
9.993790775291572 0.3832755097032692 4.967735119587214 8.470592131377336
5.214274981982139 2.4394638022150525 8.235913944613634 8.036880466408768
1.1637461525187232 6.3898643571976255 7.485267231644892 8.615058664503753
5.9815991130032575 8.967914491407088 0.25157138388640465 7.123818296048283
3.343777611338016 4.898436230758306 6.284899765657005 0.6517478400612591
2.0541987865707365 7.4138456998075934 4.2582867278503915 6.822283279772914
2.5512260851685946 0.5594369301827236 4.437648880734958 9.660976061693155
1.922806869254635 9.9481087663905 8.339816369858994 1.141619163633235
4.227729316516251 5.457911632863784 0.1877917006466978 9.853138726228647
0.7984996540351998 6.0155816576829135 6.7399414945603215 9.232739458811176
3.212652138588636 9.40389563628796 1.684267279676689 3.1168403868719095
8.139664480483546 4.806288004819371 3.0398652953770626 2.8438841683077354
2.471521640853379 6.141319762959918 3.4837082664560777 7.503626302549063
0.7429108967056752 8.43540639446243 9.251868011057812 0.6292921479277522
4.6758101353016235 0.8535870872213467 9.106275824377377 6.703955001745828
8.166591415465016 9.189738205922707 1.8085175246369363 0.10469169182579208
2.697295494668021 4.280621572218514 7.551363640860972 8.193904981236884
2.762968263638431 1.5541118829287845 8.357229078842147 6.215307014008356
2.598730115929788 8.471840857044292 4.7048141982999665 0.9146342943340153
5.2659107924941715 9.785447605032346 0.47865325087417165 0.8982595696459192
4.3231263530378055 0.6309986097461069 4.016795740245561 9.820345426087814
9.193248463781377 1.0016676549687205 1.2243128129686953 9.041482495584404
0.7869574500333876 9.624210180545742 3.766209506130826 9.155390467170019
1.1195795166933857 5.2145747641019 9.211854414213882 5.138705159511582
3.851921108738035 0.7570886091112827 3.32761400604565 9.509910290446111
0.4625693256297536 9.81949932576844 9.21526822528459 9.83881546312217
4.399378732114419 5.113154010000441 0.9480412124418747 9.995495835655717
9.34771985404606 0.19659883537017642 7.4173678124014675 9.4260684098527
2.817252527565521 9.458095349652716 2.109849652755039 7.096120480575161
4.057720920817861 9.992547093015757 3.994855679535506 1.3180265416316743
6.599634362279818 1.9097267767087849 2.8254658075923715 8.586504069537973
5.490529700517778 2.48442911250387 4.1990117840583 9.23676981292357
3.1889650292086795 7.654039281956861 3.0526011580374557 4.712915235213683
8.894072113382647 1.2904284760450073 8.89152334531339 8.00620748350774
8.956946899766788 0.7805539844628777 5.7649474629468624 9.11345850079401
3.738162230674215 9.553417687281831 3.783500154906301 1.758121210478274
2.277181609749603 4.8200732501154 8.576672227454063 0.9783145757457969
8.759440084642135 1.9738844123258912 1.945344841502454 7.782411720075741
2.8849960304179683 7.344513738503334 7.986907419081989 7.273039191128462
5.649735103989889 6.556484204881471 5.136516590529707 1.073061231482555
2.867768898866551 8.251190185058208 2.2253886496590884 6.005958791322996
2.123837281408216 6.75493299316264 7.774366981052879 7.491305954926951
9.170664321915401 2.8326382404851347 9.490277371425247 2.320891502888615
9.663807951173235 9.143793378256678 3.042119725791765 0.11148877701756721
7.36456881563984 8.992035449981232 1.9566123282086596 1.316337757037565
2.9004675570527247 3.561455144316762 9.048365403711415 4.262058430680087
2.095591879972627 7.256494611573055 9.01869391889048 1.4793566464980494
7.095049449160008 2.4287905851096823 1.8018420017677919 9.068674547439134
6.098851832549286 4.96663105027206 3.6535535702257307 7.900649240112549
4.528139214003025 6.367388198761592 5.177102148958273 0.9727443991747551
2.572539725811812 8.155970165111583 3.787310761920481 1.5038253754735513
3.789762313323971 3.366930054411508 7.554542865092992 7.623642235708806
6.759722670379496 0.573231487773179 9.829156216578362 6.243077423887578
9.682551615227142 5.167797961299726 1.4018648356087189 6.047911182511111
7.948910365020603 1.5098659105039816 2.951085752761244 9.27855523052359
0.132522825240744 5.269334768717954 9.622416319156162 8.29215094597129
8.745453979609408 0.7905690712948719 9.589089039605831 5.143746254847791
1.2843935145610925 7.195883952836945 7.6662459688764635 8.220042185245557
4.9481811476168645 4.322814031590897 5.195347946403862 0.9715166814908187
6.5677702147555 5.335859893841171 2.515592014292625 6.733777454072557
3.818074767889472 5.057157079132077 4.414625251587625 8.999191219860034
9.179390902987073 0.22950068597670104 8.580405169010723 2.435927163363883
6.8968236396198215 6.211157619268903 2.8513362143657486 3.9987128549368847
7.605978661811905 4.240322592735831 1.294436063441549 6.25844627556122
7.34046447397919 4.299668254644998 4.152121532615768 4.832691084053994
8.805198622624204 4.886161640155167 2.350920459954282 5.61024512778042
2.3100812060432694 3.181569564559396 2.443083733085795 9.759648455751513
2.1050399010896306 7.390967838033328 9.49690510885485 0.4944037153023295
2.7581215947186855 8.151146177621825 6.460832546258073 4.961209335646408
4.458795755242183 5.164197053786879 4.895895371224241 5.817069990669161
7.477469870035414 4.483665090364791 3.56362403300908 1.5894565673404033
4.074898475926578 3.1127308183262894 4.893488281416587 8.548614245163886
2.372888505953105 2.9415483935483606 9.473455034248405 0.7462392144594894
2.0733801676480517 3.364923543090681 8.400834784924713 4.881652025583119
2.046811532414707 7.8170206986523745 7.583107874154371 7.672989699692231
4.660576938863512 5.689941670475514 7.097869753592617 0.5635413654412931
9.81388644172435 3.142304489480402 2.6917646579308814 7.715937206350718
2.4288788605897866 9.465391414779097 3.871980862766965 5.537223559358908
1.1342468644688477 7.752456173394448 3.8512605351398834 9.358616464796619
6.970070899794826 4.9982794775739965 0.495912106462268 9.97130172024977
5.154043962900537 5.012251840057376 5.450652390485781 0.7529843052390452
8.850897813169494 0.34935569392967825 7.998255812108576 9.62187122492396
5.4804266171135065 7.199184243811571 5.940466832995989 0.6394715714011037
1.2653713207029202 9.368599002393568 4.242471174172235 7.877396510082157
1.8484153701221602 5.578722485603933 8.920695903215254 3.2727387571760307
1.9909010952433803 9.519860290333131 5.8405462134607475 0.7253926983278687
#
