#
3.7304365276313467 6.455932011247131 7.043059040767387
7.4856625500683815 7.882901701129251 2.017243167424398
5.5942093106788136 0.3653860481258908 5.964825395684416
1.6196144766336338 6.230595803000171 7.671003809110495
4.058956056067011 6.741242180064144 4.442761457150979
9.504569258553573 9.667664372831972 1.4322580509079286
7.690243401248065 5.684697023135307 4.400490845961144
3.9171648736733857 8.831624876563815 1.8853992880404458
3.2159768904712926 3.8496207023271403 7.113725610604446
0.8988863977018937 6.13617909291903 9.301028768148047
3.7288928189032924 2.1075220424582994 9.559822644202463
4.1297923447750025 4.760617352768457 6.7784644950247515
1.3052217518573674 9.967072776848699 0.7428728453798383
7.3687334050933675 6.606450046705187 5.163214212565966
1.5544232639261573 9.392092489810217 1.7223296696255748
3.5831682616456337 7.038053979861562 2.161187154057246
7.730146465306204 3.1612975570632367 5.660884472078384
4.970937486253897 2.5195742487370905 7.259156473309071
0.9451473892887927 9.040849934935302 2.4868317167360408
4.233210885683822 6.645662486575465 5.459693086312546
8.902609193872802 6.6867257933683515 4.068205764498144
6.873452758701391 0.187168143418889 8.547134191961291
2.53786047168259 8.607732751629719 3.6510159676896907
2.7587070268599097 8.844745846394158 2.0174840700271264
2.0207912092261924 4.399605862202496 9.423599427862467
2.337364626719468 0.3068438597388665 9.73201162889181
9.975753089186213 1.1920683619431376 5.353913897206986
0.23119848321219827 8.627281260694676 3.368936939146122
2.8288073216049945 7.182550028812268 4.5208134440404395
1.0506383236964782 6.841481342304377 8.645293967261747
4.719817736039361 2.86324777300778 6.697846046706625
2.096676227507804 8.683815257398834 3.1698965412610898
5.880604873511615 8.156649798948003 1.534845444183993
1.488510726424518 7.49192558900498 7.412889841190281
4.797756673057506 9.901745035301834 1.0796413770945836
6.570916274311234 1.5864250397860125 5.780847023201837
2.0005359269796252 5.926889593009113 9.741301170431846
3.9777756522707115 8.504091988027582 1.5401930822735168
2.2865931285164764 3.701148716255824 9.171222174451971
3.970058417883715 2.0767567226259867 8.110714659295212
9.816700149180065 3.011507189823665 3.7197315150335735
4.640624453707278 8.498667763231477 1.9596124336844336
2.8690267685612256 6.801863522583587 7.260833986338888
2.5521388790342345 7.385810945237942 3.002239423839431
1.840542684958908 9.963204530420063 1.2710905008998439
7.444917354941116 5.548465109942123 5.765125650473666
5.462992872487053 0.6878644814104451 9.5539090007087
1.0526487005415017 7.973341519810106 6.608927808529447
4.377067472745447 1.0500796298263775 7.94199164374545
8.976601518277684 1.5070181878183542 4.049175244895549
#
3.266083110523429 7.157087484399575 8.87727801274212
6.771998641691636 0.29224273297987846 0.8920519872666457
4.287939378325348 4.34103449682962 3.9436487923827133
0.39349811778950894 5.143476908256644 9.057963276702903
5.831047627046017 6.677335881890574 3.2599851758009715
4.536974762749619 2.4297445997082963 8.132949991194288
1.7298138592345205 9.610391546986158 4.988771051014488
2.2612934017347386 7.817718673559772 0.7657569768176771
1.7439788156407832 7.802261779213385 0.8340027350429446
5.770962421437949 2.4085982276961664 6.720408101838643
4.984339975503818 2.9840256662187223 5.577135917271286
0.8260764073757629 9.242155758196525 7.426994150126584
5.020665970600831 7.7021790220290836 0.7708611560335523
3.047935726190436 9.999717064143558 0.41944223921034496
6.913150804760668 9.962095436153955 0.44823899532161615
0.3028023539233953 9.813687529732402 8.530473436922877
4.557943525795811 4.898816278401952 3.640104943627981
3.6983464855114803 6.516070280798262 3.592078979509435
3.0890013748870695 7.491118443580605 3.5890956384686508
4.195859844387941 4.13386016704232 8.572389565483292
1.3640811183755472 4.64277820070106 9.435132939621138
4.636829843555304 7.747608234406823 1.4396495324768237
5.349967893119894 7.5018481153184196 1.3825430348125614
0.4649397632607579 9.377430736326481 7.034347098899155
4.207428429382254 4.55348559676285 8.005699271954526
6.3825027118512665 2.356510187733571 4.584136626621274
4.8392061726863504 1.889865535902759 9.233850606853107
0.8518462206241315 7.553926093853993 8.85317799069527
3.329409822095048 2.127523903520201 9.491719119749433
5.812491990663691 1.8859975983472532 6.947256552939596
7.776775124256214 7.983986246826589 0.4954043674388444
8.747848027594818 0.200756947708026 3.354797066004201
6.635665351265498 1.7199457983183546 2.781100709254644
8.882841610776456 0.17038055907943672 9.318172815131994
8.163601839336009 7.909208773835378 0.7339888104665997
6.720241047574729 0.9688963263106753 6.1952192839107525
4.6195202981982195 4.0648616388940395 6.606310466014852
6.668845081659696 0.5817826242958617 9.95072790912835
0.6213357143502991 9.830354081904598 1.8018036300437061
1.0947432540461284 1.25343487933358 9.972252676082368
4.041881175919408 4.77911905160386 9.405709620531582
3.2971950182801097 2.818647112806478 9.608288153227951
6.302146300895173 1.3265037399196302 8.875844666228128
6.324331187357737 1.0617667552576786 8.34797574460925
6.496088664756643 5.916242920552903 2.592985684201816
4.261257741626179 5.247333675599036 6.696603279525089
1.5477170750260623 7.778737123270691 5.8771980305265625
1.4868713592264964 9.915555232475874 1.1586319418411306
5.277287076303569 2.879784052174022 5.904638225062433
1.5932989583218697 7.17683471413954 7.565739428535043
#
7.783245931084558 2.5990592041167098 1.8710780303043024
2.450214555696634 4.930526982825372 1.6473063082660793
6.270893881218716 1.0726629902894285 2.5443932444542625
7.856055241428795 0.35066429488376283 3.9144987407290603
1.686209971815396 0.5614185933515934 4.695955728400953
1.4080136237568248 5.211280834991783 7.963678451537545
9.59450207351346 9.845017310603293 0.25781528651896224
5.840857091963025 0.35176666309166826 4.106117364428033
2.3443217427689396 8.105760057656038 0.8681029350306142
1.6576226547378163 8.840755325390667 4.989562547635185
5.598028838133446 7.627339124394893 1.2499524177517625
2.9816241845329343 0.47259241550289754 3.123177838878049
7.6370811650732255 0.9342156453719861 2.885687548954898
1.0957145494049678 2.6945284040049944 8.858789556265993
0.638177900083404 5.713791182582218 9.227856024768636
0.7215026417680788 9.948132222308342 3.9948703786695536
5.96778513098084 1.4984244959541648 2.245646492786623
6.826721046766434 5.211588551001993 0.6050828931282926
2.148153662168922 8.742100306598493 1.3936392352319409
4.82332246407711 3.7563664616333243 1.3593811411432406
8.936442453713726 0.21602276714193192 8.914566905997825
6.388587058460942 4.834767764896333 1.0849064308067096
0.8325019366299964 8.782788427042027 7.8231993483782745
2.9971537078607717 2.6182697483497366 1.4586163781137707
1.2977765770740284 6.363121300845668 7.7506449528738495
2.9028800290899532 3.08392850710869 1.9317633948479225
0.22325475492357594 9.893950612597155 9.282358920162627
5.732276036306814 2.307815179055979 2.8728952685424347
9.367487335721378 5.056685051835767 0.8921847957983111
2.706902772154869 3.955279958761595 4.358608974658094
0.2801539088203926 9.364917165510104 9.984413912551108
7.565674069597311 8.54931115284546 0.5597054792357845
9.015773885316628 0.9006154395292079 1.531959504210846
9.40467643990523 0.12700433190376526 5.7661159438351435
2.81366410405926 7.643300975601491 0.6537567854867676
1.4403593644244497 5.145863400375439 8.250923927198379
1.353020816390174 6.934786719941718 6.140102249614452
0.5761189144864023 9.63197032985789 7.985185384525728
2.134813830369341 9.903578222695174 3.9457145704644994
3.0199297014321034 0.2464973520712217 4.389187244148736
8.328259531263788 2.5968741963959467 1.3447965275716953
1.9395776937691438 9.173063901956906 4.383757272929362
6.808056041635121 1.693633820522491 2.0332147319994895
2.447033943840543 6.806234713587033 3.718517320921765
9.795704256008776 0.10214964520469039 2.0360435557984844
0.7471645453472533 9.118963475168908 6.066843547303426
7.351316150604122 0.4141767752040586 4.082142901614342
6.4295971330440596 5.192770003653776 0.6267986520139495
1.1891002824621038 1.7447628555108703 9.56119993715808
2.8654197780916975 3.7861217755442764 2.558494298697564
#
0.7404926298396877 1.1495587198295532 4.870205341749872
5.01267594130772 5.094007928051056 4.187369620412907
6.195944624055629 0.5087356752619927 3.3390264994672094
1.8448482427268398 7.935945585879018 3.1276596871385487
1.3252923464112194 9.393039762215466 0.8490970376876872
7.656199681248097 6.023959182150187 1.283072397330094
5.24076970894606 4.8336826036879055 1.8091470956707245
4.993204256366753 1.8474252819077632 4.484470228113809
9.44847243027726 1.3914881712853644 0.7541900353050295
1.5389973214336194 6.947469592419795 3.5603881904879557
4.945003460835434 5.371518941950407 1.537805788006588
4.3838506125458165 9.355560762157097 2.2963986679786808
0.3978008380736684 1.11785915327907 6.97524843868456
9.17900411776011 9.048714720783456 1.1561780600590108
3.3989002260959005 1.0740630246056386 4.8863687856906015
3.835450776290486 1.0000227741547905 8.20132739621944
5.922430128830585 2.4706715920289675 3.890440900609931
4.565763257657123 5.274425150063919 2.8521871828944856
6.260470867485383 1.1733889435006741 2.4451970200043163
0.19131675906044343 4.10875726159633 9.347849341039044
0.37139883758998415 9.799587976059314 9.172827809937957
4.464403012724222 0.9635248519744541 4.5485503918953585
6.148821249464252 0.2738908698837941 3.367514368616397
9.234044961813847 3.516623926457628 1.1366327319263085
2.2259197362642547 6.274933358613619 3.4386196535519833
6.0295284321018325 3.2801011424348925 3.604591271037839
7.9190024055468395 0.404050454859167 2.9612793290781037
3.18734704801751 0.7388353733552702 8.845513970077857
0.3653721880203511 0.8985482646032574 9.296921834244142
1.7882593011805454 1.0977188432933103 5.09721369923726
7.102294093824991 1.9509588849733017 1.543214260272964
2.139661619530446 8.993140268428983 3.0667726699301907
6.740227580231202 4.039366791883801 1.9313499335854658
0.8140820545992069 9.882473165921978 2.067128547797242
9.41958472946882 6.505684587698356 0.6449954815430088
8.9632782642062 2.5063764593928064 1.3790413101504182
5.710465285102945 7.62539393361085 1.1570757859868634
9.344942275526687 7.410980235357066 0.7263206638573481
5.426011036004874 1.69302030858654 4.023409400897428
9.98876118663204 0.509626755807461 1.7520950034731286
3.2004250545172077 5.35219093603133 2.662659316815589
0.38284843036272687 4.481990149741058 9.003810920043339
5.312740636189175 0.30216053630042783 6.8147475682815415
5.886340723637571 9.12921185111143 0.14285394921732397
3.9016575315854642 0.9577546731354092 6.0546266422152115
7.150490832515175 2.3339190731718946 1.3868624642111502
9.538635551647431 1.1243673729417765 0.9318792229708928
6.249009867151969 4.078628460138251 1.5554871105834573
5.01107022053587 0.48478917007678834 9.8401994636958
2.6808340181202706 8.204086841119938 2.5185006564409704
#
8.238538909840523 0.759624591215891 1.0721832388597963
3.974010712379592 4.349418032797849 0.7764910396250171
3.060453344627854 7.293000944783678 6.171166408811967
3.3882113002562453 2.3060869808672195 3.1502604182577363
6.728408794169875 1.9206807641011383 6.7944588263156955
4.9331521578093875 3.0534142619472493 1.574868185055644
3.6008295236040904 5.586496119302813 1.302334735438305
7.44542217580495 0.8036174098387399 4.092758965665185
0.8573804457456289 9.11496863685664 5.658343211470251
0.23039194170394683 9.500062262488079 3.9337807107213374
2.6226978642103953 6.576114811963894 8.101912761584835
2.1166136631664383 6.578163295455315 8.103458381177266
0.7113839533555746 8.524881964240894 7.361999111043289
6.12777465730388 2.18914974756519 9.612059952868629
1.4655230141513798 2.589334573279911 9.359391685647282
8.235242542015678 1.1544178289604412 3.28093149252956
2.370947026256692 3.4913581019596562 8.904044052482128
3.2118225214914 6.060844320596858 7.409801331153093
4.115122210226283 8.756175201131537 0.415929512671644
6.206434105442938 2.2519153980077045 4.808173726000398
3.5012656548412666 2.871210455503596 2.780838024181043
2.143829389916227 9.006810912572968 5.710256576761663
3.386819303556536 4.451226992020669 6.719658280040523
1.7279226221325623 8.234838526739003 6.667234819991801
7.3114533852696075 2.7005234885845617 1.3989282150866758
0.8183540627519488 9.540984080031278 2.8143479491733823
3.4995842140516227 6.749138240469419 2.955132601620893
0.18766272306387766 8.735182806985728 8.825001352716937
3.688596119088725 9.141198986859806 1.0263099222388838
6.644396115954592 1.2562008382301308 7.611440271782093
9.77325638251455 0.1767167317976046 2.0582553211385974
0.14501121828681995 4.2961176657923765 9.629292671796701
9.276614414673908 0.2873783868358881 8.687982497629239
1.0136071297488192 9.423341989022061 1.1992186781366394
5.020601413811232 2.2608842531710125 8.169367057764756
5.391551035698864 5.909434577626976 0.6371999570371578
1.385050595978985 0.706768607361421 9.831948063192412
8.98636534142689 7.988497571725979 0.634394501565116
2.5173205374896805 8.853454180900812 3.890554471416528
7.764335314187765 2.1648145485936694 1.67861295361738
3.3542552356850948 7.999843366991227 2.5079109826027204
1.0140279855262548 7.965078838522332 8.990488431239614
7.130426161871391 0.9380595714990188 9.48427334104997
6.554202764202888 2.4604116149038098 2.014664443271389
3.8413818204056893 9.1088623210692 1.070047662365261
5.462807380341181 0.39894565789702874 9.668371026152366
2.0577367392852284 9.18623282318847 1.6259822166468902
7.328201210260904 1.6224957881198483 4.1592803543455155
7.019417211266564 1.769266754532993 4.007605771105179
9.666802704384738 0.6088268734418847 4.030310744601374
#
8.94511298122702 5.4250155747809945 8.522864628530309
4.82013275659879 3.102049005788762 9.482440079895882
3.475228571827809 9.707210245858228 5.490172497960779
3.5854267258512382 5.897443896752653 7.757999482613057
8.908756382334687 9.04905307746936 6.013673308087437
9.581212115504595 5.927252906183073 0.8908147867165539
9.21473724701552 9.663025139880606 3.9624169196496757
9.364313228641244 0.6229083027161906 4.313016840923348
8.950418665586136 5.614244184285459 6.732458252315982
2.0564287307221507 8.779654374353042 9.888449499136406
7.613330001398765 9.861771243906528 0.27611690471556827
9.676927669375885 2.0689635469389525 1.1154799980496706
0.7097028514043666 9.678335619142358 8.360684610835902
9.256728162059265 5.210030147749937 2.052418156015318
9.796654610230274 0.2738393503063907 1.8767504669322514
1.592314983029457 9.906642972551436 4.89829850100174
7.91216308771683 2.8051765723515243 9.549555659806252
5.8362830473776635 9.995857719715186 3.894866144411467
3.9765177825760367 7.83244356393871 6.149645647988573
5.588234597895815 5.806108046336124 7.0390713272823655
6.027018858650005 1.855179551105289 9.889351929616964
4.587558655100306 9.63309809020327 6.061330415450811
6.163063839057708 4.885543520477494 8.99401763178036
3.6506075982238646 8.510805506902003 7.441800410135603
9.074555187608244 4.09351361648727 7.505891806296048
8.69518573715938 9.27482289057803 5.7719215116980305
2.4147533269982673 5.290977928587463 9.340357692374464
9.384497287970618 6.514421237112121 0.6373778794862739
2.108511457605872 9.279461694795048 7.51505214897102
8.66397052978025 1.405974362663918 8.633844480520079
0.15982731844061604 9.408517929622558 9.948337655211411
1.5504964399385486 9.202210152627018 9.75697657638392
9.08856045430027 9.775751192291676 3.6994539870064362
8.166101090893173 7.804226588051353 6.434626313714457
8.380340711476826 4.894526839662466 8.657418892697295
4.750243419897799 9.564710102815813 4.015344158691667
4.297116218052598 5.784436421732986 7.5678153694648795
2.5058137939674343 7.332002922189888 8.732930997382601
4.698313587519413 2.490825450942112 9.553544970672473
2.6851839245378932 7.673066752013533 7.67066554693055
6.212803004882951 6.572032431168955 6.735702356040874
3.2419698691675367 7.181949355856504 8.169129064101522
7.474642247153596 1.0583373783641346 9.566808962593043
8.293967864509664 4.255997420127037 9.212195327170704
9.861619119278998 0.15455281874270899 2.570334417750205
9.748441254626597 1.100092655478532 1.4736003669499418
3.5602868155600236 0.6536818883623186 9.890276933191409
7.646985963451906 5.671278188964649 6.592652123780607
3.7206123520551744 9.46654969363393 6.2261037550112475
5.506099739241437 5.779839698022659 7.609206450581366
#
0.8112855241776638 8.243274391347839 8.260659398560101
6.3917293193381575 5.719171280010876 4.814896990513637
6.393276501736436 2.7017065487456753 2.5583469708236737
4.310318246334865 8.648630285751686 6.332107621660016
5.351979088248214 2.839880960455602 8.730662086811071
7.008176672588609 2.209580488190888 4.7341754846005175
8.322764178056449 1.4116753216510811 4.490169631210195
0.24009902670283267 9.666073768403399 2.702746589121582
9.63268699850484 3.3898977729119117 1.0116664959959838
8.976344551967072 0.6009369858892013 2.9817079536923456
6.01019109314312 1.6404115546239564 8.847568624116846
4.166634748088343 6.291777660358179 7.627847400488762
2.325581967289462 6.542601150528668 6.961227537018998
3.7663013590072048 4.964988951621342 8.281707223907976
3.414737626785584 1.5823453097679518 8.884908223276703
3.848463753470793 8.72872304121934 3.784574275052774
5.911398213208047 4.1887142212220265 5.237778286493332
3.7842551468718457 9.052918348112822 2.0135082735129415
2.228822816391201 6.618742602660493 7.2663271221137435
7.1899223809921935 2.0588140979895395 7.593231310915023
1.4491328688569207 8.487505871950999 7.60256013005333
8.67275442756311 0.7504720510450351 3.5511346441929073
1.684063312768485 8.660680408568746 4.990513132359021
9.527924234810733 7.26321172858896 2.293314906289641
5.230683016562994 7.582706283762285 3.8901042427262533
1.9888504888254332 5.851706687151852 8.388750374884985
6.772430291893526 8.090793499406612 0.7702667550463849
6.1049388230207695 0.2952142861311353 7.780456417154161
0.7930384359189864 9.131813743054359 9.23386498097886
6.782243281191271 7.925768004119343 1.1294270882567914
1.9197965871006706 6.835164836045626 8.39080337852724
4.8124735788354815 6.669224884970864 6.855133004580888
5.8243358576843365 5.566519839390302 6.431686576800813
6.044068374320415 8.510876361015457 2.396460654597371
4.1073039443598365 3.3870050262047453 7.881614585298024
7.777718588762851 1.7939073806265151 4.057944113926017
1.9753379923350494 6.143900630784664 8.099211184296108
2.470231918040717 0.6785406272924828 9.08624786584085
6.279397529649874 9.304390515655836 1.9702684806707005
7.3839951676861375 8.016668417180579 0.8268546063166236
7.534920450063637 1.9678633247776567 3.6602533142804754
6.88401920251409 9.554404103593996 0.1269628507031504
2.9010087788456604 8.816207856816753 2.1273998563823753
6.403840605950411 8.078715204593891 1.7880091761793029
7.807236153343049 0.8823682867298759 4.93365122994493
1.8183977514664633 0.2291717222610421 9.841170915796228
3.8871666033838794 8.022784444031489 6.772736143139828
0.8787266264037985 8.674148275196586 4.936574156323116
1.9354894743500015 7.506268525485943 6.96614092023022
6.775093174754897 2.573510873649155 7.04307266345552
#
7.632768510138329 2.510236320146414 7.869589905328953
6.854814886000197 8.78076727651776 9.753994466225617
7.306378408394842 3.1819385849712267 5.648238413128592
8.103325644101325 4.353982306389134 4.32579981134641
7.106314550167022 9.8852892014513 1.1472532631124488
8.21074202907289 9.869891931144496 3.1326265399769473
9.03539091811641 8.478477284412012 4.320087915023343
7.7562819635975835 4.866286004478178 4.5673677244962585
3.481983724034387 9.21512044101607 5.478080910078269
9.543328235785786 1.7320377480895344 2.476214251230986
7.053978837748053 2.1684734274443405 8.488154680709856
4.986272705331508 9.040683950202233 6.5251479883853225
6.865251840514888 5.8654088086950145 4.845944627303617
8.976223669626336 2.136362179109445 6.595863938738095
0.8358329535661806 9.53122711663163 5.400748009805276
8.934801712721773 2.1605779225496984 6.4506053765305795
8.803444721119815 3.0005075030379245 6.95316676655858
6.395641967432025 9.041123089425062 4.55643608891555
1.4386431892376024 4.502727400849743 9.959466877395629
9.632564380481504 0.4177752416971545 6.230553238438571
7.011307000359825 4.392695669513823 9.31791310584357
8.833839139641224 0.38084163091397816 7.4711474951871555
3.171160682924362 9.449609055742531 9.457137478749999
7.324013231735214 2.5552247060242164 7.122235579409692
4.478841199686015 4.7496183874550315 9.838635355510897
9.185138660863773 0.5571055142923962 6.9638144947154945
2.1610456440623484 6.026126157673105 9.784019394110427
9.534687187216406 3.2356295773726025 2.876351001073222
9.730893365242727 3.887929909568729 0.7730710395665534
4.780295498652918 9.890168606312985 3.517145308914395
9.530316505623123 7.729388919374763 1.4077750284824924
9.10165260211836 4.315120610400363 3.2862879519435313
9.636888763375321 6.719258902470874 0.8144491987220119
7.614118128075292 2.0363180863871975 9.137053360833566
9.760475555763225 2.405108733488039 2.4164932738911573
7.172415108425174 3.6835060904113357 6.012493896778322
1.5961717688818857 9.818976364370663 4.268947232751862
9.913294426366523 7.73198154281871 0.7688313985520114
9.083279544332363 2.126013085170652 6.045123699306306
3.6348613012779643 9.448593702166946 3.5691206493692285
5.380413324113565 2.304290950450648 9.767521493583342
0.8022105180779961 9.758421973560104 9.359712185317118
9.939553881899815 2.8436246687764357 1.0973085698781784
5.1906616817556 9.92948614141892 2.113590044147239
7.206532337925521 3.3935277098891152 8.271468056533827
8.45380352591253 8.749036891804785 3.948249496868404
8.017741933410928 3.674503743258422 4.5145779916235655
7.880658894947418 1.4534911217641757 8.32060719480985
1.818099631268554 9.920135277037076 2.588063251468833
9.523771702934468 0.7191506420190326 3.292111501293748
#
7.657084240882444 3.914345071735872 8.204043635761842
3.766958919939808 5.774678338091978 4.65642159946878
2.991943983929684 6.024202968337154 7.835036759028453
8.393086252930361 2.1779658225662923 7.5835133277656315
1.7990781727128375 6.505522934104205 2.4422196420589968
2.2486242280105646 4.056513694791708 8.645452126440464
9.795406018254674 3.8043578688414668 5.8809285702488685
7.0177297728061045 8.124531229858876 2.394381396738901
8.616845290424965 5.290919217337136 5.3696488027273785
9.012906922600909 6.34576515713608 3.3643041671752703
5.529452687078028 9.765590236665584 1.8522558778995308
6.329427624000103 2.4916298833539776 8.999558647500713
0.9132884949127416 7.160148301885963 5.45016235404186
9.449040980427302 0.4506295788568977 8.969809794570274
9.37413198741249 1.8151430377189866 7.694860093375868
9.678477949725576 0.943332471510705 5.9979955556215705
4.386312939933574 6.185719946058402 4.279029070755707
0.46933759572434575 9.829467975599567 9.01006850068459
8.94114983237608 9.552790584928076 0.21751265818428056
5.751796700689429 5.157870096552156 6.314012964596975
5.772589129447608 6.06172055909683 3.4921980017661576
4.2994463085544865 2.31414436294328 9.757464326244655
7.845687446835377 3.502262973913984 7.778789387370644
7.233153092042346 7.001404186606268 1.005839413044936
9.238078054294007 1.9631318447909156 6.155511706579828
9.098166136710944 5.341285301114266 0.1445623149849844
0.4256330087491387 4.409030171544065 9.045111628108451
6.048237110510989 5.747225703344966 3.778351719241671
6.090695668696588 0.668455059760821 9.62446225098671
8.796442740095417 4.165666986330335 4.5747315181244
0.6924595155386388 4.964121025035651 7.894046440730813
3.937627250744874 6.437486974496275 2.6083545589256922
2.904751170998148 1.8331968497678628 9.869327792809187
9.60655881866267 5.0766115063630535 0.983141986195263
4.2765983291032255 3.0862170426492153 9.320332718843206
5.154991138494804 3.2940495833857097 9.062537399659059
9.025243260170157 8.169300537095243 0.4493442586388774
3.1469922339536693 6.26028783479945 4.969583181296378
1.1341178200403497 9.784459997023097 3.1203742873553124
1.1305714678206877 7.998694854520423 4.5799056686297765
2.5645076206220563 5.702898713958659 7.847223680372634
9.495225387612642 0.25455551555020595 6.45511341446664
5.537084022464017 0.28082718540235074 9.785589596777129
1.6229050865100936 7.582060487668976 3.3137350730746364
6.529141031084382 1.61856720078936 8.797458158211656
2.6016274334983027 6.4089049359222185 5.23411236810128
5.98019767953786 1.6754354812031225 9.55389905683787
0.5374537171301084 7.12821828831877 5.534706821894438
4.669642713344572 5.442052283741546 7.574941775650936
2.421225097326381 4.196454923051981 8.376519333088426
#
4.080121124123717 0.23955689442566452 7.147982674347698
1.4957603245847295 6.089782409216227 1.3764281166778938
1.9735022601959065 4.874582488933713 4.978667649516991
0.5676104877417929 8.353616335034282 2.6286938408340075
1.5765500983750793 6.620064830912758 1.0636069038216034
2.9233641010414257 4.59395122252031 2.3444504414439313
5.296190900296483 1.3550616863893952 4.0293497411718935
8.054292691337013 0.6496141352457023 3.156952117780911
2.330165082141795 5.937926989977231 4.596767583057929
0.3665656668871087 0.1984229501915209 9.241541958132652
9.363287006880457 6.120473228388111 1.106005254796707
3.3209790538928887 4.205302409514622 6.164072005570417
7.170747140497143 5.533017590125794 1.7841247761468688
4.566750040468003 4.2302494216198685 2.5638876200453113
3.6160376575230706 2.0933860187054107 3.8819004617007216
4.371494145207455 1.7734096698517465 6.916549024653284
3.7547401500876854 1.995425572606135 3.746912283798892
0.34747627007250514 6.159142217507852 4.625980914518232
3.0837924208337886 3.614055249831652 6.214037817428828
9.290905080139847 2.3236154573442445 1.9414680780124538
6.379514315894226 0.16529865099938945 6.612110151458092
2.487230762382324 0.3222726166649421 7.483382752871463
7.562317646693512 3.7217856642724447 2.2283810286965173
2.284541567818853 1.0573781175323242 8.409892259016608
8.679335721076777 8.796234202325865 0.1583918328649343
2.913928195127269 2.596634455524998 6.489582226877003
6.04214862638436 3.134007654661314 3.5872925293253015
7.636793754013906 0.3065322021386887 6.374871742963994
2.644206860194496 3.880054232485139 6.7245023050984605
1.1875697192823438 6.979879979772931 1.6385282929028677
7.4644214415956345 5.086374029479076 2.1660320619391347
1.2526892526779991 4.421188639679735 6.016817645790711
0.3155715495267808 8.152818647260503 5.399291749053935
1.0244579927005004 7.486980638498668 3.2365157366931703
0.734540702212727 5.12358126497678 6.125156180717786
0.7297825231402602 9.762625817561668 1.7687876070194846
9.546150649314782 8.388007592628245 0.5338785198479599
1.305441118626725 2.744241974850707 8.877984018350947
3.5272511329914558 1.4853600752622258 7.188819088469916
7.527107176877816 5.854566276097802 1.5685302858749703
6.690042818812663 1.1363871270758996 3.107404649224459
9.556971756719744 2.2026546213432803 1.0653479317704555
5.8638484231228585 8.037802574873856 0.8877950055612702
9.113259842354633 0.47381764376159197 4.28425241276488
9.202348318033001 4.534939897336285 1.4922538423543452
3.4678068391321704 2.6352279090288158 3.7410507845438667
5.60906797539421 6.403517301067132 1.0736014552003703
0.2995255373067973 4.937975903271692 9.135651899707888
1.6088717469384126 1.7560189093011473 7.891218976895608
2.3785541635073146 9.602072074532526 0.8546096624351591
#
