#
1.8538731099581045 2.408149384324939 4.74109227196106 6.658975234350416 8.58065948684948
4.555276078988164 0.7395388157781069 9.63768664260574 7.153347254359011 8.81364822517234
7.862947420359809 7.924049300321855 9.702463319909867 1.9594924042023463 5.0972784473437995
4.108639011592287 4.815139061763216 6.453178126063007 6.752713665948881 2.341571723109011
8.581576581888733 2.4561870441320783 7.028426030925108 1.533526154836529 1.491808767696332
6.659568268458724 1.9509021468229824 3.1333484594671397 5.175134654768075 5.585866108009561
9.367988380956927 4.667636739094191 2.0931084109104954 9.98145390756695 7.85375212892046
1.4977831047605212 7.564343024630645 3.492377943415748 8.644225752585154 9.629622207158157
6.142499939536792 6.720481357786451 6.269474535416689 9.224373069911817 2.8430582669081765
7.8548953098722025 9.82990925618911 0.5269634036293631 7.140157184538003 4.615298991339584
7.8784953193339735 2.661983822801146 5.078887200618369 6.754049394723039 2.591248761499591
1.4893635020915794 8.546577533426829 4.010192708056465 7.914510583450205 2.7115376555271298
5.592410465828705 8.619048238142637 2.9686787560625647 2.110467373663668 1.753425174835935
5.079661188281528 1.5528533770476587 8.541342929073457 3.7223664771468297 0.6194099572183118
2.1145897581392408 6.683719609545944 3.5555182200869355 4.283683085821961 7.966406172401366
2.2280551606272474 3.5035909624196564 7.865309638277466 0.5595643726199775 7.303633526632011
5.328343680542508 9.480820014963584 7.982442674094914 2.116949986821727 3.4474550801323387
6.455139728613463 7.707193632646742 5.4092223175939225 1.6001589383813917 6.110688185193736
4.597749488439352 3.0450955271010973 3.9797701475046967 3.937848945587838 3.557489761898175
0.6417539917146211 1.3684462978780374 4.5873318845958755 7.326352104376152 8.178219039022974
2.8994324494268353 4.971571794110716 4.254240757204648 3.9106571426756345 3.5301232036389694
4.189547547101869 3.239302876449493 0.7116285739610033 0.5833975167557117 9.191537442626789
3.927477142558777 5.497853232302669 2.6320185189559164 6.611533022011056 7.747494396217515
6.612303333161935 2.848691861587272 6.403490083351147 2.024584404093815 6.0793695421957805
5.855428181962442 7.70707955934505 3.5111121960592246 3.8565373375561407 5.932345085447269
9.404973601213417 6.259003782344284 2.4754998138466613 8.613310237429875 3.670493099400888
3.3979737196462168 4.55993097687837 8.747494522295309 3.624268153769492 0.5942644941257926
1.9525395247858337 4.850457411282802 1.003329249507125 3.8476539687946563 8.555748230266792
4.869961534817694 3.0274357196123884 6.555907637860138 2.6446528960472557 3.2517496914839716
4.152913598577239 1.9567264522208658 6.5315694861536775 8.212567469282673 1.2347095217752986
8.496310849172602 7.584986917682688 0.8219762825109003 3.460174401945009 2.0067943720046415
8.234547759565652 9.008726181848608 1.70543986902466 3.1277243707044335 0.9639453251180106
9.622768065722838 2.309740825546845 7.5274342066788655 4.920198488880461 2.4224200237478173
0.5720981377461216 1.6294211524723607 8.14513440467304 2.0051049604441746 8.837569847630236
2.2122648653952086 1.3085855554460042 7.04489885971297 6.271308329031176 3.015677640951629
6.444151112854982 5.737417586866631 2.287095333178782 7.92917828850429 6.552578612464149
8.927673739119822 7.40315747930509 4.291435561711302 1.3858055971646226 0.4620797248352497
7.427262936597053 9.528640988743547 1.6148430137114693 2.4780632626097794 6.572686848049678
1.6166290541567436 8.384805403448363 2.205211533060113 4.462017442614775 7.693819213971453
2.2571535497920476 9.693466493287932 1.4200838348525768 4.301656899729664 5.078518869408527
8.185005037052324 9.056487012958733 1.267812063851815 4.157897863562194 2.372181444643573
8.305789006304877 4.559383785074899 4.300819918082752 1.1793633727657986 7.277010322275341
6.741044600375705 1.9774450533854409 7.134627205269558 2.537046153025479 5.292206909424207
3.0546792772143796 3.1491029185008026 6.197702877444145 0.760752432237088 8.591353965490441
0.7579238228052674 7.705045761157536 1.2478994555999288 4.596668741350683 4.660985356734829
2.2565967183808318 2.101714828808725 7.842050474926841 5.971136485138241 1.721944246667424
0.16647176037460287 7.71399171130359 1.3390410455616748 5.418244550183472 8.549015134828867
5.5888878299945235 7.5933371529782505 2.3893271535493725 6.858102840489732 8.034200337362522
7.834494334013316 4.951389067084852 7.718160290752575 8.206982837910061 2.0531950272627157
2.530486374599972 1.2479276690860104 7.311823249319993 4.282569432219622 8.918863803792945
4.78948232374142 2.0901678142231344 3.122884609939736 5.980120288378121 4.558666860570355
7.958726094991137 7.957146243496599 1.6525672751717653 0.20825951296329936 7.789975110287772
9.245324052007712 2.518227580322005 7.372615126688642 0.46791063182007253 4.8575957044743925
3.7075360420526784 7.377114207303876 7.71840003623357 6.782655836579543 2.9800082502025194
0.6290705245405128 2.0449958562839297 5.464913646158509 7.2391562810840915 4.72830175028143
4.953493265296214 8.095367735308914 3.1934796318513055 2.5994477319413436 1.508634988837557
7.778258803260573 4.418710080317386 2.5559743180652084 8.200797137117664 5.196346328092353
7.120881179946214 5.4022519084746605 1.4725647798791908 7.438197197599383 8.016682461687989
9.302945475758275 2.990881845294703 5.689937698920243 3.1014520231754172 8.198536324093244
2.228170568537472 6.177552178718045 5.0772061747329325 9.280175290845841 2.9246726835553236
3.430323883653694 7.3962149010380305 7.262346683282486 0.6307315681783319 6.90820524803321
6.883534280917033 9.347438848646693 3.9102577858511953 5.020578944443394 0.42583790919180853
0.8386930957177396 1.5944572579219134 7.945884447893101 4.042428791847179 8.440070897385029
1.4177560977795522 4.107400778391725 9.643366077284647 0.7492434067417033 9.659638394394339
9.85121271554409 4.609123015440796 4.538785526875589 6.481241513632993 1.0838935758764605
4.73512977119189 2.7011616273902264 6.369822888919111 1.8441559312618696 6.5269051399726665
8.709243251816194 6.283645510238978 4.294992959602967 0.24468812539584128 4.04273965882434
2.6829292544007597 3.9989887155240837 4.242178212616634 3.5271188914955403 6.949307641107428
9.156573121647018 0.3550827204261626 3.7934284161178926 2.003625794675579 8.713724155017111
2.6166175721368323 2.3244153396399723 6.1627134685899865 9.254448037549025 1.6117170032490313
9.014426742066728 6.2385152478675625 1.374062876874595 9.060509276439088 0.8022573861182334
1.3427503306634603 0.6097963155619324 2.311187158562519 0.4174755494733047 9.844689213576421
2.107192378015535 0.12863279634123437 8.785283799244855 5.290287479581378 9.14964017376761
0.29125613457086796 8.983520571476202 7.695073755212379 5.246683852629895 6.534177092249546
3.848169169178737 3.2289167361750537 0.8818106646956432 9.498117378272145 9.471715845708204
3.3827535535052307 1.8839068453372234 9.564923372798349 9.62818971119779 1.42024812769849
1.5142850759588842 8.953400524496892 9.727520454506744 7.536246331777947 1.3584486162775304
1.7227948947979121 9.791012715162015 6.692514804248352 7.317682353655734 2.2909593591096247
1.4788390350595204 3.3821988772908687 9.718415466968068 9.023909121862125 3.52283293564637
6.452265366772717 1.4279107376416 4.737040766954198 2.8169207401962297 9.69595201151584
3.405386582611917 1.969625197052868 4.59385834390853 8.584585960473536 7.461301576325507
5.519435959069392 1.3434234666389928 3.58286151374524 5.730877597066778 9.292360239090016
0.7032848319162808 7.554523968511383 8.722931900497743 0.8659779570335466 5.938875926609355
1.8610965437980123 1.7518097107302881 2.972358336328146 8.618148732736742 8.351573807723256
9.208218119982215 0.128959860717635 3.212699900977942 8.041495180826516 5.2576205292967195
3.7055372133747526 2.909911489058265 1.2141950442605172 4.089284138320778 9.424814825196474
2.7579714293610236 4.651890794816867 8.058500864172471 4.1774094715079775 1.2205232715631187
4.447634679939978 6.896906240132383 0.6408148076363869 5.200240335462205 9.841154162886355
8.518094834445066 2.79664793977203 8.576098062267084 0.6044163771798869 4.8933172348521925
3.602708652418271 2.3671691644045447 6.7392281336219115 6.883226212238247 3.644696829094248
1.177034543111695 8.34963765724088 6.624510905210514 8.391445509633385 3.3523080349206706
8.395282907934227 4.583338726645647 5.210509885349429 1.4847753369330365 7.195584663992186
7.88912417856956 7.85860879933662 3.7019163005640534 0.8972927114570721 0.13340199573044664
6.598169040481599 6.929057803326067 4.577740315843313 6.989085053731475 0.20321026245439633
2.6263569966136373 4.6068394172603355 6.148456733068092 5.552665201365636 5.930498699490097
4.887840905002747 4.666955602382532 0.5443240674897849 5.5125070795562365 8.810576567161032
9.181028573687893 2.0953629565763663 6.077175079269143 3.6746155553321853 3.579629834096327
4.215911394838688 3.387804698743346 8.320218812201688 2.8479315196624793 7.13397795855626
0.2723657995747315 1.7890882429059332 9.874685287178654 9.779747674085607 8.220033919431742
7.143223153751628 6.601076892006928 0.2981109121926382 7.379128781596462 0.3972897037508174
#
6.127195342694687 8.706835110917883 7.4499286901205615 3.761241291023614 2.506660362206553
3.27823266743874 7.729115241644698 6.3083584841011 0.763325020417879 9.062818347432842
2.1936985429245275 1.825275636947545 1.8007198725945126 4.8933410342185155 2.15111380314946
4.578441911942428 3.3240361049710856 7.808835152666745 4.297547227457992 7.471777564105992
8.477255200205198 2.294309632211064 9.817661869471813 4.377106349269651 2.598591390403125
5.614775784910837 5.5380513462675856 7.459395349656557 4.696213208731779 8.64243144863109
8.3300878343126 8.091688136603144 9.555512109889069 1.5283227789398097 3.389888930842254
4.184722012941428 3.5369772321281436 2.271574596600042 9.601335435163076 0.6430910827575929
8.50903222706612 3.776587276865399 6.689231588886872 6.874832628673136 1.3975631226197724
5.91754000100017 6.923383329057456 0.9527971164562725 1.3335629938597702 6.292842161642118
1.0775629490445278 4.003146899317658 2.1416631981012553 6.374204602354254 5.848704617796164
1.0244511606112239 8.851732766395838 7.563663356218875 6.744170237424357 7.222121093438966
3.6450554123602465 1.7912293837268902 8.885829856906978 7.4350131743087005 5.959216626107045
8.13567251884045 9.800256485852938 4.596336124172978 9.919479986552494 0.4054309103068494
1.7242965483745314 7.752725529205689 8.6656158070582 5.2026434675447275 1.6895107353198129
6.956765843882869 9.27816583831519 2.30538067330033 5.919041686847117 0.6376134551799879
9.5634364206608 0.30401813389128485 9.153730426217367 7.123726521542698 1.262229504695215
1.8596790604548707 0.7293239640955163 9.97484876858649 9.556172098011285 1.7494367790639949
3.3194817660305374 0.727018288401192 3.9408431041033105 6.064097667465475 7.272579149953691
8.392629959723592 5.564522124038665 9.129683993658908 2.351200686255749 9.434501826526713
4.31644998192006 0.14156422870968477 7.222410744981005 6.235315884646335 4.086201008208143
1.0091289211202241 9.726303376810696 3.410381132611162 7.553506916133572 1.2959118200805761
3.0338704021144354 0.6629045127688213 4.550032243016183 8.082752582112501 6.612565227612519
0.1531281713869248 4.6324022347997875 5.797080263250293 9.099811750522306 3.1972017536282538
0.5679149582790943 2.0322734065545425 8.104586701643324 3.478433278093215 9.99898151274514
8.864704232410226 1.7447039091481598 7.221157109614266 2.1902874540864223 9.882555840195288
7.074744777177633 3.081973884169006 2.230518283248068 2.6033350985388584 9.64717097936598
0.6358929672944109 2.877854148304987 9.381584114146321 1.188745991149625 4.087986322571054
5.417089830284726 9.061809180539989 1.2183638864821664 1.4506052786020103 7.986804594294355
3.456882049470879 9.939879111477612 8.65214293161457 0.44239478835193236 8.5310785239984
9.962112198283922 7.835810956448738 3.6450722805212883 3.453359335265904 2.814421811342337
6.884955731205399 0.6439291431554421 0.17919666956392888 7.999443415470758 2.9487608370368275
1.7737844989224762 9.25737415407956 2.079953783128865 7.057544330881802 6.71506342339913
1.49471389929408 9.370739055243494 7.804623561481625 5.9347400139516076 8.302659978566846
9.867108336514121 1.6134467619386141 1.1288610644123653 1.1197029483899708 8.176970490842818
1.7141201421767747 9.02904391870346 4.575015872722728 3.588495322791509 5.360187271868388
8.434974306306097 2.0578050348227386 5.015516848039235 3.582032740286559 8.185921604241226
7.974859875586084 0.5233088305623523 8.606364517415958 4.549844471202196 0.3794960988754159
9.483238062852351 7.30642984960145 7.796086683833526 7.226362345664846 0.8785927621714285
4.072861005836832 1.3140775548443373 9.664581740604383 1.0606394697471142 6.5650160460535005
9.16209292193225 6.344831756361488 1.1268189865808975 3.8327812273015223 5.891290097483734
5.266129550737359 9.261585837465613 2.153873393266432 1.8632302255633353 8.776177348016336
0.11228287370462908 4.059129001970666 9.733041591705533 9.562655471827057 0.6011979537203898
9.796293841802118 9.803501642973512 1.1634235598876659 5.014381547962404 4.270008050608451
2.6289192790349287 8.037356721117943 7.470742982025431 4.585332336750657 6.335811506092039
8.583588899563438 8.394653885496002 0.1814735555163285 7.2584476186913545 1.119053279857396
2.838181729495567 9.96710642327487 7.139783634755244 1.5716091332541797 8.904443194939393
3.929489146750301 2.1633417977051206 1.6322496789233405 7.291905085961778 0.8465662188354335
7.241488045032948 4.441618778694332 3.252243787074052 3.657932015137731 3.4281591071230726
5.202796687058359 8.16790742476422 9.244811027565694 0.8691092367794147 8.791112431171609
3.8224005407123824 6.211768097794095 2.5696136300264887 3.730076047331112 3.0541737210480897
3.557054280747439 7.424661676230529 5.404638135515768 7.469235132545986 0.3364602660263092
9.13711254922373 0.6009242275848337 7.626352975465439 1.5511419502089594 9.457642523201098
1.5963262630734416 3.7297166550019094 0.18788317780426755 8.060346208259078 3.271455098879862
5.784967863311751 1.6665747247209244 0.7821635707589243 9.862759024792528 9.85979533638102
0.22707782980917823 6.21985439177832 3.72911923904417 9.140042874726943 7.511930377446564
9.852632566146234 7.9857840244508775 0.30112636451402786 6.436851645514102 2.33276813351148
9.321751718891726 7.345399704201938 4.412807941195277 0.4091763865806106 4.04157242956375
6.801522362989262 6.713614594043142 1.5382183941053729 1.7208460574668933 8.425241552566932
3.3386896203012877 8.310417769840084 1.148633755440505 7.94935529907219 8.14358178702965
7.361907792932332 7.017568960545484 2.08487553357493 7.524577111768204 0.7355973456719882
9.645448075815906 6.0823837682447355 4.052381818229887 1.2387449861245097 2.715617618352551
0.667363933151905 0.31287416046552163 4.4788122508974775 9.217428029879795 4.86542635523142
0.40563044235008494 8.923767849354485 2.4561045242953354 6.914821292079245 3.1546521723746905
3.2685693755789123 2.916871477166859 9.172291691466768 3.223986353416458 2.428225803672854
2.2080473111146235 2.6212399599773897 9.139385283829036 1.4013981167812357 4.584466440890559
4.922733569720931 5.440414933438975 8.791335610449625 2.437177417261334 3.377206786751562
0.8241050983718834 9.554382553930484 5.080418847159114 7.613574587428843 2.512430600976206
0.43621596574928034 1.9486933604811068 8.484673203373019 8.036617451716824 8.627055393759408
2.0575967206404533 6.356775377878634 2.6058359244269864 3.7376557432784825 6.428002365743276
0.1115704393856154 7.871631918619767 8.117658304788092 6.973306368902164 7.3678330376087295
2.9585866699248053 2.7676579328062143 1.3781298393681944 8.07271024759922 5.707396602876809
0.6801026909216539 9.430805599382335 5.016547036745247 9.382295262262293 2.039759984167702
9.776150758873241 9.736267163042507 1.7708899519920553 6.466212401659277 3.7439687251564973
2.436713927771596 1.990664839567771 3.479928841798084 4.0146809965522685 9.512730733180124
6.823594174225255 3.766684735104601 9.479196172097977 3.482947558032569 1.411908719097708
5.787320789680193 4.611408858714022 5.603240346152624 3.655750093843264 8.648375928727532
8.881764731517007 9.38218404488456 3.509403613619367 0.3067032026026171 6.151000063587213
3.103007635044168 0.599430037673895 7.586271463412855 7.542787651576285 2.9922696007514067
0.8366530970173542 0.856101422851463 2.8985870060391226 9.520266087392873 9.99814682229146
7.646416749455131 2.1374926962627776 3.438052998131153 9.609718950386094 1.7195929499505067
8.119547453538875 6.443775228083547 5.862747972694399 2.2681988737355447 8.8844214922363
7.262337421698574 0.7338225329955623 4.138368260298941 4.993334155958922 8.983977712931573
8.764147705331945 2.056177536190063 5.479013607820732 1.4433641375725537 5.121184946543347
8.61719728362914 4.2542192144562065 7.277099411428696 3.4109865608301444 8.323645586723845
5.173497468122164 1.4313715273936674 5.052063071984347 6.788085784748683 2.3295866319163667
1.271135499566126 8.000482815050166 1.0362540304861616 4.334885381368195 9.00680152421277
2.137624306182289 0.9390344119838048 4.476093192311491 4.055513554370383 9.83413396987229
9.690974265136983 6.6906204899401915 4.83288462303646 3.595205935031456 1.8692614990098542
7.100766162981923 0.5536791016589095 6.952440619655522 5.243847002739517 7.015954358518579
2.750262239505598 3.3455280414772046 1.7158562304605391 6.756304666471273 8.552137842192813
7.105709569122574 5.610853960518924 5.867100887167524 0.7032615604003096 8.022251098503418
6.5954652319302465 2.0574983583780697 2.643297374037396 4.4622391097974585 2.170961605669223
5.71526530265465 1.086144080836359 1.387311178501069 5.485119460298475 8.196130338391786
4.835149951601669 5.844036703438972 6.768800207394827 4.8814210023105655 8.560897408148948
2.156569611375818 6.032831945499133 3.993635732085359 7.235805127463724 5.572631131723204
1.5585402961374584 0.3281298424066339 9.588902602400374 2.105333883770586 7.579200638255384
1.7824756402597934 9.24834301026965 7.622424461895699 8.772355400287164 2.13900975661562
8.307002555010143 2.5133522991471344 7.8366535393024455 6.165880356336916 1.2390239469681452
9.543764793382437 3.97647621839458 1.0016721174939702 7.441623204548756 0.39199812613474094
#
3.7354803475051837 0.29709243531038254 1.0444077602341784 4.908892973898652 2.376779371576099
0.5876804507192404 1.8225151478714574 6.119048841499968 8.841340056804786 0.11398724717180819
5.447591524593903 4.062644024312646 4.079078170198267 0.2463471751884425 3.079283518513963
1.8272424880362212 8.035511676684374 1.2593269455035507 2.462912297880489 1.9493106042498978
0.5626467559050408 0.18343094909410684 3.235893315841884 2.701453687681689 2.2601976581640066
2.029988565966484 5.871944808499409 4.933231365327544 5.906099319447787 1.380351178867358
3.854716426717284 1.6157003809850892 7.403228616936419 0.3014997806054298 4.210044647045444
1.1956245035970636 1.2957993556851979 9.17127865213465 9.23942541652113 0.980398130167834
4.346900516235479 8.817527323651017 4.57127839488007 0.2682046123357029 3.2921283994200934
1.1275857549108528 7.9873903906292725 8.080834611349468 8.748983270046065 1.9516395168848422
3.8199087090254547 0.7973660688957578 0.6023509287164428 0.9627747489634837 2.3333583624063423
6.658057129710926 2.249173282272921 6.508697615135158 0.16159153031455098 7.961958191849281
0.46296658257790035 1.356596423966483 5.410846669869694 5.947853347239516 4.180579173688446
0.16651314937428374 9.053633292602289 3.7576711532677685 4.7018509294027115 9.791600553747639
5.833415881819887 3.1724798524106106 2.765753174437152 0.6859509939178707 0.6995105497654315
7.252612601849859 1.568009809292389 2.210690462975923 7.3892828774729935 0.2329452944646926
9.866911093359093 1.005395103654683 3.1995145287945665 0.8163219518415445 5.330449328613572
7.792295153192779 2.9720413264636973 0.5506771613845309 8.757527463838349 2.3863395459103254
3.460415601895753 2.431847963501198 9.865459820678332 6.4791416073751495 1.4736998333185207
5.352014410426378 4.263991430195512 1.0119813714087895 9.162025495388551 1.5831276231755331
2.134692816642274 0.3501249793451562 8.876220903668138 2.445491823273592 6.733658136842693
0.6884442593293363 1.2886838683948576 0.24614507765419358 7.02883491671617 9.76852723290644
3.6522111753239788 3.8583971133940844 6.397380704187643 1.180503322074772 7.471841908833441
1.212348420885938 9.413950576974067 0.6359581303051574 9.53587295577998 9.639793904193164
0.4231802587334945 3.856402567449585 6.8416481729810235 7.997100089524663 7.137468789677943
9.85246189530065 4.291369004161416 0.23028277579701495 9.111645798143382 6.854198760167742
4.9286585539296865 7.086767013821929 3.4206083807094503 8.543726191854507 2.1271708961057407
3.8503836627584844 2.532112550149232 7.18800951585593 0.49795329685973755 1.7048144216776855
9.775782563659778 2.720749815127521 6.948078888467997 1.732656881977491 2.1243788143793068
6.888039223206704 0.23199760254518953 2.950244808779155 8.520684696471012 1.321146040403085
0.2202210237668405 3.617448417113034 8.85151016567869 7.894311866477205 1.3422918038890441
3.0898285555746003 3.950880289194379 9.390477611180506 1.4630457432970974 0.41773643893369794
1.8211685532171202 6.86102219408169 1.0953074845823707 1.9305490647397345 7.352213482372978
0.6280370442611245 7.801665243774575 3.0177605015616304 8.58774527160864 5.149487102264419
0.43407524213755355 8.538048481333082 8.499944677029259 6.836639064454157 8.35639113600049
0.9547630893310437 9.126577907818504 2.448102649487113 3.742205285465392 8.482745102032261
5.387440397622399 4.741247750397596 0.38592392623795213 4.995011205679041 1.7600627109198972
3.903494978661997 7.926633367519042 4.088155004181469 9.322068113314934 0.11416384423248527
5.346833609928571 3.982438258159076 2.8966063847408177 8.01919100709939 1.0740325406715345
2.5819096435168545 1.836362193149133 1.9140096576567758 7.021558626385303 5.564137390282503
9.384568178964447 0.4010965282216423 4.63055667865103 2.4804996561795702 9.724805185379182
1.9246961885771467 2.621345486252416 2.2639859940423595 3.9442401783993093 6.357732628730063
2.6827587817871845 8.192462193347156 6.946621251617703 3.6532100894728696 1.4116614776807044
2.5708873467568507 2.9544054382025275 4.213338283417592 9.610883618765715 1.8491121118420528
4.21812423110663 1.1440006123608906 4.250248991488537 0.8411465487655123 6.49258031084728
2.2281778201410027 1.9020980759645103 1.0727203669312222 6.2440916272565 8.318420352290483
6.464637542845364 0.2601131781493571 1.6223169160011026 8.745686056277641 3.7677532770945112
6.804349536391522 3.252687499463252 7.311304646721414 0.6399604737735256 1.1038294026287803
2.1381501488592822 2.8048320289828887 1.5493559627792224 9.897992424980735 6.676610046165671
0.21931416533638526 5.63918172043962 7.258441141575678 6.8564249471310585 8.301356503984742
2.756218272379184 8.747284861979374 9.102958909574188 2.1053408633813584 6.022466126310747
4.611883619768052 2.7750385346647906 6.80285633533561 6.235505707931124 1.3065335037784025
6.2038121805418776 6.872548207599332 1.624045824137061 1.427149266255355 1.6198957148403612
8.897103509550705 8.335199382688199 1.2978930499050514 3.0082916683885945 0.41598709215549423
9.176559262449517 0.2684565329501529 5.227201382484567 9.147028201957472 0.36951852399378904
1.5194617435497837 2.012902405034495 0.9533553032212314 5.871909297309329 6.7914315031239365
2.281297588565223 7.853411149117958 2.688777449060878 7.148850324330583 4.014076925992052
0.5261267516007937 1.3463270146856843 3.5990535123155105 4.083299855080735 8.836251856010932
9.577768046392073 0.749696233193319 2.3319408006924065 2.374156766693144 4.990951953488624
6.321809657749675 0.6829902444111617 0.730081507721934 7.175431761663741 1.934669536045908
8.81531953999431 4.7050010020041375 0.9391654179871924 6.074986724654442 2.1928879745404437
1.2388929063894065 1.1527658924699677 2.675865014695065 8.0666432439854 3.6888282072820764
4.634348681821569 6.6288643244837555 0.45609672088317943 9.399309912149167 0.2570656191574088
1.8821857005199845 4.502911675943274 9.522693346155037 5.495218479946539 1.7147117840509654
6.062061356802485 7.004064607702676 0.2836732023706823 4.921893958042351 2.621263556501656
2.3958623696458203 9.740646218785702 5.315907570036572 9.76494672485044 0.2850173075997775
9.191449637371452 0.37884216374457846 6.338951436590625 0.33546684244309155 4.408804837069196
0.43674612573505023 4.828473479062895 7.285073476129927 0.7482090113680364 8.279593992310016
5.526676671364502 8.92660930929161 2.846347549091174 0.8236141053432631 9.478186839243442
8.876788875257315 1.604565287906342 8.835818211963824 1.1042443875116859 0.6721088790851892
7.4243811756312805 1.0042051330334978 4.929211411480608 0.26563886776930534 9.064201313050976
0.46762506708447393 5.684344269273417 0.7538612767364503 8.030803896947951 8.609311492102991
1.1241249467185983 7.284878793855868 0.9708366765456358 7.662568124293482 3.582575430379383
3.4300197657849685 6.145562093936736 7.4572979720093535 5.395966573046978 2.165557466846787
3.0555494742480915 1.2652291261160808 8.734668155197209 7.376572227158251 1.1054170865927393
6.1861057562604795 1.5239069672939145 9.2346426059689 0.5029676608398939 7.525884062325555
2.804892863159741 9.785015214917951 7.099847085622569 2.275016224692812 6.9077332898876005
3.0053446130257435 3.8601649510697844 5.580277177768358 2.58232013821423 6.089973302031861
6.19975293526653 9.450577414501593 9.277981825994324 2.2919425391689736 0.19647844860946684
0.5829150384834296 9.71489442621006 0.2082514522965644 7.119993213487321 5.426984366699351
7.146387088763618 9.89812574522759 0.18842735463716664 6.019959346547248 2.912317765192668
6.351705126301782 2.1868326712252646 4.138179165401538 3.0363162854654515 0.8053080799419678
6.489669354455469 0.20932826701536023 9.611959239482404 0.20654696357821667 2.2570982430612427
3.9298137908521604 1.5680618728553086 1.752834932110932 9.822915554808667 0.5772679617226277
6.132134963986961 3.429649419984698 0.5354898648768405 0.6144494962097253 4.347047664317546
9.426831095986262 9.361583460916668 2.424088542576434 0.2678950984072621 9.798668661282553
6.287789485868483 8.764937316443524 5.643482446878562 7.663718388582049 0.2459781478615426
4.004667744518878 1.1255546213303584 8.779243870435572 9.97799626647681 0.8212328364074306
5.257095882926857 9.032048124815814 5.828275707359024 3.33159281983543 0.22944510033806864
1.2271723581192013 4.026375424297614 4.436673517009866 2.2457907918598012 7.115289601233156
1.7057063804370594 5.339336887907548 0.3349576904403406 2.792006408712362 8.213790537734468
8.116192920754242 6.369474848830019 0.21493592557146535 3.116337179524437 4.845796377420378
5.542706334053703 8.501766122633537 5.038363665758717 9.034404315097351 0.15752050406474538
0.18659224485433423 0.2963667033115316 6.693234649217509 9.837672224544843 3.654031915591106
3.4440165499909816 8.844199071799917 5.936881514356211 9.783628858610435 0.8786421818725394
0.16106489240449484 4.553332508635552 6.277893421223363 8.253392385948308 4.68717034387802
1.0917009850828205 2.691389148878257 1.8102922842978244 3.233347611148689 6.398794036183691
9.08141597673097 3.5520929392199245 4.822667943470336 0.3436807794016037 1.0921602932601604
4.065635197822851 9.151111207413745 0.2144913511035238 2.238861359141036 5.642491939149911
9.440901242171158 5.882218719490854 0.2703896938172141 3.366076690963487 8.404793720192927
#
7.2402230113256305 9.622209399513018 6.809448190466372 0.2634251855577858 6.5925176740723
6.816324301079456 1.4657365307714172 5.544014697590381 3.021421929768152 5.641839440048635
3.575885766191847 5.271799366553733 2.9600411650282425 4.1844569214234255 7.734090353381841
9.360598494464206 2.8674552566412497 8.89378699351656 6.255997036096174 2.610871455436775
1.2277514883265246 6.242807634731943 6.282464655985232 8.680147972127923 2.549905993672997
9.220976295268855 6.423565587604783 2.2666252573292294 6.97384466562044 9.483474214801909
2.3859566469527675 4.36936150070265 9.11345307476899 1.7025694257236474 2.486898246625647
2.9550902306812556 8.287454831958156 7.009302093335265 2.9140399449654013 7.802370071516458
9.089550855997846 4.522853274474119 4.382621205279748 1.5361464593061585 2.246590309961836
4.55342140186192 6.994562335555573 5.717264343394726 3.6779003173643487 4.069471948412124
9.915724893721222 2.6442236776450234 0.9421336196344656 1.8666284408459037 1.379595184216647
0.3605225686706879 9.510128753646306 3.4159138156720235 5.442522840432944 5.40701177021419
6.0768478696762696 3.0536741487224757 6.612456591860963 7.194633742734937 3.392600392071204
1.4837550459973872 0.18862348907595106 7.076220111997383 1.3519093733052507 8.380603622442717
8.993016739921416 1.7627202783973699 5.671322615985135 3.3786534655207423 2.6554480350589023
4.160542449148032 5.242619425662006 3.9714066444946 6.25624401243549 6.3370685851636965
2.9379543204298133 2.0268267515759972 8.10471546485897 8.573641684144652 7.905686979334728
3.2392685292962167 4.4195164028484175 2.9809899135564892 5.199772086099203 8.212762538800659
2.6845999353413 4.180678653887165 4.346829334808707 8.521310355880138 8.40341251791767
1.3320741907884535 7.822757187269804 0.8577675905562394 4.6935752016826475 7.282810272796269
0.5917125635644682 2.2362719396795776 6.617173923614242 9.603233769431998 7.820145678769365
0.2995175665359744 3.969950535874802 5.894642184638568 9.997128439915164 5.194781655176724
1.7517808794979421 6.354547298491129 4.532293264889692 3.821477798365866 4.236776786806708
8.026399038773123 0.1799829591368276 3.273725964111212 5.26610090851693 9.146774135366263
3.677692401951107 2.9071253681222733 5.672149416343809 4.453765936080312 9.802119560179328
8.748334991442583 3.2998258751467393 5.670322097539977 2.0028922094620976 7.609367539444792
6.786552128227556 5.090478068273626 5.7380710425526065 4.8606203791942955 9.292256801166166
8.129688673554847 3.6264587673070974 5.306008349814454 1.455140243821111 0.8419357080925103
6.073268497996793 9.764167048389597 1.480400340336002 6.612822113247314 6.734620108381989
7.780404328235985 6.858042250645356 2.428418927751113 7.790877499277908 6.060743595685517
7.199209168029299 3.770157063803672 3.4328795967583727 8.784599018291244 5.569357938603348
9.889030457227264 3.92745841193885 4.557393199160553 1.2744872939829914 6.7477496321540675
2.8320950548122856 7.481991173380983 3.9046707872195796 9.792136086742891 3.9070891900819467
8.959516272439974 3.69156095309685 8.159678846297245 0.3822114141034447 3.7701504138112414
9.548800923698302 3.0890564695557243 3.4565914643943754 6.6298687384184145 7.452426913637302
5.298179335624021 6.304712259828745 3.2483371112957444 3.970928211538337 5.254867957975917
7.091627305429808 4.265214102183285 4.35853108100326 1.1353478289175185 4.686069748233089
8.997699030709382 0.7486637602091442 7.159813935195518 6.935491190404978 0.8618462810087584
9.878544670792422 4.436495354838319 0.6472775883733473 5.0943640818224205 9.29978709354759
9.306239716046544 4.7803333494417215 1.482624111634824 0.8758018444817974 8.487735005104387
3.6647145394968597 4.8809820659297944 5.848749627987563 6.103353013040813 7.84493769418796
2.430614391057895 7.069072430445597 3.6985449595489874 3.3948536215687293 6.686382969547152
6.399315690633216 6.881700452727196 6.316881552354172 2.7596474971411857 8.48754833509157
1.6475143596757 7.772165190456939 7.583978965537153 5.43246913293434 8.066693710167122
4.9105907503889386 3.6286562382892367 9.014207790201578 3.828584618768325 0.25315803289486905
3.469390763603009 0.26542042070427385 5.794484168441148 6.460103845389119 6.36553046056431
7.817155496419211 8.059210776795915 6.7151436382125 8.377659183281395 1.5615612205843346
2.3941957755117196 5.984297456344193 5.9462230618335825 9.59959372262228 3.296433251850873
9.414008373130116 4.974284926481611 6.959588665401002 4.0581894145133415 0.7701468961360272
4.703627415526106 4.010025930395356 9.367449090773578 6.580687238422848 2.857751168172748
6.323915209009758 4.914603314330941 3.1695033411540794 8.425835513294636 7.466325035927893
2.7271620789722446 8.8031899538015 6.192272772533417 3.9434597873812214 1.1270387359841347
0.8426961468282839 4.815629358674779 8.96218862433736 7.886382569939919 2.7031752197428545
9.92440261290744 4.552441760013449 3.347154873958126 0.17653240599355868 9.383538829286941
4.740686993531577 7.397245476987969 6.479911452911308 0.25951299616357115 7.696486764505153
3.405747182773367 8.540315653916988 0.5908905576544088 7.937539228328396 8.293807513253718
8.322295559889707 1.002676715830498 8.237915564674864 7.016775811223028 2.268195914085534
2.8162761842054955 5.369530317610952 2.398397007921803 5.226210757199723 6.648047090880118
1.2846086308673503 1.9856852422551445 4.446289922389269 9.908406354616957 5.35128320630204
4.8813031487705425 6.653148162924486 9.776524608309037 0.24279820676725272 4.507655038325501
2.37340120077678 0.9994240258935427 9.154210083141042 5.34552914649144 3.4377714164759428
1.3138369173192967 6.1580969539489825 4.603020696563884 5.883079578874884 8.855757088262067
9.84938340289504 2.7644392511840996 0.9838764795879538 2.7854332888115736 3.5404784681253316
3.4576373572246255 8.185559542694957 0.17117306069032523 7.128702799621667 4.7003160028137065
8.616568600029352 6.650439251051386 1.918971492459292 9.4323409362655 9.753009903152243
0.6441503885188489 7.840309580669345 6.149261866207063 5.79883737565224 4.932252048487368
0.7423379716212715 5.809903557752237 6.337284655749631 9.366380292926072 5.594003525107168
9.9484075757904 8.418705017997116 4.406791622740401 3.13393833108338 1.0378329023457669
7.069514612299277 1.7206886866061684 4.88367005510574 7.096482795674 1.8802858403255893
7.658756846517501 7.799153591191665 6.60570568089739 4.218231497674303 1.7171056614646463
0.984642959789988 1.049296802398585 5.6619978375528 9.598216148453815 6.721942447561757
4.567550791757542 1.5195451900059225 7.875963580777395 4.569730926658895 6.476242537988872
9.592310206043141 0.8556397335849786 2.510498765497584 8.410119817839032 8.94091036349789
7.858872998810576 6.737547939849912 7.554996323121012 3.5727009730233577 4.215555312523049
4.236428453979648 5.873257044475352 7.962676711429999 0.8029819195049299 2.791047742576582
8.065888141378734 2.8447658351377503 9.999134743783888 4.591089831046082 1.2057106612147086
9.461228420401744 3.34790692701887 1.2959847533251119 8.352336108917914 4.919564886360793
0.33086361165178513 2.30129160102254 8.040761282129857 8.461841322204993 9.374442974250867
0.8416550138712982 7.42559542506365 1.2205141067901888 8.56398382983496 4.194370932980527
9.211091633574359 8.04884135716102 0.7706969438634568 5.6541658383571 2.3472218955162027
4.919613517743911 0.5501233449438869 3.4026228388428272 8.910890661101064 8.322372849628415
0.3228942284530243 9.076245968352595 7.39572240513417 8.5598298780643 6.883466384148567
9.980981677428582 8.621249588479113 1.3330311304617277 0.5329919617583485 0.7582564929985098
8.114393637949693 6.288400012799166 3.2683253519745366 2.7241470553852025 5.5970483134610225
6.833717703186841 1.1003601119505144 4.95024276282644 5.990701348344027 4.582246076416281
1.8330780050677888 0.9745634383346333 8.759760856304727 4.738886606620831 7.226140913594547
1.1996158682391078 2.367682292572614 7.177737086994512 8.204150130146683 8.271007452933352
3.506467267395106 9.46390650028221 0.5714540450650851 1.9865691956683453 8.643819429980084
8.126990263368233 1.5984252980324496 6.444868777272028 5.312138734655953 3.577454057994171
4.199879208148895 8.250945732719485 7.048101881006291 8.641034219528324 3.970190401217013
1.2567792331349983 9.365003700697564 9.709073202628428 7.875733710016528 0.9038840087721782
4.632726653009357 3.510303208921175 7.0615991343771105 7.543072923573915 1.0312196404629432
1.5196495914295425 2.290623021624196 3.645961201259857 9.048985853767718 9.180265896774426
6.608986508254657 0.9065121756765313 8.72642371125436 3.465704415788805 7.683172647546319
9.078741483466873 8.533361847881078 9.87476245705615 4.701291689242071 0.19911551059901544
7.655590825459359 7.690996519229607 3.462896037547126 3.329512312654292 9.912244804008456
8.956996330993016 6.934650765053148 6.266976719889086 0.9072851998399205 6.5661627513859795
5.9641494337502285 9.839356970738004 6.158117756784921 0.2196283400220853 7.495343505322315
9.17211602333051 3.560498891540453 9.394187320406592 4.532094263001833 2.3663423755709876
5.5455785752729465 9.446989426644748 7.315267364532982 3.457611587063319 6.462161189390384
#
0.986572340418717 9.83293727780295 6.719940825195503 6.512043623943358 9.394747540202166
0.148791631799841 4.24897520330245 4.587034691017362 7.803518026171606 6.3207694145317115
4.657126187488233 0.9475933878909775 3.199630616686686 1.4944944933393254 3.215787505140944
5.42054866998702 6.833222890734492 0.47954626763927344 9.998490572732056 6.169537690821928
3.0263581649810907 1.4060772243319253 7.998025397362193 2.3721856305660176 6.05248876530735
0.4605634574104478 8.42014636755226 9.055282594451048 3.1430310443725973 1.8795417372904577
8.352393849753401 2.0158621241957557 6.004191435397181 0.7252996053489156 5.92098162217787
7.494116230202866 4.640133919378308 1.0697042645932413 4.248196741588925 8.582031058737083
7.300619786942988 5.1691734010165495 0.10686259280351429 5.660529503089033 4.818325058153906
5.534322261015028 9.476920800545933 5.308270405246473 5.290192886032209 2.7025165984995
5.141687756029816 2.270928242691077 3.564987244576911 7.006148074533825 1.0409236482556263
4.6220205777958085 6.984913016747431 7.313051741491782 1.4017708551957666 2.122552164032252
2.4957101804077877 9.78849089051096 2.8612537341684225 6.685826490804512 4.536431607042074
2.46831948855387 3.9126593551278717 2.0613818456212476 3.3406440588391018 5.602782042965475
1.5190964411406531 3.256808648446297 3.2950186382618307 9.996251263270679 3.149925092677568
3.3586363889995576 7.008451675707114 7.090954107218645 1.1407013240714323 0.3691272093958977
2.664841489357604 4.873021729947771 1.3568670821159299 9.937549959120236 8.124209566152238
6.81014246120121 6.781674472878612 7.6282012008312625 3.619520393402669 3.0961834773528816
8.878041464143443 1.6151085593190757 4.211229138626072 5.139791413301087 1.4097440370730454
8.234951611185668 4.847658668038822 1.7358649996774882 4.935054634205311 0.5534119240947559
3.9753721214191455 1.1576017462200485 4.371485157921325 9.694021360819233 5.083874724906374
5.217780952497335 0.19070825133023472 1.9296873824623613 5.837731885953744 1.4730625312363403
1.0387099729591762 9.88890335593347 6.969982792581428 6.41701290634624 0.7055471086305438
9.440525043916544 4.984630281672494 5.5648932673770215 0.7006924090093678 5.629409343348678
5.534870190425979 9.154080457846653 0.6750028336246032 0.23779642590968741 2.3262293400187577
0.2374539040465491 6.10474139315885 8.660922078744257 1.9743452717839607 2.753736704961335
1.0475577890401606 4.459356952367666 3.0330650269480106 7.604289623665226 1.5494115115374814
2.9561061996980813 2.9054006436037363 8.854320549290701 5.458805949662068 6.549008917272792
4.63710140988396 7.967662022895567 0.18803476536135033 1.483185984132156 8.536196070044813
2.755808987819079 1.43327824042255 6.082955351805537 8.624740827589934 1.636690723660097
3.821526240737067 9.703585566639338 0.47425628740439496 6.957031373355312 3.5862690689825145
9.592208077372566 3.734699947267002 2.7002560090623455 2.7954728065862953 7.1793603950946965
2.895193532189632 3.7641021546474893 4.021912774576785 5.10899185004155 4.212601768519404
8.965701219489729 1.6673987982369485 0.9057514626429768 8.245656762084844 4.412883426100687
5.067445919759908 9.679500116950251 1.4868949580557862 4.003092814249241 1.6598767578392
6.63408888354527 2.828494603694066 9.580131276214992 0.5340493243849016 7.6595096187455365
3.8446582751336176 9.147128936088908 0.39732014849952346 4.298699480981728 8.954535312858535
3.3489783595080898 2.7827480771887925 6.4948300390143014 8.446377473603091 1.9058241923469637
5.795004668073963 4.875361183454599 8.737650820866147 5.617969528485082 0.7110881865865286
4.482353769483127 3.856116862107561 7.813087999160189 0.5044203695502176 7.003824876051821
8.516229510415865 3.2265736545614367 6.378024210484704 3.62246860358223 0.6039385043443035
3.630239881547223 4.97785371349376 4.950293749943444 3.088502233600826 8.370555267208385
2.505034903519562 4.441280945248734 2.5017855489514265 6.471346931117901 3.9331785556355436
9.614072703887725 0.7290347044074519 2.124680352926878 5.653266093228773 4.562056727058267
5.513986298340369 1.7656648005395343 1.4648480825626398 8.39785368667167 8.946626897527983
6.936910195063546 5.106333602582182 2.878901650041551 7.123597712226584 1.2752430719615058
1.5072257805283238 7.121211425254869 4.790401318119932 4.4142828565007735 6.327812473377635
1.555195910065713 3.3274553213216027 4.505664242654029 7.494103202210763 8.158938078630934
2.234302451644163 5.666633603749013 8.118328859137447 6.49550349308306 7.52425251837686
1.959703424482071 0.9361572334044972 7.646119449845543 8.535573324185231 5.389963070522054
2.0157215316001604 8.065905309192814 7.880552158535121 4.30239875767203 7.7192064325253495
2.8800721847056576 7.569390894430548 0.8169817878322165 1.6257370589710156 5.122105529082964
0.3558408864088909 4.633779848153652 9.71418831687518 2.262998061024816 5.954862423125855
3.1573430313047353 6.857956501470868 7.047346704638876 1.369879492260487 4.32325732216082
9.940463333481565 2.8802562615671787 2.541068925916 0.8952105607942702 8.565753052829708
9.832682111715592 7.151336543285598 0.8020020586792382 3.9693135173104963 3.6010444716436423
3.6780261070998446 5.369211064958761 2.157208994894104 9.978100084729515 3.824392032500913
3.3392674297302185 3.1200233221915603 9.931218751422414 3.447276251809037 0.7604497988034149
2.7526779570157354 3.4397078850515435 9.366855007879636 0.7503260255093513 8.167392127569158
6.573386777616895 5.55572339112538 0.5165404129462638 9.024004192551134 2.1712970119252093
8.4801289166394 6.287543189511062 1.3538776235431143 6.346238747238237 2.59790095522718
8.426348129747517 5.0698251810203825 2.728178038768977 2.373442476830315 5.548020818992057
9.445413685006883 8.355309038168125 5.021480031095324 3.3923680802905856 0.8422719003614665
0.7534770500854302 3.558391060612255 7.6607008663496705 3.772237282856888 8.728340029315637
2.6816763681666167 2.5065616611057333 5.617465233166578 7.447463758056393 2.684881268053986
9.824408873420769 1.586442228345303 0.3873044208710317 2.865322665151982 9.313916852246951
8.635649009557826 1.0393003585956286 4.81211347655908 0.8872751213696954 2.065466644385705
6.848226831852977 2.925874303764634 5.793063066211311 5.130179846165744 2.164255294602889
6.647953354799643 6.112928001760255 1.6088189019725698 5.192652044082678 0.9380261002546231
3.4159343534302744 2.8402065035165767 4.572704803273711 3.351771024405437 8.390967627577709
1.2011395578391704 9.575358600850533 6.848413379699553 2.3330033058261037 0.40427678740915685
3.428625600058265 3.319532686301864 9.295997496821451 0.9323071159846856 4.802091087413041
0.14920818870868668 8.69631960812172 9.847985074296124 0.5573805542912753 2.133737714072628
2.920453428167489 1.3237917577553984 2.8655737905333685 9.230081248232182 7.143817663074895
9.365748884788655 8.326636725658698 1.6105287199049552 2.3156511129265764 3.5079729870329546
8.480400897872261 3.775070880359288 1.025063224992496 5.3872868830657765 8.878472867707831
6.670640879268907 7.9933146625858065 2.370483338534944 6.782750331012707 0.40614437958135774
0.6015269266561427 2.8976360156311736 5.742477811591811 6.608902704519895 3.009765207595137
3.0255174883817126 3.679815019604241 4.208856651829289 5.977940708987401 0.8311736138959347
2.104927697161894 7.485488912657716 7.219470934306614 4.270860588858104 5.824500590789714
4.589795698723708 3.7247419328137163 4.286945588243414 0.7080838744430995 6.31636355597674
9.86648528408643 4.5177681739367 0.7763506060760346 8.394925571685873 4.444769028782558
1.536535505761051 5.889271171307022 0.3296594674418811 9.56078166300682 7.838879168450106
2.047336858766464 2.474107856332349 7.034413112463525 0.6736055376761598 8.939836536089386
1.9863364090529116 1.6670525422359468 1.0522475273586451 5.932543697786178 8.98040346301403
2.3937138343098834 8.013030942776947 4.838061606415562 3.6548423064883897 6.91740917178509
2.2169999043380373 9.142959065826833 4.110355892116287 7.276796856365818 8.006338295889165
2.055721664802572 0.6965708681723495 9.979114230472854 4.638384805407465 0.8442083965973479
1.615667278544434 8.123801424883725 2.150545559567526 7.692405015286618 2.530963996188008
2.9600813830760493 0.8409356114666284 7.232107982920042 7.132186487475919 1.9716964242099073
8.82788259505245 4.182623595728684 2.4765985470327077 4.937697627019998 4.7959767409241705
1.1901776526915318 5.876561459136791 8.373502716730233 1.71805457043649 2.9825129646650774
5.587353069367202 2.0693869128868414 2.6671176838029913 7.447971651516383 1.049147310107747
6.24453589976638 0.7306335562096518 1.658135142109388 8.971936579705666 9.680639324041698
5.393467558907221 2.984455772054953 8.582727182710713 0.12765560012256127 5.668432206571668
1.0673638245364097 9.49650562755915 3.277570584050279 4.1104226709484175 0.9978312063375094
2.8974466095556144 7.47033020765994 8.370588959735024 3.2173199054243318 0.9149231091525687
3.1467946127748103 4.035220034091086 8.929512827372996 3.337120044600945 5.942131477080316
8.72381190771093 5.196292000996483 1.779889659893207 1.8607970475011495 4.574185202229811
8.33490291749707 4.111502876356594 6.487900818357687 1.2528583491926213 0.2539801771063308
#
7.51776365860546 7.364258423497494 0.837265205194071 7.206313436770884 1.3162055846923506
3.981112752163576 1.696506241533557 9.532071967628337 7.262281969751297 7.759959526967713
4.073209931054899 6.811175199263071 2.783306900140202 7.21011205996855 7.85592159386862
7.449491079128229 4.491294279774021 6.317391352068491 6.58425716872659 6.475597977388091
1.8168399774857886 6.811065505505788 4.078380089259794 1.1683983304813497 6.4368169641324355
4.44105262115855 9.623400322108855 8.198586658888633 1.5600198929454243 1.6706510294742531
9.956942837617113 5.749933204543761 0.2279571293801892 4.611450872375036 5.746811276277716
8.710993280881315 0.1636578085864091 6.733679343057721 8.925312477786864 0.6548495210019984
5.700479672604818 7.129928498105129 9.554738500249744 1.8425845991337164 5.544112801690146
7.616823448721977 5.9071163188100595 1.0003746175324482 7.208211754904644 4.935513285450989
7.673933171113937 2.4054127430206655 2.8041641622907862 7.674711024301292 9.18756900374721
5.207088158828459 8.442964748198392 1.6166929125242615 4.199408798978991 9.315649303203834
9.127857481613256 4.7244124889547034 6.29067269208391 1.8868259822569846 4.992499550791107
8.89117731520468 6.635698124087811 6.348372048674704 0.191747690095041 6.539178266885965
9.732902271482839 3.390003649550491 8.988234872123748 5.138830294620439 3.9672777437179527
6.348974777711317 2.37942145160153 5.984078419193178 4.781133750367708 8.434653684470023
9.394410216166733 4.979141875805599 7.447894112835147 5.268553780698812 2.760896273518655
5.950403938582261 6.052368671284609 3.818375439748255 9.99931584255521 6.114816671066176
7.322762459207503 6.685401711877296 8.97563654790298 7.3864717401183375 6.262139469294841
3.6217098613436587 3.839570991739065 1.7244718407919795 7.71148316819721 8.84869009405344
3.072070307452713 2.106960368192978 8.45904616557738 7.662681164944702 1.0969965411692377
1.4882984314668684 1.475888787239298 7.716593151461937 3.5082935466333973 8.385361453456655
1.3292201892191589 5.9840368250464175 5.938232633771429 4.941566705562074 8.049975460930721
6.007502223448246 6.7815279471528545 8.535397695234371 1.1837600734629103 9.555968373130534
7.919475345632405 9.395378644076498 0.6567822346945249 6.557041080088132 9.903125940229074
2.709283884349112 7.939756909755468 1.2190447811663718 7.390513550196894 5.70122186938562
7.556840729063107 8.354742447287949 8.542913426783148 4.656185491314666 2.520354990118731
9.671758022886179 5.2140170360365925 3.261806257211558 9.87132638637473 8.580411247357356
8.640822302594508 8.898005239304156 4.160583312602384 6.340002923712601 4.835109426985753
5.048153309779743 9.944590897344657 5.585962130673221 7.317943081764492 2.318304351570155
0.6700325970118932 7.895346402457298 2.6708523172468066 1.092250795392843 7.436817062549949
9.990129130412853 2.4893049837647245 3.46564693542096 7.626509184594385 2.1663957323917176
2.0168994123737556 4.339690571392349 4.555093398970806 1.9510435553968515 8.993304718016486
0.6604745432991699 6.881128659409268 4.9181533200126495 9.889588754633346 0.19632157102374315
0.8017086822194299 5.7852343032684255 9.139289901961874 2.2154137255543405 8.3458570800712
9.589194335378519 2.3877078469697635 4.281029994699878 6.938508265462822 4.069086214275818
4.426009252615275 6.675622269889717 2.0445418081699267 9.210545220868788 3.671813407568683
0.8618120352765102 9.410239351042602 2.7288577117907944 4.042092719439438 5.214525261419947
3.5462825676883294 4.497190236823444 1.9285095892796544 1.0006217690535397 9.85656784265455
2.924836711323549 9.073286359832455 4.363929761530349 3.8894088402249403 5.336653439627646
7.68228609176173 2.7845576726679124 4.409683276866488 5.8781078555220985 1.0060699983630483
3.793686885303744 2.419957564973728 6.263545501281867 8.331952678896942 6.307265928377692
2.8901581233460822 3.9716481786737328 4.9456702095912 8.947192886797058 4.229331754934818
4.523343025095142 6.923039244388472 2.4115764170097127 2.7864510027310927 8.734549202161038
2.3114597921169966 5.397398363670194 9.060078271643743 5.103935347929116 6.53599764580978
0.7260483921915402 6.329223013990378 7.5748625404725 7.49011464047714 9.311688012201731
5.659850616080186 7.627143517806461 7.58566843933325 0.35665185125699495 8.253094616113952
2.3637338244155357 8.489156188010043 8.679747850035724 1.038173898283432 3.9832068151871685
0.27604450393143143 7.319465906980788 1.5390289302191293 1.4304190318054562 9.810692186434913
1.7502612513490625 0.4609351793096712 9.883962904832783 6.565743751152359 0.4442526187501503
4.3604082989530655 2.8162378147864335 6.5159503389070625 5.380339733937369 8.586757050463175
1.155594262179358 2.513770029312877 5.648362333490132 9.449721536273072 7.197291589120238
0.2898102118493542 6.345461521017239 9.33019456541636 8.731950742397911 2.3609177266505816
2.3490044392410208 3.3365245395075815 3.1144965284654162 8.046522936992469 9.49528401127208
5.83615717005128 7.351779287425284 8.225651139224798 2.3127079553582486 3.54302751049237
1.54463044819297 6.152567108371892 9.303168973129516 6.898246804845577 1.3298337887459972
4.164124632956023 4.906580844138884 7.252326128935051 9.28783016282549 2.475343263574257
7.3569493211589165 9.467006166632522 2.417507096931223 4.847237023943392 5.057293151576839
0.8189645896826319 9.136297631260543 8.022560381929521 5.480068227469471 3.3766934211660855
0.30163543584096075 9.562343007468698 1.3951955409127272 1.615744759600084 6.112220110642309
2.5085398344692167 6.016047327724762 1.2285164933136001 2.1930388567603747 9.586931113604674
6.532183814067902 2.1290084261631144 4.866502031268668 8.74056460782666 6.530236285990159
8.377726895647992 0.3048758561385032 0.47415282412528814 9.938808036267014 3.941584706188083
4.621905886747852 2.0126525312807995 6.6676695450948715 8.742079771145265 1.6112643058787244
2.5503723897972077 1.044436538450987 5.815905059516873 4.9150554677157325 9.642941296052406
2.994715366546231 7.929148369300912 1.5273310887341687 6.965334443262623 3.181836825104392
7.957971232106902 2.654550143169367 6.435289332942406 0.7802291052486341 4.711346537727245
7.43133020565876 1.2101694361912476 6.016655180828333 9.819452732025983 9.098259563918287
3.3388873936116896 3.6299498473713054 7.59190429282419 7.7736507365302305 0.39738057929728576
9.971973081357305 9.453473501187627 2.005799556187307 7.074049266340222 0.3956605800766635
0.9080766734103847 4.756993897516978 7.058314953210838 6.35045111982628 8.581772285288146
8.11836761119039 3.6161522978605123 2.49914901481223 9.778074114170874 8.93439573126016
0.5084731607601212 1.3290342061033082 4.6060182665139475 4.562059380140169 9.53704248775892
2.2962190006268717 8.471242357725567 0.956903160621156 1.2667247405314637 8.336915454148993
9.8695378749444 6.977913847851546 1.926085499924627 0.9770089713220971 8.634985347228355
8.414998079409123 4.3666948906184855 2.842663365693917 7.455940949429278 9.882737104928292
1.4167092621947424 7.799307232524573 8.943522381408496 8.330194598385178 5.110118416384821
6.361906973042504 4.963797107016155 9.515220969790878 6.425749422068649 3.483647132626187
2.9201618081354908 4.796894953899759 6.915548856571677 8.243460376768713 5.175597796199284
9.857765947703218 6.392554017515517 3.6450270329124823 2.207846538968814 5.120047401373752
9.964667464214067 2.5245665236782666 1.0722263981174267 0.34244611437722217 1.6788259815724622
9.830720818038266 0.4144247749737513 0.2837074918983751 2.8262335117618163 4.808157411044966
4.940415357912522 3.801946729107747 7.9026131061959575 1.7203576806398004 7.7089043380131255
2.2848648703971093 9.755898175809044 0.3059368007713781 9.702627048025054 5.764034710571644
4.150237265904489 5.994221084458805 4.702699334745458 7.09277830502083 7.125287079991606
1.6685634735316413 1.8235395048683363 4.934899354000785 9.930263556651832 8.687048993128595
9.787611853712614 0.341029234950204 6.839161993211405 6.01478242079373 4.230030670291751
7.486864926325358 7.549819752341095 1.800875680649391 7.0815201352190975 8.102023107663733
7.679217545531974 7.248324228031171 9.14846913891343 4.137589344495812 2.9989460525449703
9.548992533376206 9.47904304478528 7.589664960312579 5.962685246023509 0.8531553171582411
9.96416249121869 6.328204283555552 2.0172009831916538 7.659972893868101 0.2472959020634402
0.18991773203944717 9.193115272615831 7.831971727959339 8.24912138509078 2.5072012382459827
8.599224094382773 8.274360494367862 3.7396897189527953 4.167162877348522 6.647373099740914
2.4359123697238765 1.5652451112436232 8.379302826297772 9.536610452618127 1.419713325395647
9.165118129112553 0.5566953330781992 5.577535038983341 6.310615576817797 2.25691992645313
1.8574205870291727 6.672557192720137 7.450758279557516 4.002480830543786 6.875251103361428
8.164183800112033 2.8125665072497363 5.216412750553902 5.022110584069069 7.151779172313814
9.804019385798373 0.4442315070410796 0.9522224510792228 5.02148271414253 6.09541335772849
4.1548344390943726 1.4524123754357943 2.6783415686870784 1.47992431382414 9.95164265765381
1.704129269615311 5.153628249630246 6.569905256484613 3.9569461956170726 8.013926725570094
#
9.884598210764722 8.941032177068069 5.84869210843432 1.5370588244374508 5.091471872185699
1.0534360942205958 8.662041861403743 0.3291403323829032 6.822108452970188 7.086783563889746
7.819956775188902 3.2128639610164944 4.1020125119602335 8.739927294219362 4.579881253822213
4.052945052996032 1.0124818426935187 4.536321203337591 7.123415935778389 7.015151260715246
8.57274319986411 4.3467402986708885 3.878499130026553 6.600810352934247 3.158529230907682
8.18976497716265 7.795642588810447 9.750562618347015 0.2788575613705566 1.0321244566426895
6.361462179597342 8.339410494428456 2.5082197312634014 5.07112747543052 8.958875319200772
3.179383542628349 6.48341604732755 7.746265461481238 8.797473212319304 6.220636465463469
4.6998670027008895 2.753847707971895 9.437159944904773 1.0465778821140006 0.17493328680864817
7.7901359340735095 7.99133160718282 9.372735304600265 2.8592683921822504 0.712353884140577
7.319310956394605 0.7115942706031708 7.495778405607161 7.7015023155723465 5.617774954547122
9.75738836650443 6.808757718410053 1.3759501216760714 6.871418423443432 9.700681331695682
3.9376335618988687 8.617570496878487 7.607873227367614 3.0140652286969276 1.0305061066477803
7.510481006410085 1.3706425863831866 2.853752480471449 4.847526809176785 8.692002557507251
5.659473433580592 0.23183457976715438 9.77277169141983 9.392623498044587 7.2310661123555775
1.0648845413967227 5.42737731325379 5.620843069737507 6.90052335195954 9.545852153398062
9.168234483832084 7.135279282551556 2.744553482624365 2.476122721057879 8.68690361530448
3.93685956732064 3.5400068050227143 0.5327829883393784 8.10205197347143 0.4411701962796899
0.20831201678568245 8.485603393250052 9.381587122201823 1.3265404220615835 1.1068444815363834
6.637639477007938 4.258566234984567 6.183371786478295 2.7119623238132244 7.491507224957809
0.5782388767526108 0.5594714064173099 9.02128844397871 8.109664555187258 5.862290190442533
4.070861842930517 8.460077322393207 8.086436290674945 9.805806438148908 0.399811127327804
8.2927098380734 2.7758463854263176 8.169231093656093 3.456730789227115 9.156533765677953
7.554792662780916 0.2563470603912936 6.938526318405877 9.033979049810203 5.540483544694838
3.450275193248008 6.610395631278026 6.019942008161438 0.79597202303027 8.57885781143067
7.183715114401121 1.1151416183135332 8.40531702042914 5.70720423715124 8.343173253767466
6.673150851489778 1.2944835653632136 0.6904075191915977 8.645858552771587 4.768225151560787
2.069063912266647 7.71615252319401 8.63937676711692 8.765897757447302 2.645362721079812
3.220173572765238 4.755576598575706 3.364097060825232 9.514374514497904 6.582465052239705
0.7933868747771218 6.162881253546309 4.725968552608036 5.589009226355471 9.128708076728207
7.514348250153556 1.2171802777254905 6.68940884287921 7.0522667516726685 4.641485829416543
5.936414461300339 8.992478556149285 5.180095590611476 6.050142892310429 8.483940680775312
8.961880338986376 6.263848448198718 5.135518135080467 5.539497022351599 1.0458975452454515
2.42261083358261 9.803866182419906 2.464230330990215 2.040807167811041 8.476354187314016
5.996734136190902 2.9064964978155903 4.4372807523671725 9.671629220485135 1.4355274153839623
8.702446459362388 6.69723907873203 2.723116048395893 5.229860282265548 4.5271358211937205
3.838286480584248 7.190800790824182 3.3546726869430095 6.385144616694921 7.004567462381573
5.520057225103969 1.1845716030417406 7.821536774204937 9.684244947632365 3.33290660478708
5.317027361916152 9.230583867798696 5.234349900759838 1.7565554841669635 7.670267190486255
3.9527318453189757 9.74775829464145 1.233919027839768 3.4136563748967963 8.43124898054666
6.289842332769148 0.8033135939280758 9.470646476214903 7.707697342489309 0.3344391523824157
8.261930913993142 1.5037585136605793 2.358407367185784 9.901205622952247 0.499851914646535
4.049570761551049 3.1729618788983114 9.407586773940732 6.0007999254276045 4.55361027547708
8.312004070790021 8.185904655404366 3.0500034935073934 8.252101485268703 0.37992192428324323
0.22046086144877108 8.247804847941223 8.86976776714897 3.469926112196391 4.519211432051195
0.5570326571136315 8.4020529413717 6.743367153451165 2.5310718021311494 4.831595953619479
1.0011340328378449 3.5815886106881285 5.056548087346961 9.590305612501759 0.5329583199422236
0.1203847404267595 4.231512977807204 6.960961883075294 1.1053563492268683 6.633140504728803
6.006222184038773 3.0152207115584098 5.887787909511893 2.3580106288678966 7.7585075051543555
7.546277906442126 5.424288362957139 8.762076540410536 5.010396540574821 6.53257807909571
7.718269797802966 7.5515587703095655 4.851503375568777 3.546137312030451 2.745157571624768
8.193968443140381 3.0731032806269596 5.916311458117867 5.121963463577433 0.42017766152745484
8.007736721299061 1.5166138041919592 6.922208550845321 8.460257335498524 3.5770414380652458
6.966294626103783 9.857400163544202 9.203213464760506 0.39060465883011997 1.1480238485611096
7.655457982352343 8.96190653096696 4.69039790675519 1.3841067188731637 4.9279850237951575
0.7096730082667602 0.5429593369115508 9.040138885935335 5.709057685700026 9.406302818296549
8.665557948666521 8.127951822308347 7.76095252642663 2.0491754790998935 4.631903621363897
6.352653134009487 6.622735207405112 7.248317674849722 6.952630083356665 3.3361694806223197
4.48544159953842 9.815862655817964 5.202137129975514 2.852104112157156 4.393458245006263
1.7324230673216334 9.86150616852369 8.599450074264187 7.758345883830531 1.8854801344302201
8.83391645243017 9.36307424861311 5.89755259473984 7.6992450661140595 2.5203424000810695
7.659735252873444 7.3342889844403345 7.271912202965913 7.076924084575596 2.086082994713467
2.82693287198826 2.844407108960302 3.4548459647001803 9.429435117770787 9.14944884069251
4.947477306424984 2.111359097310658 0.46720468153180583 8.498041396180177 7.071079914486287
5.2574242381163465 5.1882494217805215 6.5015988461793395 5.0632668247942965 5.730461024022769
7.292847854351356 6.0011888059208145 8.383676158667932 4.320606118852879 6.030887095858549
7.18640714428304 6.953270706977525 6.16521969053783 6.027676638559829 6.22818804473574
0.2508945898387793 1.969985234788615 8.156078978349939 6.135122606201358 2.6768048649250535
7.651323127700325 9.949208578327486 0.4087893593261924 2.6502784415847334 9.468035848233392
9.09005315516611 0.8133011403408128 8.497734715125462 0.4116520969340698 2.8963991101240736
5.708604289907637 0.5508390408709731 5.473985754843798 7.982783013100918 9.640597241718927
0.6493833908809767 7.837797271154773 2.337185282070931 9.796541182335126 4.638347482469014
4.508454206063983 7.099675117048825 3.2861750426786425 7.499363618215863 8.496016887236856
5.338854428075453 1.3115650517078032 0.3535108327873768 8.66287331790963 6.448900505178352
8.836375315367798 9.07956522505953 1.4770129148678413 6.159568812793486 1.0040566549529446
9.379126896995382 8.514969188176321 2.3753307174018885 7.215312508485585 3.914569364340177
7.2629196383321935 6.083821996798232 5.149171991739229 4.654818658555117 3.61027397423989
7.974350836529478 3.353791780770708 0.19596540803228546 9.383901510884497 5.176179715484888
6.681434801228213 6.744786999443264 2.8676003140671176 8.099313554994136 1.8035710920005967
4.839000419385033 7.096226866623905 2.7078993328748964 6.174880834115874 2.9997697295969745
4.004684859317421 8.816743117819247 9.236969407202437 1.11504288724741 0.202078429132718
9.43653319982964 0.9598323704930563 1.5616227370481055 8.933536798875672 4.0474693593330375
9.889290936393499 1.827385984961266 3.961706622087328 7.939874057958339 5.468981708148257
4.8296588050619835 1.0501387790311445 9.781320472208625 3.217005041536643 6.4073125289653685
1.7187262980427418 9.970471455440967 1.883751567437721 5.3898944269260145 8.634503979977337
0.6319219583137707 6.4459950624024485 3.901004995603814 9.53420568396901 5.2121848859037705
6.744436015839324 4.827071851975534 0.9936570141566117 7.422794697194545 4.333414974688416
3.8132256902203023 6.766408757170757 6.264931454210293 9.472318445663507 0.9951874666952492
7.190168430712113 3.0132007342910394 5.817038086840659 6.636139171869992 9.260622475997224
2.0462022501966453 0.33763671768541315 8.886444489084287 0.2530399281072988 7.403684449138511
2.3124585956247654 4.009652311461896 6.428766587022404 3.7930758489628964 7.904349770735565
7.746058968267418 2.1663530963743924 6.433845427116343 8.508479839739968 5.255169074704211
1.1508253048175998 6.121252040465189 3.0651735207799757 9.078693529760628 3.5679985086708323
1.8287043384692403 5.953275781032461 3.6507764780662897 1.5733919074813345 9.675459816662004
2.2472074914949958 4.34779035437335 8.944738615465988 1.4234247357289824 6.058202205996076
0.49746126426557513 4.953684301023298 9.077225902939034 1.6269442365916778 5.963066987859333
8.595871785945695 0.19169285128398084 9.994812004371735 0.16470079247716285 6.286285407407275
7.834793207953869 1.6925997939525632 3.3753126153548507 3.515805839087303 7.173733883752426
6.238307765798715 9.185678527302965 6.018442947736113 4.3749478193523705 7.619203212477547
9.259944879801466 5.639502711079433 7.700291772617561 0.45138212519264354 5.6624727853137236
#
4.622011159470307 9.674637100804745 0.3557705831960236 9.737033343591502 9.466541992550841
2.690017311912965 6.679694054492212 0.6528767460032538 2.1921928716921695 3.0126469132403484
7.1199748101807145 5.735307831243916 1.888459662962346 0.9793519307694751 3.8497128018410205
1.1699766583554387 1.3955708747835756 2.7065162681407564 5.367483991621407 3.7421697258698217
2.8196125372707868 9.240007810641547 8.776854082133354 0.17253062034084632 2.9891638145640407
0.7772533385146527 2.1486401580969425 9.674731821130202 3.9296066314865845 2.3194451629578703
3.312563886088916 5.61665190797454 9.472920409432362 9.013398374329181 1.3885730497163187
4.949807717325121 5.229419317464209 9.389082645610692 8.68154648051866 3.0586596561150294
0.8414059030803394 0.7315953779224289 9.357889451204773 3.6181561376592506 7.918090750362746
2.0422755599003923 4.021875163510412 3.722575545071758 8.946452079945349 2.8552797336376456
4.492900018986058 5.275565465871609 1.1248579026606995 5.6783361451766305 2.7860083045521766
9.208641573520993 1.8573283422988203 1.9324674481019533 4.383507436056041 6.902714048477987
4.077703539544647 8.782617776941652 7.513828027123545 0.13893351475450455 2.9752696822689075
0.9825735697365765 7.301178665214959 2.0781796089439135 6.2823031522176 1.5936545796328345
3.274171412183011 8.820682958273842 3.1598932284884835 4.497963353187768 1.1574264399724603
0.3369524576670839 8.600626025733218 1.4493388641856928 6.160446538033534 5.459744870967638
4.136861498790528 0.5945085062050506 1.5616451487903582 4.6009285374895965 4.48535286996871
8.818333427204829 7.931620652084616 9.38605518411753 6.921317048480575 0.9197590228332571
8.574101750674682 7.431973274909419 4.432292107837808 0.6694917163624172 4.316812350034437
6.518520220990414 2.4991330732705843 0.6587508906165018 1.038924773477233 4.992344413498031
9.333852953297052 0.2809712885485425 2.831529627968913 5.385834499363749 8.17639985925667
0.6916516417268781 1.4123591875104133 4.8847874935564555 0.5257102592326017 6.811780210272824
7.814308739538376 2.5318572204052137 7.871897471142443 4.994442584073274 2.342736227831974
2.2935794814824075 0.4087618096868413 0.8349089019663882 1.6582621857775983 8.640381280167583
2.239395188724015 0.3611797400543413 1.4287103756048505 6.298248709213977 7.257850566927309
7.915382343289764 2.296147208368905 1.827566177858404 4.204858130089672 7.42673942429869
7.500009697827047 1.700514004111875 5.427180793876103 2.686466197515015 4.748191250674005
2.7224654463288522 2.401212384214441 7.321764810516444 3.331269927551334 5.001868007111332
0.7034005325644737 0.8204433267168794 1.2271640508149662 9.693047032049634 9.215464567175477
6.1075915683893465 2.3669620857147873 0.813124317387846 3.5995255903223353 3.735266413675916
1.0607307809430009 6.000656737375691 4.6231937125262785 6.733506528540399 4.706413370500415
7.929605049751607 9.260688906770826 0.2754133562616561 1.6914113653920149 9.340535919086667
3.098587900248493 0.42451716306957277 1.5874153054872093 7.293556400095941 4.9854227671482185
5.382314286109133 2.2240373135716736 1.3695135444448123 4.691274219015909 4.33123916401091
9.341630268118259 5.2284922001833305 2.6958171126073727 7.960514747027894 2.8508821063211376
6.331950091752677 6.336657864574031 2.921172521699027 9.803625510319515 2.1658596807662067
2.018934017319449 9.62679219166208 0.7697230853186268 4.251207855856327 4.985682457996458
0.30120218825787326 8.09541284000627 2.9864092724482547 2.745630066840823 2.364212425638505
1.1305433834159144 1.7549094577564177 7.7434233930179435 6.731019977662019 6.233689305717984
1.8310640185561642 6.1287948883089225 6.559978947627819 3.1741712370710844 5.025510200805848
5.302150669612956 0.13209370134447074 2.7086232531253764 5.259640714016194 8.403059321491295
6.410145287439261 9.394659359228019 8.589361033062302 2.5618177943424825 2.952224614099186
2.267706707450027 0.2584852876627082 6.4392304111945515 8.430243151327652 8.074528115807224
4.442288305003263 8.193113290994221 3.9641474827924155 1.3515405718706406 3.483354542179348
9.453226179094806 9.851937242015715 1.9048781323840087 0.7791998247218315 7.005238643697286
9.237838430979252 4.565665695237849 3.9949102740140887 2.5136664646127413 2.643973416647402
0.5631583120471699 4.863578530939663 3.6580615436211366 6.739611751746762 3.388976881499164
3.851626653527288 6.224141838977612 0.24785250988738827 9.792723273006903 3.1477247427212363
4.1728589427710645 2.1233679002787373 3.949774043937161 6.360548041903076 3.1864427504680215
5.640792309420833 6.367500633191667 3.607031908155659 3.4094485270696335 4.694565674835948
2.141966246439136 8.942638333489336 1.857284659800884 0.905773793709411 3.3955143380783297
7.831513422467166 0.37275321630825076 2.531941856253413 1.3771756795531078 8.787553767822114
2.501005123357988 8.37750496338762 0.7304146642751093 9.371312190085025 8.26157979900287
1.9144123659851986 8.115391554023464 3.943982091847337 0.8862842425322821 7.511353307930136
5.294567043600736 7.38374692588899 0.2815390434655214 5.117917755704354 3.8016758243207995
3.708370299161963 4.492143169171675 5.121144781511077 1.6419480186635504 5.816705437392626
0.49259214902822634 4.43920532702217 8.484204029695643 3.858174116212915 9.468261588392375
9.826167387276927 5.006918804290918 0.9157976857306895 4.922653825132328 1.45260120525551
0.27310536171381905 0.1250369552697599 3.949077048664697 8.555967147556592 4.705105525593996
0.9363034179867951 7.179292311619337 5.100639929773901 4.316609067718174 5.291018819702095
3.3907612023970017 7.15280904984167 3.977946389961975 0.29874578708520705 9.248620518948563
0.5573977682058224 3.3966451986801447 0.7419492409545807 6.686494152349535 5.931738211978631
0.25949586983991146 4.202861816192247 3.9507518486820046 7.99744450381199 4.856079524640478
7.504287855782147 5.103266506212127 3.548643386456799 2.4667698858810514 3.4140368028692984
0.4849190443136999 5.424049899069138 5.991695730816968 3.8213639763117215 9.415219144282215
0.7234987251631679 5.080432568963252 7.416929913281214 4.494644080345669 4.015887881434962
0.4018451652377477 4.113321742639719 7.726402528788057 7.975649920042057 6.967867435751918
6.17063678359162 3.463124343197123 4.2040590453320315 1.1533155391233305 5.446222430606424
9.505646598817698 2.0099593696324054 7.329218633747478 2.012306547272556 5.6216729357772675
4.433577501816576 3.2947886960452393 0.7454969692731961 3.3165615250045803 8.776277508196952
9.712433468006186 1.6738097182530463 1.5019895995389643 7.814224230466463 5.880809714023678
9.288822915646904 2.443263301321599 8.57017723401547 8.364363045504867 1.467153910388507
7.2770361731124655 1.2873753504216143 4.747887024469182 6.2734676772317535 1.8938094216733723
4.359569261225306 6.764727745115461 2.451806377177547 7.490714343018064 1.9020736772921105
2.2669645821249493 0.8427605491813175 9.942053186472517 8.844032305663925 3.4259916083598485
6.218765182948849 4.136151865074912 5.7168363166895775 3.1330559174257924 1.0523808130301484
7.506006218436175 1.1403688221448953 4.418272374819096 0.7371184720860597 6.951169410790589
5.971328567345936 0.13835605338410328 2.810312936608752 0.2739342849990196 8.216267432869941
4.7305288431189325 0.13044251629161696 5.657550836635648 2.319299787438777 5.745477446842817
5.8880207768031445 4.649930586805551 7.222058191656148 7.366637636352479 2.830299135036836
4.110120102055399 1.0744596591974744 3.043025710618362 4.305314257264909 4.924222010903578
2.068076836717798 2.7827620225801972 9.968574103112001 3.8275318961538214 0.6267243080951088
0.2248939492448443 4.768744563222571 7.614801899428667 4.682653945622186 4.387425482514646
0.7056358981308604 9.784007013829893 6.981326312788605 0.5189953227688076 9.118329874954263
0.8726864578720841 3.802197621681773 2.9083739762330363 8.293877309361445 3.4589381695047337
2.5806863099873727 8.558091961897 1.5729372139607873 5.381857534202714 7.862338311018501
3.724892261828038 1.3727996341704385 8.585710249453715 0.518382979479707 9.035076344661665
4.051152943424217 4.437712144406445 1.2724877991533106 9.85701487658243 0.7546405359880621
3.5498952838359155 7.867780461981376 2.0466122078235753 1.9329911217519524 8.555462031649766
9.072434964874395 3.293668848845099 6.616439174363958 7.147847429406328 1.4348843945387943
2.3596805975562147 5.054379830231047 9.157320843568845 4.310864799646862 3.583086115222677
9.146661689411072 6.504044713395192 4.29909411020323 7.494633348366393 1.8016729651837777
0.8988808195453322 3.7430684129924203 9.242300704981272 2.9542445867565097 3.479771496292616
1.8636128709683222 3.785118901365231 7.41806333015395 0.21668436186543705 4.674031026061631
0.7100327786197953 0.7395838605448564 3.9422582340175882 9.249622378917323 7.018107904975327
8.927059943665997 0.28902208747785085 4.800316401512902 4.464986296583662 6.608907556594096
5.636099563046847 6.988497288906597 3.9359453720007895 0.5289142739909964 9.74989049197172
9.184745368555827 3.6317456288453527 8.94866719818643 5.977634002577428 1.7953924841353182
4.344270565243035 9.05908251307185 7.323220252984488 2.3835108258373823 3.012139213402322
2.847158566954815 3.2912156193845936 2.3553910320404428 5.512153581171797 4.6723537665843855
#
3.404859269330012 1.5023777816100923 8.29937334255068 5.040831340800699 7.0816801061461865
8.894637404229641 5.399310534994423 1.077723629918816 5.349928661622091 9.087066667768422
9.225333137501806 4.129447605479379 6.408024336318025 6.902008088969628 6.830615992280798
0.4205161933951347 4.610574659230321 5.375708006142105 9.92044695999251 7.547907306719084
8.54684065645487 0.23460578950694888 6.856209367515103 6.4906656593179015 2.9807179576788836
3.4592863317600653 7.994191498086833 9.708082183184587 6.5733605118755625 4.786182698918549
5.62479198506912 7.3183288504761475 1.7501143660396599 4.323715383320515 3.876223228319134
3.3645288193632217 9.244348833499092 1.3235699453562422 7.895707048719215 6.7403186263494
2.674710234865711 2.4895760107179115 2.972980946191349 7.370364416581664 5.387620191750494
7.782649116737919 0.6331550328720255 6.134760009889668 7.5093309933690655 3.8539439373193174
1.3904343099893146 5.18936563856885 0.2906532995031803 8.708776698950393 4.319251811590337
5.5099595561996 5.096973939926125 7.073289837204686 5.432520458889781 1.29095076437596
7.510467510498238 4.089898945679864 2.2924983217945547 6.664476762715372 8.77200316275051
3.575101302197459 8.004069332302098 6.112740619495217 2.950545464502774 1.87412711983177
6.4747889787249235 3.9913659018095036 1.6868003781970589 8.477725756896596 6.9525835587649105
1.5122965853107848 4.584868789635335 6.598572447232104 5.306970572601299 5.303414232715362
5.4554541690753435 3.099926602502802 9.098626032669243 3.283777514107939 1.101537674630884
9.515870241859432 1.5362970580082145 9.99949015764275 2.6526041778974707 5.945372577359754
5.2954972357827925 7.822868227160738 9.426654676412385 4.7762226583497185 4.275605159072579
9.377511423669642 8.84101748491894 2.9540998566439605 9.387141513972809 3.371573067601205
3.9328638277442343 9.69275205820863 4.4505514864811095 1.5342341635106673 8.419775825825003
0.9518294492042223 4.517239606722081 2.9002780587762307 6.704610349855994 8.30906877796144
5.890403336552065 6.816444450422759 1.2945308529177049 9.421276593574154 3.9037811219584615
2.646824626833392 3.0279478773656177 1.6983171462659525 7.87531568941784 3.5743512222367224
8.34499817534699 7.024065694276724 5.181711269084297 2.118783732030723 0.5173411089152422
5.770978837814409 9.479341160373142 4.926613417332203 9.928955986043196 2.979788055929771
9.270039139576266 3.7355755933759673 4.167560399374357 6.389476350308274 4.602387317631484
5.430809170352483 6.895935986644108 8.359452301545407 4.233463626886593 0.1741302742911799
2.3134494998174366 5.487156024514035 2.7648014072363263 7.685267021748066 5.083861003102236
0.9732992920613146 1.4870401768332902 5.643461756988769 7.557593810164275 7.672622933593258
5.9090852766900985 5.924157665477637 9.798448088985971 0.2638045854898641 7.503295430274051
8.6434102560611 4.295728174467973 9.050305710150932 0.5419492733646063 2.073435342992524
7.217906731615752 6.9528573171707935 4.12766939289348 2.3002090076101496 6.660344923033925
9.47664143171316 9.059130987713377 0.5702043743385472 8.405668446597566 4.9636083117717895
8.975137157674212 6.021906372129895 5.579463133409028 6.385190325308402 6.914622555269073
0.9382795191342659 2.503496500955311 2.644437238060505 7.9234863928690284 3.6593999393073373
3.9511248222089197 5.05387326446452 6.647083455113946 1.514535369226833 7.6106765668282
7.133883915907676 5.700956003379765 0.811118400763049 6.2825916120625545 7.085742829701804
3.9532381437027913 9.264139268597155 5.262476114046871 2.2939471257952846 5.716989879651691
8.81505568166381 6.417449786646164 0.24056879738126113 7.775569783739179 7.04955885170483
7.802263812244 2.0152064049768272 5.693378584795487 3.835361465854887 8.707812390117397
9.415689258409127 7.065389991951033 8.440826069142396 0.6338318845452342 5.96467910276602
1.5857107476181604 0.8506126043853843 8.632466417686658 7.719482429108927 5.887324606729049
4.348356740106445 6.944551243818028 9.007334122913269 1.9573174302483247 5.318560128698255
7.660901304267091 7.37960660372153 3.709879683786975 8.69980048615248 2.0306152833813367
4.630457926839696 9.903161131020905 2.886590843819219 0.31512465390030364 2.875136309076365
3.4042458818653234 9.205113170518334 9.341239142532284 1.497527657460311 1.2444205575842453
8.816522358815773 2.821949867851089 0.6506048942219005 8.758122411116055 8.088786928155177
0.1833236986615976 3.924729626154231 6.075713417848039 7.469926415970532 6.447376190916955
5.593401466832357 5.563220025555514 9.924746356432966 0.9125045380234953 3.658710469936186
3.6108122479079316 2.836283768640431 9.449204289028236 2.7524058167362595 9.546659695286458
6.320371468381577 1.6468930221853988 4.480501985161216 8.463468772432178 5.770959892827309
1.7172201750258025 4.225135923194498 2.1960939186034008 8.314167462001594 7.822575535292872
5.969355776212028 5.964243992724047 8.221560603257167 3.5402038315055435 2.0588617289925133
0.13261031931792555 1.5902472595079442 8.60718882834939 8.485724750425602 9.633064072668335
3.339852248735226 1.510308387400654 4.062591631131384 9.94875947679364 4.843279603075533
2.763783306072881 0.3466734742272344 3.0072017173415984 7.078396356019283 9.192873143740666
3.8916955663221175 6.344072942667192 0.5393981242062047 5.790793708465246 8.033046230599993
9.418584711213732 4.786592453703422 0.11855008473353212 1.2266080284669543 8.676958080247733
2.7086580912486315 0.49194552543152703 7.712226957749163 7.522717455791477 1.3384712553090576
5.147802664944391 8.565369483110349 0.4330097335584018 5.974328354728485 6.163756032966486
7.943558269015876 7.179681086081471 4.7238268724116095 9.074333584966215 3.5608054850042805
1.472823975147405 7.748137398622497 0.43968935706412626 9.093984573065299 4.212475852007622
0.7105464346382169 8.700013657019012 7.431627265545918 5.127292578499134 6.467537773963421
8.299905240524073 6.196469341881217 9.036393960562162 3.3882870502393425 2.8732121931210184
1.6048231347358834 5.040864975701753 3.1267946349170046 5.83793186978156 8.4098923074221
2.9026563542319126 2.1082808031370583 8.88990867874583 6.628704408877228 9.534882256734392
2.4505357030780366 2.0238756716423376 7.6143324191831825 6.974307447468002 9.926185400964735
2.009804375250778 2.243702756472328 9.493047940368543 6.9399193984665715 5.3017441165055486
0.17046014231640338 4.50062669474879 9.754274388263998 1.6398082101461027 3.285934617215752
0.8775185890094184 8.852909969492561 3.1060017797295005 5.430744094932625 7.6747178356453585
8.11452207385202 7.872272219537355 4.954923949508212 7.741784823358008 3.7376755342091608
9.986884367451278 9.41629942345114 0.1451928287733324 1.200013934250458 6.957917392069454
8.884871050164772 9.525516460411138 3.5517846492588947 3.1533523374244923 5.3258326733661425
8.747996533335652 2.3001908002305287 3.7065064480426964 7.056356688334224 0.5614996564135648
4.165574416591687 6.4760801467872415 9.03933736476799 3.027597310970909 6.709715872900494
8.957749557310656 3.0136028963289228 1.5596443424023785 8.704884441093283 8.2838608072451
6.386697411825112 8.762087507711744 3.3239734083353474 1.526734124561011 7.857557457431117
6.380171441177412 7.980386643956971 6.7991119746931625 0.26259028534698015 2.7341556743216127
6.052342525404492 1.2119518923251773 8.107873962320824 4.2444818990757875 7.863667528101631
0.4717393217426116 3.5976472498261476 8.18333342257732 6.808270109155744 6.004319788318668
0.6989123016942553 5.786533255394672 8.522422803955251 4.9490090451666635 7.985981387467119
7.846855821692584 7.875577102118539 7.016821139507653 6.123104016104039 3.5548321875056326
0.928683248134023 9.539696339538716 2.4201148920390088 3.844651629751234 4.4258358964174604
0.2411009489072251 1.4441149597508165 7.411703305053921 9.968602837533364 6.080287105154778
8.768349746805232 8.45573767102457 0.4674450124887386 8.634960356164948 4.142539750992446
5.77040009254599 3.348165287868624 4.000976125116221 7.266674804924213 5.014233466345871
5.160788537354858 9.412026398783091 6.6483378119530006 5.077463127213405 1.1373381658893398
1.7444475651938576 3.769729412817333 5.796808270492313 5.6659483410455165 9.873397433739946
1.8080531661533872 3.3916479794638343 5.481591004280278 8.326372765907173 2.025085970264646
5.816804691699055 6.211750233862956 2.699329846061144 9.565281064020303 2.0038102034604663
3.0347128674119506 5.076611469482679 5.558844148439552 9.590245485967081 1.947233672160011
9.048274290747539 6.382088801109253 3.4802054837882066 0.9885723792339141 9.462886711841655
3.5427522169409205 3.1139514780286586 8.123179029387696 5.488728838772217 7.935225976022245
5.636612170279634 8.091256426470647 7.885809107785069 2.4613284448653756 0.3484315155536004
0.5838703923006232 8.21299109339318 7.523029212507659 3.9273719482071163 3.9403977620625863
0.6858945485055195 0.32524906338081827 9.328266982705859 8.472336686011948 2.04202859969624
2.5001459443359972 1.9549542280856875 8.385919886859115 7.393669442982336 8.921922078838554
5.203101927473466 7.3884994737893575 9.622128329535975 4.09313659994936 0.7151232106762757
6.359368771200387 0.6287328708867381 6.409002313939622 6.800664470170314 0.27039993042601207
#
6.294538753350391 7.575737377518261 5.362139253251287 5.894432999157448 4.311060078921974
1.201307285169909 3.745612130755468 7.212780896705292 5.1067033882617725 5.764790278793031
7.551496509323245 8.891344759017542 6.5871815426594535 0.5205510014832369 0.4251296930655668
5.020998728384962 2.215418137369076 2.5006259009127096 7.45257549083386 9.166393288787546
5.378961855505817 0.12934551187310017 9.913819865664426 2.977218604885791 5.895476190500305
4.091182746887482 8.347237611584653 7.617699343773467 3.6987124563773888 2.321108970318713
1.5922640696732007 5.775108199595731 6.343680646129344 7.074449966993288 1.5181708820555753
9.431201678463538 3.5359342367122726 7.489242942873212 3.102032091527253 0.11810811955204858
3.890422748550871 7.170081316055748 9.578376985161654 4.961412530371782 6.181836636302023
4.200830569665607 2.149245475674803 9.29010048868137 0.7698471347614761 5.976713450003116
3.2853033243295044 4.700408584077472 7.032273356961616 6.192983323648335 3.7001294464455285
8.190724152708594 0.5531138868776875 7.443259298613588 2.9606959806780084 8.36437813879791
5.342645317919702 6.101664707891565 5.3788001788614315 2.4488900016757866 5.225611402717329
6.0608568968043794 2.9008427756724044 2.147917738416678 6.633955888306712 0.4256267967111489
2.2212251781418972 7.697662367915656 6.278504273162341 6.277342824900369 5.619572324182273
9.703423276858736 8.23340044340198 2.6430463800423416 3.06540050565158 9.332514781198118
1.2761414755662295 1.094349058169021 8.810650908774848 8.464539077764968 7.001221568824542
0.14941583443419404 4.047842468856331 8.994034207203434 8.442653546992842 9.163891183611446
3.220513715844255 7.206659549860437 5.1255762304355335 9.383252222680778 6.4630751703430604
1.4441797839231274 6.265447717210149 2.2696477952924665 7.159267054570202 9.557408106864292
1.8058555637849154 2.1400009789015164 8.041764990727362 9.583028434736894 1.143212863708197
1.7426531598187638 5.501873377466545 9.954170097341802 0.49451582933415494 7.790731821800753
1.0804382605549034 8.962232177753986 7.536202128344728 0.5548708494531152 9.490623542140384
5.8260698161265045 0.7765301650917458 5.890873190211336 4.649069427768483 1.458929457913369
4.015757278810664 7.730836167484716 2.105472249713603 6.536778755995161 3.7907293858799918
9.366695829880586 7.672125629410642 0.5345550488178974 4.1334338068690695 9.044385580321398
7.362829113079428 1.738526278242591 4.623905436898093 0.568119759605759 8.054102314846613
6.077699695673701 7.006769458124593 0.8918808024008475 6.547977359382896 9.100834062963454
0.8304896950210647 8.540272833497793 6.355654034718325 8.458170807596336 0.4961572318678149
7.954779984872969 9.870335691939186 1.4258178063844835 1.9559485344928564 9.046103246858367
2.498095443949125 3.0640489736371785 6.822882820962202 6.057705395088462 7.722380539605483
5.823238387651099 1.4463316246625806 2.773510578466465 1.3156340564521103 9.530654539605756
7.529994698096997 3.08494725367868 2.239011254810963 6.083683338117246 0.5412481982007726
7.846220953715085 8.7766959390898 5.3590323399074915 0.9886308968622775 2.955017306656813
8.563433279612436 1.9951823788101741 0.7065509486143826 5.533527295334155 6.672196654794318
3.9769024932819654 9.316202654029755 2.593190755216216 7.503298604291235 7.495122838519775
4.266389097067618 5.426446872129209 7.632236997103839 4.455344720349029 2.768277103574545
7.868096501430985 2.7807839552477893 5.656562622405254 1.3177677451325036 5.744296908377273
7.096369914069392 5.568817237745695 8.835930637173805 0.7683440336301786 1.6356328032178875
4.796901131362398 0.5369775246565638 7.852516710153436 1.3149700967746245 4.366855449326535
8.509015732318865 5.645873638940014 2.0157691349428535 7.9634694204929914 3.7586535588392644
6.045613297795787 6.472888249536718 4.438727408086119 1.7215182829581939 5.003388197685915
8.313668297665117 4.512263508434934 3.342114682191078 1.6863347058501872 7.227412037173615
6.176786491444052 4.69279618445849 3.05833089063138 0.10293177651542429 9.909677409045322
1.522710226819084 1.142888489294072 9.51871763031667 7.747015511476672 0.5016485628093701
4.711661786553837 3.08798575853882 5.852480767015945 4.105213246670369 9.335586298603003
8.487949529019637 3.6588673429118623 8.703003101761686 1.2592382528142156 6.831858194731609
5.568780302051171 0.5861485183555972 4.867914939140415 8.337734209976098 4.058069126868636
0.7300578236067796 0.3642398545086003 1.9486686298853408 9.631314373221555 1.1000743720331396
6.810549277081282 7.761643021533183 9.16390802641723 5.611053577848024 1.055205195049104
7.860668648898292 5.569558911286192 2.372418774460074 4.362455537731865 5.076536980347367
0.9418732695495411 6.77594962232419 9.188766083060477 0.5002795541077569 7.677165643690891
1.2011052291260809 1.6255764449424053 0.21682684458019796 9.95726428695658 4.303418624483379
6.090937822927008 4.56627900202672 3.391555900695164 5.772877699933685 6.816624442782864
6.991300063636457 7.204899533129041 3.8449101680877873 4.069315536441122 7.287477142977872
8.054190627207092 2.6291976152172305 2.43082053851821 5.478459648468639 7.269512844206652
0.289054532986845 9.132570851031359 6.318678375698784 0.3350961232290359 6.0711998340257445
8.038667583299956 8.41424177588528 5.927529446752167 5.3795488297076774 0.9281997694815969
3.3615325909367604 6.0846699664915604 5.504744231061718 5.1787665049146785 2.996809332758842
3.0685238284567653 9.78252725567029 5.5222240853757185 7.024529720836908 0.1596754473656583
4.243798489611083 8.621766455395093 5.1254373389471874 3.387872666967537 2.2548534245940046
3.286796500030159 6.262094387647718 4.380454266637203 4.076703313837457 7.343523491242324
8.18651399985806 4.035914752000457 7.279048444686701 0.2347491527406378 6.9713114818142055
8.628289556288694 3.194714280740524 6.17159996065814 3.10510534691976 3.909670080956926
7.467824714099482 5.415200404931139 1.737990415628997 4.993963388154275 9.377644697816027
1.6057201829868646 0.3071332116278658 1.8751309575105854 8.567806886280376 7.710736036361366
7.5675742501899546 3.5807367708605566 5.568468916443751 1.658547425504901 3.2921861840510243
4.197315040218484 6.953259933298281 7.384022205610298 4.951523150294443 6.512889977815302
5.375111735780982 3.9052353427641173 6.674680066230865 5.510707312696778 3.4978145577124815
0.6457564481291351 7.48765410870259 1.1634341906554608 9.483782237380227 7.278115592507673
2.1276369395613752 5.29239530589953 8.09217648807498 9.071178289181827 3.02500375629752
4.481034666842556 9.527040484239588 3.136722896128595 4.738517802881197 6.428347365506539
0.9705694528810138 5.665808790320486 1.360543610530566 9.634060011032052 2.611654741564219
9.760305502663904 3.6429535514425844 3.491824696315877 2.35349386641837 6.390678927102284
1.5979662295775405 4.37101503457432 4.247390333772029 1.6129125773820352 7.79452456257877
8.237385999385126 3.3040052835955294 3.2119676849483434 5.065896208750991 7.584583402596085
5.245165784981839 0.8850182522402648 9.955696403143392 4.73612942294826 0.6566662228681759
6.049072969611518 4.753665084183138 7.07616680141682 0.8658251455090529 5.70203066520673
5.591206863299293 0.9501913520740786 3.76798967568157 8.128002064902802 6.082337289753449
5.51227308049851 5.4456325705153015 7.274450877337822 6.959636506161102 3.276397988695278
5.853999871924519 4.018877810232546 5.293131585685334 5.084941533518709 4.819965884431723
3.643581216222043 8.47574410294782 1.9631454559539314 4.616463396946542 9.245996355869806
4.105557494996012 4.0393715655872064 7.4982247684030385 3.316178291818634 4.039236677924459
9.119271965666972 9.778568161355464 5.493273600340651 5.021009246206612 1.5289327111744626
9.348512016818512 5.367588637377505 4.409564637313496 2.413442093707491 2.0445485180929643
6.320238770491033 6.06545371271564 1.0445478157593273 9.074472153751291 7.978344900353893
4.916828122890282 8.906962707652003 1.5141617479883505 1.0362384877135593 3.9479278516019525
8.827139065968138 0.25353031260974923 7.351951002446457 2.840716653594448 7.0179668652051985
4.266900563313835 2.15223480516631 8.620828698126326 2.4735514213851535 3.1839275274039074
9.31258860557866 7.638196658084215 4.133680767073221 1.5487603608748781 8.65348827694624
7.837997441689483 7.840396586081571 7.9545086213863705 1.0186773213950628 3.5856263985008994
8.212443352994146 8.150694100302806 2.040674257858347 7.981215366705138 0.929028151086305
4.7164090282904 2.258029691481038 7.869036563723124 8.627165474760618 6.786431524794649
3.782926969354256 2.618185522795698 7.55039392213812 6.838323245916591 6.314773403332749
7.301522390300297 8.741625676930795 3.9040209250650415 6.404241829843782 0.11680731879705686
0.7764841476051325 6.917215642022717 9.253163445718393 7.757889784245727 7.378965279373565
6.971418052264819 6.326998765551718 9.415664550863594 0.5620027923053135 7.782464608837027
1.9174728377180803 3.679956601054863 8.373685754026212 5.455240629405072 7.148972396063379
2.501001937815687 2.97471175597159 8.07809228124751 1.4983004326811757 7.564924148683186
0.8062081293333803 5.100981949141943 6.878428720992158 0.7887542641579062 9.62115745369139
#
