#
7.091501976698987 3.8046588311331946 8.018691017564548 1.6812672087762657 0.7156003320742395 0.21890264951365523 4.904066526948955
1.7551553853100987 1.418844981600727 5.698335874091912 9.258577572207102 3.9907282193984663 3.6223908874141957 8.010842062616916
8.407922280011215 8.921249332411971 6.824152457801195 0.16026093943749053 6.162604694537028 9.2141656219643 1.268411946184563
8.273227227321646 0.8787277466451577 8.758907375300515 7.745159905426009 1.002379715873948 9.027329068905052 2.499875111004774
2.0038812027903923 1.2937580177662324 6.0054050924385445 1.5749202393984696 3.7299345350311914 9.787651096735534 8.17271790942706
6.241376323553588 4.4302185641322795 8.561670711220165 6.2311805989549445 9.138573934042029 9.16904420166254 9.403566395969495
9.692586956299513 3.5765071705278255 0.7075301133230161 4.064711305269671 5.226460252929586 4.870541202095463 1.783839577909987
1.5167942875220422 7.304709094333162 7.612946440899499 6.8030139044283455 1.9006104830304649 3.5943142321296766 7.358612192680271
1.3391595721685228 9.954545809236482 7.387026591514476 7.5527950281050975 6.301994351449421 2.0450278753636 0.22316387015701267
1.8272552578657058 5.00150926479872 7.428356531886001 9.398080721555296 7.634974740209285 2.281844761928507 0.6701518036006364
3.5586712638634888 9.459806389247488 9.318284433583795 5.8792574720990975 6.937825466829311 1.8866059908262929 4.155713468977649
7.801555893465773 1.7924446888599643 5.142135834133284 1.2232777791035536 4.5419666573619395 0.5507150098683109 1.581459980255798
2.7627424220584196 4.81347698777995 4.054895549943879 0.7890901429436843 1.6347729626541891 2.5368698164324437 1.2454128470959631
8.202161224594377 2.1044902290810104 4.6184873619043465 1.2433147018759776 6.041103247574322 6.543777563002374 6.193525202372932
7.81043118542536 6.86601975444146 8.671878117607413 8.356849752670819 1.747062367572696 1.229947207490901 4.718816581407752
9.54246064573351 1.2472367475501343 7.411822027587756 9.29413049243021 2.333572867881407 5.23017548268665 6.594218380247294
3.568043424356273 8.265569218205188 3.5741579229766867 9.224069348507111 5.456734545018229 3.434082544661146 3.365324481161154
8.32820598557084 2.9439963375902725 0.6853725206422085 5.8162992254286765 9.746867559849488 5.207494562109349 3.462375265921553
7.913491567192481 9.008275653505297 5.980089629262241 3.3714368453299244 3.200695659651117 1.3574716205958905 5.696599735097633
7.150040048314268 4.575785568432367 6.425437096011693 0.4854351966724346 2.366708318776616 5.421166918746001 4.394050801974733
#
1.695314088055238 7.66468417032498 7.213780532326498 8.723908075591062 0.6780427030585798 4.95654533291388 0.21212993302897765
3.6931794828835827 7.146007755677218 8.854277463793819 4.873995860485359 3.451291102334226 4.601650984830141 9.968141722217702
3.121284969819543 5.822831085411094 2.310087809935232 7.895858896743939 5.5955663655292165 7.853423432587512 2.566313424337728
7.880145040696986 8.642674114576698 5.428967085568925 6.037085087035569 1.205449213938659 6.414752459820535 4.348599339206377
4.739186792119682 2.949404295836436 0.7038555487882938 4.023895099287362 5.491703079580725 4.338400846274663 9.453129160661048
1.098685330373394 7.161203721377813 7.47045708075642 7.518484527004995 8.509467111215802 5.7668483096912615 7.379431657057589
0.6814217566818508 7.332893336583602 2.1390219110038644 4.347608504164407 6.040578780996282 9.359151380045608 3.0186895573671646
5.737280043816957 8.693219789639866 7.132650815994165 2.000839980307696 4.693382211295744 9.42673942520673 4.115556068640564
4.2820943254120865 6.330924377097032 7.287122950781399 3.901178538508522 3.6678909308551555 9.400558965129441 3.1406139715087162
2.8687522010921387 6.481226521760976 8.716699453831348 3.1848019057500174 3.2942479583072117 6.321616257068611 7.768061419045101
8.612895333222788 0.5192757219470279 4.508939056205316 1.03373716855043 6.004311116820739 1.0710028018152808 9.148981575574489
2.4372036991378296 9.13609335086916 3.9592080551221054 0.5383466993198605 4.501931817422605 1.0597851013089024 8.233893063777101
7.236300995616778 8.162304042026472 4.4890037250330215 1.1586498703129235 9.758479638329819 4.200664402835692 2.833648467688739
0.857864410757986 8.600972498406417 5.0261447091997 4.732588277776396 5.122872331988269 9.868723438731099 9.80287025788633
6.703073929611843 2.774266365665073 2.4853214008815865 5.412979383525201 4.769594443780275 2.4122061194298334 2.029976017419243
7.5526867634623045 7.978859598242877 2.203341937822602 5.207857672441252 7.336857981394711 1.0856317432913065 1.161412964065422
0.6787611534885967 7.140168499897738 2.8183702956345793 7.9830737387838475 3.097877289202967 6.440289431132909 6.852518056985577
2.6935329842715365 7.564037456902218 5.082518495254339 8.52895709112728 8.0797333610779 2.3555543014559785 8.294365388840522
3.8522639509994216 5.884477750732209 4.193940089536817 6.798393902286978 6.863246537026308 5.919019487167015 5.325442545855288
1.299614819383624 7.678378309572204 5.934839643976846 2.9042254412673003 1.6415384252303133 0.6118625776986271 1.4775396334537159
#
0.18198999600298382 3.574691183218893 5.966699739270075 1.9938165740910487 7.940406343175658 4.752208161890089 3.839983892880842
5.334546371662185 5.726027703419334 6.4596172042446245 0.5310799725309661 1.3972064179478223 7.5404937614664655 5.03780636873278
3.1342246149862705 5.9361447989209895 3.9616522120106152 7.18260081539224 3.4848065063671223 9.465124237214942 8.905679692457355
8.388193649504844 1.1352546322125132 5.649952403153281 5.400104099221086 1.6945912834360706 8.830079556624424 7.9053941514704835
2.4047030101890448 6.784178896908224 1.4512605806117085 8.632097749943402 0.9218435868555312 5.04976409929799 3.772698347462038
5.2752287826326745 1.702010496741163 9.385620007229882 3.9862754928032578 1.0998762137838347 8.391082991692489 6.063905112727989
3.658994902905308 9.074138981062951 8.89729662440887 6.466833856705771 2.9938461952479196 0.5428598889831591 2.0886718632743393
7.547844033827503 4.141868910820192 5.018604145634129 7.741283921033908 1.3930724737800357 4.023261840216177 5.714302720284159
9.930870828889514 7.3339492193851505 8.999161976028503 1.426171828009228 7.372107168687998 3.6240951410201596 3.7764462555354568
6.9033219569021185 7.985276981544512 1.1683548692656571 6.849865795671908 2.772818490588762 1.024193018738691 4.15214545414833
3.743904308973323 6.742036200685435 8.472974322322518 2.091499587577185 1.6809764738732422 9.592058820194113 6.247532976441442
9.45884663053063 3.127150966175168 3.5455507803930786 5.609157023057145 7.567664858353712 3.556424006681522 7.5356814005146
1.2195138303724842 0.18500689357402855 6.648618307942202 0.8232136305824884 3.8138426481661947 7.095084609986536 4.380486435543393
2.157902574121929 7.921180069463137 2.9184818310356886 3.118769693739891 1.2177621555206737 0.7394845347827026 4.3226487383648395
7.0982997856681 4.208449607751902 8.681434926607515 5.353994139680637 4.27635176305807 9.115256732507902 3.6593962466598944
7.7728226269182805 2.7159841700843494 0.758315012931897 4.387312093804896 8.585430069252716 2.7250934126961726 5.778899462853768
8.785030053051894 7.45217261423873 9.437778228239104 4.353187220847045 2.060798439595568 0.9997799975680604 4.186837226859488
5.056665141043873 5.262386856626809 6.959870385357615 9.754582048953647 8.428727681440936 9.990514587946356 3.6491606405468566
1.148462300886973 9.919236366327208 1.865432465638833 2.604825561227003 7.841109073416122 9.294521638761395 6.237645119984552
2.4021723365532632 8.480487896369418 6.04687648978943 8.484721952312329 5.940197880563838 8.617827338717838 2.141729863987241
#
6.198089517454638 4.436061441103476 1.872132020681661 8.334807528714837 8.270813289289553 9.199338994768759 8.750557531858924
6.976714677882081 2.81288104612913 9.352691134834357 5.695312423339419 9.351916494849585 2.5875261879380616 8.949898442556126
6.413222698788909 4.895427912484255 8.962594280790675 4.646012123137715 2.058306660924178 0.5987429678320746 8.577826364181895
1.8225398946023867 8.771756246341802 7.068032095026698 1.463237046406892 8.67930979417388 2.2627932527830805 4.153356866096928
0.29726707310119327 4.157769655857181 2.372626401745394 3.899726147891424 4.13203229042283 3.1634307178932777 4.833412747686592
4.948165913717394 3.5197756909462097 0.3720502925156728 9.599948350468173 2.08928149355093 0.30731020284753985 6.042286346920832
0.3125952802977041 1.0729741315643704 5.108784190485902 2.7725270987540775 8.531857647253632 8.919493773595779 4.522068015246668
6.7930345500686755 5.169294230341746 2.0144530403577843 5.442680810599747 9.536945676777266 0.5718042472661011 0.877151357295725
2.168668363270971 4.988838401492415 8.786490543521124 2.72514693764391 5.294710365344004 9.173840842355006 4.087311667585119
8.643771229636336 8.167349924896227 9.390857416796699 1.9117229315595985 8.472642541868296 4.668255939827826 2.7952932913660287
0.765245519791554 5.4533864340287135 2.3986626019349 3.5658910972568885 5.9502548404504205 3.5313549159284108 6.450192680535883
7.922928899916105 0.23579943894543653 3.9456674811420185 1.194908422731074 2.898970688704627 3.630581423775428 7.552779155714154
2.59532585918096 3.9396010653091595 8.04743260063637 1.5648039551253436 6.251734453184002 3.626669520204111 8.49996067850151
2.648108534072085 5.538645763389916 5.518137569368848 1.9078568149725568 8.271491468656224 3.151058804593295 3.796794146706069
1.56326496939018 4.994328301014455 3.9605754779676383 1.9360356519431887 8.157992341371251 7.92513838929011 5.517563104528832
3.718155010432972 2.499208807118518 2.6171535315614083 5.820381942757028 2.387408064850002 4.01872174401505 9.56242601827542
0.5095460915145331 1.0293911322670501 3.1456855415589375 7.524981429002942 3.029204721324892 6.365575078901736 7.2034180116265585
6.445787234580095 3.5952568852680864 9.093138131602466 8.211416734769339 5.197575668512744 2.224960295640621 7.492502840618254
6.8914294654134265 4.028830852750416 1.171992793148847 9.988018519626468 5.417067955612919 2.8294747342074924 0.7256587879209908
6.115117306044585 6.9860670059537675 9.151379311597296 2.426261269132667 8.878280757839857 4.988544577858072 1.7217045173215917
#
4.264170687253161 4.855229252228799 3.8048644253879003 7.1256703961583945 3.6592752490679903 2.166260376809225 8.414472534080147
1.4717223399369326 9.199148178018897 2.3874487323773668 9.344929793825123 9.3661763882535 0.6469239770427633 3.3115169375579607
3.003968553257633 5.070322826346458 0.5647467405336783 0.5656852331049 8.554249983514717 6.673875670699374 4.201071144955016
4.7355687997735965 0.15913352945566483 9.557237708011463 2.7624598146678085 5.841997951756231 7.3035779363833315 5.231495320629676
9.344327396711876 0.8435555840128925 8.572944038855598 6.0185936686044075 5.634877395859192 9.145573575467704 0.8650707897299599
6.929142805672982 4.669873058940254 5.390104596652114 1.9826921578805639 3.290636362400985 3.594336906644594 5.691625861158042
4.222230897627824 3.292227805858065 3.5831162971987194 3.922279289498059 2.729764992040527 7.806876150182653 7.585996128370985
3.3318269203141857 4.816599354000436 6.106320248883292 0.9475428825238579 8.469789727386038 5.137945845627213 0.8598010061098726
0.6991316039229583 4.4739881988670644 3.174026228050707 0.47246833839976876 4.320975653284922 7.866165129262061 7.217814498410517
4.44859928612099 6.576147268998005 9.83084685902131 3.9892746831847523 5.196272705645829 3.214158298485949 3.6842352730301755
2.603088126809589 1.2082704542107572 2.5716020745741206 5.903434175358488 0.8991594830409522 5.3166016471494455 9.580313343096133
5.707293697413358 1.7833399710090223 1.3823856339865328 6.20622471020469 7.51210104829215 1.45282597269463 1.9690263081851938
4.089143335968056 3.216765063248287 9.957111173474022 8.449482386186599 5.5105009808345935 9.324870599916874 8.524279511807086
9.743456411080775 2.945827455072623 2.6769258187215135 4.871335699856592 3.9503428291995872 8.087630110685161 7.2184092428461675
5.510916777085726 0.4220104247964942 1.1152310670505345 6.882009309723975 5.700574374490086 7.093625129117543 6.775697328295954
0.5932633855946507 4.733174106381641 2.6344335449590424 6.8804761003773836 4.086267286850202 1.5022674101759366 9.891221409603308
3.397919991856422 8.086300391106937 2.3110379497895566 9.84940583999255 8.347456973743965 1.848769331816297 9.113542080941503
7.26491144129888 6.818383090330377 9.18304328628188 4.208849331075058 0.6950235221174133 8.339355127767044 9.085778385595367
2.176042262121579 3.1641837436738847 7.204884907755741 7.947400185162527 6.1689294412543365 0.9441719840732796 9.474297347414376
2.2760673314859314 8.11577374764387 1.361646089379593 6.109195975297874 7.629412045744111 9.631753143640644 4.922166066051499
#
2.3316157001959192 2.4269422537127836 8.908647548351123 8.884626102246024 3.699220278381654 1.3659337509460587 8.079206022440736
4.373548329021676 6.023133861616518 9.879403630837194 3.203344304383114 1.4886429771405276 2.5987482195833573 0.9392446024551155
3.3907339639358067 8.594630300357153 5.193502164362814 7.069700779816998 4.57212868112189 6.081689665776605 7.600661696668403
7.942502810338629 2.6436876121893724 8.746592147135313 5.6072421479405 3.9220073382304994 9.985480762653864 3.5993997614014424
6.549099659127905 0.15649478249402993 7.989268016568214 0.44212103916614254 1.0386548437151717 7.280048373045877 9.766326663972887
1.6759380523641445 6.1538195566515945 1.9532575188212227 0.6074387722316752 4.497320991579285 4.110326832686627 9.81146875572425
6.100669525575514 2.631161080226572 2.8581041064365076 5.336743441570258 2.050990694225996 5.340091538729633 5.033908788576701
0.19478096946719514 8.72195858593843 0.815232157536137 5.938043981438513 0.7373462614108215 0.8545297380547341 3.7126682780130458
6.6029568875098965 5.66710581314217 1.8397195380622797 4.813043919988685 0.22680825271569294 6.168960287077111 6.923194596048723
9.579074273172086 9.225568692450311 4.62176191959804 1.2631268963946787 1.9443125713603364 0.20960485598994438 5.267225003875145
5.356028516429017 1.9387444900555404 9.033329362837442 2.331877647662041 3.3250109131855448 1.2093356977122216 5.24921276522782
6.792540076454761 4.243417337861242 3.4027368683490753 9.108835149453682 1.2175828039570669 2.861399835769878 7.782198032883974
1.8426351990067942 3.054058649671277 3.8178783499328133 5.052050620248087 3.0836151921967074 7.138935909394393 8.585064902839964
5.61708019514733 3.037368547075281 9.798782939731325 7.106693200966505 7.637309228695768 9.850583209050956 0.1580890127243677
9.429541706661588 9.274847646529054 7.921996407320722 4.162180534753059 2.558901534091891 7.340842320325515 5.762612190752432
4.073917114530671 9.690585898663986 3.259836953578013 6.080035276741263 1.2213540204268303 4.780118378351935 1.3953603593039694
2.0204443700542773 2.6688450660134766 7.959319046118604 7.409828396737535 5.827514000860395 1.6684905402871055 5.200703343202058
6.319073362198909 4.009983462644737 7.486917294151363 4.901457074529365 8.59909738494295 3.896735912525732 6.906416787313394
8.224325716210139 3.3190734472752252 5.170344106252385 3.3096468467404243 5.667059154859059 4.449955718615081 7.166820908900542
9.923867082217212 5.722581068815798 6.244327170679887 4.717936537314191 4.702875420090946 4.323955562145905 3.28765336941873
#
4.906890185190572 1.075955575570919 6.462318880649358 5.701586533303276 7.108940617195084 0.2689161776609055 0.5967293109387919
1.7247704865352178 7.8387701270144365 1.00669368697719 8.921306628377947 6.523490745731046 9.850149422092398 1.7787196415543365
4.993095339402346 8.620081162911394 8.278536461416756 1.6960766935129823 0.6815040990317947 1.4407008836024207 5.628919659573333
4.85287585563559 1.6287105322067412 1.0739786215648 1.026262293540933 4.331590428827701 9.783709502158153 0.5774548622377802
9.32912728196921 7.768237850144095 1.635943817716544 0.30856783281978384 6.412596769692049 6.715055102264754 6.966206970674965
3.4059239296605632 3.8063721711412937 3.2222417780366355 3.3462401530929466 4.1573318281926515 5.413385362681789 6.441909940934719
6.668375324811408 1.9161749850879826 4.545814845477188 3.979447409657167 6.831738414192046 0.6074232133239095 1.0663238579212506
6.735996829691808 2.7442214716678066 3.9114888135486954 0.4965344051473153 9.502241454634872 0.18186968991809227 6.351687995368076
1.140587094028151 5.696548996923154 2.991521853474323 3.5081757438038883 9.910341776711945 5.648347936314146 9.071546514360595
8.196893639966587 1.7734633238807929 0.5931081330504053 0.5063944053967466 4.923487621236939 8.495628834247038 7.445664855580699
3.9595868626631763 4.031731106918708 3.610047572539199 4.776653506403475 1.346533959684086 5.712404588857294 2.9637800466301334
0.9766148607308542 9.083367303487233 1.0690976308470348 6.453344922164303 8.92555288480957 2.3926194944983856 2.889560188758084
2.8546124593365496 7.000781802635356 0.33695822714058554 8.94299738467508 4.685730077683862 7.094919475807091 1.2485511341128848
0.3782025589440483 1.199531658820233 2.3935927929225356 5.678680043138722 3.8350487825193085 0.7075522092770665 7.596756816503302
9.386622256747593 3.425934280123546 4.552315532323512 0.5904300393397985 1.3139713278422063 2.902696526179252 3.695701717828796
3.593334090091133 3.122852715331328 3.395375220697693 8.23517422803798 0.7879809034611052 3.2469895508366147 6.735513553881439
8.806068215741792 3.9038525154473844 3.8248634397459362 2.9714958864779897 0.999186698382065 8.135235691556064 9.615476954091683
9.474986583978168 4.62851351284853 2.623686917469298 1.4076777772413744 8.61795251070707 5.878185431083708 6.0726413541526165
4.651644703606526 2.68380419286755 6.45970396993442 9.624894067150283 3.543555874864933 2.529943661456914 9.577306423971269
2.7666875663717945 3.5385645150180354 3.609259879207066 6.002117280860459 8.043499795113108 6.161202329842188 4.119710534431438
#
4.634677744653233 7.8460194416567735 2.034083248671163 7.17003078994342 1.901363188412823 9.072717092820145 1.5211529691636447
9.313728640173498 9.261636776177127 2.1427812865685625 1.7974425857531466 0.6007493500715926 5.517592205448913 6.414181351094549
4.994852023069945 6.8222017902816185 2.1478803002270586 0.6943877805360561 4.973592725657763 4.576008687779775 8.901049642719107
7.805315333571126 1.5050480935617925 4.29295600122841 2.470101087219105 6.089351026397047 2.4994530612252306 4.763811585007657
2.4154503845063617 5.301770538988469 7.904751725321345 6.427349620004499 7.191517708413656 8.082913956798826 9.203535073146583
3.104109867255694 2.9283808069253294 6.8103602167592285 2.057809942217499 3.4629390400631674 2.6813481743287637 6.725350544479524
5.227658925014003 5.995537785265022 5.728579449578789 4.986495084766414 1.2472897169872392 1.390832982221812 4.38238443788895
3.1222882589027954 1.3628862818500225 9.393846898419747 3.854213461397265 0.3925801583664903 5.225572417857026 1.27971015424228
7.868563897935339 9.22777886872128 4.404618944589658 4.350246285321248 1.6274856704467635 1.056013935549653 3.1284868424708225
3.0416238138432665 5.320659956585303 3.267905060927827 5.036069316949246 5.97119029129883 1.6079730759509774 1.8682093826164974
8.824118282127687 9.209262369330801 2.660616870180381 9.341012408908227 3.7302224278403964 3.5642316118148694 4.197885086328696
3.867263012383427 0.5150426479440746 3.0055326545274657 7.266143397920798 7.401327060244821 8.950356750353322 5.087569612832174
5.616223231252801 6.244076119059249 5.8959024262022925 0.2754592976824979 0.9421561535429568 0.6620879858993192 9.41870028508564
6.564868778110219 3.32721888585417 8.086543649443552 4.809748063879029 3.651265415014062 7.071176769263385 2.766943647553432
5.493807980824217 0.4933311164712837 4.484542144843037 3.4183024491575313 8.47913963979323 2.9290175558019 4.344534121615471
2.646200783782685 1.1414824987974672 1.056146469783537 7.624939558183527 3.1194248274828826 3.4121183964568464 5.696384443609599
7.560194694811989 8.238599389043776 7.337166840696513 7.845943283684539 7.802745532163593 1.9856385009911928 1.0621402658550392
8.219028207768925 8.775280654738955 1.9439219897598772 8.16820364562287 3.18563212215333 4.1736304525340975 5.1983606188670635
4.106884379395489 0.22413476674680854 4.5182816985687895 4.274592052894782 6.009544405005766 6.718079938336294 9.402212307684174
7.395337772799036 4.3120315702078 7.719833071569408 5.082419844864034 8.158597280925278 6.64340905884593 2.1880436498294684
#
0.4897828695224087 7.0660047532096515 7.513900852031982 7.0583000858100835 6.297160191891519 5.779325053149211 6.794940686841715
2.094402750684973 4.219838984094057 5.238416321572944 2.6359769701692217 9.877567467658679 4.3968168830375225 2.365221975165238
1.4977520975861118 3.4806167299232014 3.939634822376453 9.684195597081956 5.216829814567889 2.33998353203991 0.8741041740225866
6.931377795520559 6.996866877178398 5.391896040072175 8.018244910256062 8.348789908829794 4.5304424141022475 6.48022746009059
7.08725173257693 7.593234401951365 6.046138133177566 9.817562195651131 4.520664207607196 8.091922610495686 5.985909589691066
1.9596139849651633 6.158007408401 3.161208991150187 9.465675884628592 2.6020042080087595 6.532568480978386 6.861294279040605
8.885704622682116 9.273870305093906 9.77993245628428 4.461899365487485 5.827375399804994 1.3284352181196288 5.639107339640406
9.816654099423126 5.343241544485381 1.8492672837104802 5.703438425961285 6.2444020654993135 6.966597257232433 6.100171071186236
5.635156384363109 1.3698713232576543 1.7442271150635147 4.9302770560561395 4.064830523383531 8.584375133815774 3.6392856230701516
7.308427472752153 1.2251853680413176 5.774649041244912 8.085449664605653 6.4100403328100315 5.251776499813836 4.569400658300006
5.108460307041756 3.917617898357012 3.227468137321404 0.8656873097214115 0.42956822993689325 2.397009976242438 6.928737737000626
5.838744521906772 7.839618661438491 9.275359248771649 0.6090254627305605 2.934759816197855 6.129852799531038 6.550526369479607
9.274234226794036 8.380756410916977 7.575854567211553 7.886086646429283 5.939395432777096 3.2105596245407497 3.9865217407551876
8.964904342944479 2.7786572945836596 6.746781331020589 7.848319262591731 2.002999791817972 4.420786219479234 8.350518667139234
8.305052251684259 2.6410520622951563 2.3534202186165887 4.2494572643655015 5.40308239687073 3.8826049436890995 7.418775849758828
8.066483538135998 5.785894835376157 7.273668414103721 8.35407798050532 8.609688029196041 8.511873491076258 1.1501702287001927
9.934123138497611 0.24886741398341616 2.7378478215746225 3.0165952753663516 5.684953475425708 2.2413394782439195 9.160533020415002
5.090075705698709 7.857081513900096 0.6298722024494481 7.806347140403545 0.5656939322631089 9.540622172921577 8.360684053020245
1.513488980816558 3.0221163733797414 3.0208634364350844 0.8082071654634095 4.967409869264208 7.028872848180791 8.18875720019889
6.286384126948282 0.9816669072331079 8.288563698026948 6.021090271689717 6.971147099072381 4.718832592100099 7.965124339683709
#
4.465921094202418 9.254032995040536 2.7951541463251117 3.279253995634907 5.743742612491768 5.942766202146366 2.506463623851645
9.332225000574772 9.186820516557624 0.44225805436546395 2.4169376293818785 7.57047710442461 7.071993715647141 6.615690021022616
1.1273546256072242 0.8233083555179892 0.20328964976437547 2.106734634949065 8.286397010631951 5.347830394235865 3.944269378435395
2.757539525606562 4.134245246551988 2.45817332195774 1.3075564316607906 7.8979797095637725 6.63181173712523 2.5054086054338622
9.009897138331993 3.830758776744073 4.0544537668592415 7.824799548619147 7.545303722889001 1.1659008906725559 8.690176937505644
4.260760723266462 9.929363908334487 1.5601708120457292 7.058542371426835 9.952649427322356 3.088177849966608 6.563684281919544
3.657671950875705 4.7943525131196605 7.562045259776536 3.8709185973556988 1.3616142224314651 2.748510626889418 4.150074955378677
4.73955641183759 9.73749530946079 1.7687979081689371 7.421261248125523 3.9178252282943165 2.492656872687548 1.3653424963157952
6.873567726352151 8.227558223362443 8.736647430361865 5.520953807740229 6.171305636833726 8.483822227929211 1.9631191809925057
5.387739808633397 3.2947120609331666 4.736533350634047 0.6840547410850535 2.5749431068368587 6.07173793942708 4.842493806777637
2.023672470001893 2.3918587100091058 5.688935668379751 6.020229421525781 9.99995178928365 0.33173311256843885 9.217196997387148
5.064724567675666 7.280855253392565 3.484535576224917 8.590838550739186 7.206625184266974 0.6381005135337121 7.850528643629637
4.144817238555945 4.619254275450775 8.968663029307189 0.4230207073206591 5.11329461181613 1.3470087276531864 7.621767643180622
9.733523664293699 6.59689336448137 5.1613031614830955 1.092359825303396 0.4739088673665899 0.603320993192801 0.9862185723465444
0.7538911429242905 5.587442188485861 9.211206283131895 6.526695721684185 6.329136861436799 3.217030087920611 0.6021110103586942
5.883341132182009 5.799743222177434 4.725335816777156 8.10109352631287 3.275146729807636 9.616011823240205 1.4527648250345986
6.600409320357817 5.050055281375547 7.388472327529097 5.65474323749187 3.605342840043675 8.968226764448506 4.286814787387106
9.819173234111902 1.8629450411565935 5.961313169335787 8.430236215512323 3.130819551479262 0.6966710168278469 8.633357283864953
1.849767925566939 6.51144080270581 5.658466636251767 0.15209856815685008 6.606579962432519 4.436997375098755 0.9536223770593342
1.1103714876948785 6.429496965948375 2.0929929960852003 9.984660584627338 1.2168853960854196 8.994611601728156 6.029415564327365
#
