#
9.108943013022408 6.147709891665194 0.5633677234205807 6.798951090976818 0.6363191223205806 9.481496889687026 8.584194715026346 3.338932933958464
1.0240966733717576 5.178976690775942 5.570917088682977 2.6297766278683614 5.007941303438959 2.06939717715592 7.886881236391347 0.12225610592222136
5.497194823121465 7.179160113918865 9.407521797636878 0.2611266923162914 3.0166557845349082 7.026447486452863 5.040438064627917 3.3539760074587477
6.691769627072329 5.26506891728264 2.857036654722652 1.5272057277330204 6.45902041986329 1.4050935809628786 6.7041839458873 6.726149659202469
2.0378566756583414 5.789826018162962 5.434678004562081 1.3582452417603328 5.946473977457842 6.182599089628225 7.485490899587862 2.6628183334630022
1.2195891908066319 6.511884545060314 1.5657568195172948 6.456042514067619 2.5718720458266024 8.898231700935455 2.5071369603642113 9.898150922997889
4.894860572471484 0.2562325975406523 8.195673694821464 7.598566554893871 0.3052818883106294 0.9253411670856506 9.609868841445975 4.089322141241124
2.0131997276943174 2.4014343187798355 9.133913043091052 9.659240849318273 3.9421498333784166 0.7746584492327315 3.058983698605789 1.1535736971310273
7.933927625507099 2.627248044888779 0.8124729800183488 1.361831371768338 9.943677393531818 7.793464957164476 1.0953529465583505 5.04258074059444
3.7393008315445155 3.7024292742955565 7.864301190551906 9.774342297465619 1.0345982146413526 7.765774476275727 5.791949433354183 4.939804070324126
7.078865868535095 6.920102882029047 3.6296277088298523 0.9834554048332977 6.612237865888103 6.0251268193999135 8.260416997692179 6.289696590751339
5.108596305725769 9.66709535245716 3.199588496994597 5.424107234220511 3.019215805728271 2.5747954585647195 7.835699324166798 6.576489694050162
9.262642112121135 0.8829763334554093 5.941770943764544 6.892493600198648 7.447620080131483 9.615074121292 9.32109449679756 2.1397512618894106
4.626889794454185 8.520210813630888 8.43886159683784 1.9697078805462707 8.67849256427225 0.3845690288894268 3.538111683956373 8.387099411114376
3.0453914321715456 5.7008591025022 0.13896293837785745 3.0937785289119413 2.805741282332628 1.3944304045393197 9.92655302222738 0.6722294802130726
5.773770566872267 7.537591292170712 3.3158373373713896 0.4165681009568658 0.49218390403366197 6.966203022169928 6.823405365150749 2.5470633005483685
9.133215602949079 2.5962922079596416 4.943966465395402 6.713506543767524 9.672080004686043 0.32651532336057 8.514398215446715 1.2950742160773538
9.537586586221025 7.251377192302927 9.614515581858464 9.106546920481264 1.1504398887745193 7.798577335348487 7.523263988358263 8.91496016373042
5.468586451960398 8.824421957431925 9.150436347280731 1.8251905516197877 6.210282053835756 8.398534081165803 4.880391339149883 9.858793112218564
8.310288697751307 2.5624468375259184 8.262230398764888 6.064798330030124 5.347576855495007 5.220656593626052 1.0723408771032323 8.603273310501425
#
2.968429647576629 4.42238860257724 1.928158066300246 5.779929398007209 6.0941545890747 1.950308709335585 4.063390946391362 2.3322773294947754
2.367087603457525 6.8995028236064835 5.882284555568426 6.6868832333797785 1.3425820708723228 7.528272280906856 8.541899228024274 6.26665951409765
9.174259326263392 3.923840060009118 9.166501880743658 7.2504001090304 3.7353089920676563 9.726820296742213 7.974765581689953 7.928062292998206
4.691635436923623 5.892173020551487 4.095104057259183 0.7445080013001588 3.7163872995335576 3.009307164875629 4.340083103042581 2.885870003079965
9.327992537403013 4.038844575008573 7.375963048666241 9.039828254070558 1.405684072630406 9.843807500645939 4.539948079243755 9.861876689505735
7.976416651491638 5.639670851009355 4.070793948467074 2.384411668156835 5.380747923611372 6.244334166425824 5.87134544479692 1.3551485696353827
9.940059751549285 0.9973556938458588 9.530721422163937 5.637867829456894 0.44457162937488626 5.939988107301757 7.191407668902866 0.37270443740363746
8.648039943910678 4.206227062725515 6.681622575347224 9.218728952801026 7.101598928741086 2.8117303623263092 1.1855440693524533 5.495535994611107
9.692977807587706 3.268876102734095 9.350768653140582 3.904893954972479 3.9013379677551185 5.495988355448001 1.5538622212372397 8.106919168624309
6.134612368532599 3.733320542909978 8.947213145647481 9.253245294793334 0.4087111314429688 3.011268746680875 8.015941532670041 3.5132473668696464
3.333619474755511 7.964720282916613 5.6260895680114835 9.893114647465552 6.249749950226338 5.122300540975365 6.706388078386985 0.5378121690097757
5.22561616720064 7.6867474691096564 3.8118632923257216 3.0767211047063396 0.9622269993443568 9.329835147731899 0.9470891501980567 5.854128151085257
5.8724681732762765 1.6364369959073222 3.1049561312317278 7.76652321471286 4.766970843127223 3.447532332990675 3.0993427032021206 2.146017474843193
5.6170113095238365 2.6562646518243156 9.723963524534824 2.8637962233540124 4.3848658093798125 8.732809478855415 6.12321532798773 2.6089465949588795
0.13862277455362992 8.431714341715377 2.32928945677804 7.558415405780174 9.697445977839513 0.21182373602916993 8.058464912722927 7.0882966204169895
6.579516634608041 9.154297660199063 4.18947272604319 0.5163381978558226 1.0409724502104734 1.6952186577825845 3.7667966762596734 1.900725028861948
9.451058154786253 0.7951434086182019 1.4357166877681657 6.601132122671961 4.32653606808198 2.8180357237970535 0.815171652977627 4.819861923267567
6.461837365876845 9.122488328435573 6.845547260622388 1.3945831123377617 2.351590846036931 0.46970421430182263 7.61356914526866 4.416366574579469
6.783184968524888 9.358247312998458 2.9294734848149755 0.38118208517115093 2.185938667910159 4.9966737291418655 2.6436484936377145 0.4734098874319832
1.8092865219244931 3.988517312435088 8.676556591276675 4.013439988103564 7.49412058669704 8.436861530362364 6.7522307451121115 7.995734455377267
#
7.47502381150262 6.019385338101858 1.1843665689077145 1.91453536433739 7.302983138932144 3.4823365470469776 0.4737616386087051 9.889798262817738
0.2566512750710013 7.721939473383115 4.12012857808036 2.782756831667562 6.54903163327813 4.516765322807888 4.235231390801545 9.55918696716176
6.030534139154603 5.477517716802544 4.431767579024138 1.3133680732602642 7.658899949283549 7.5999212102149425 5.630323266675771 4.596562124799602
4.712776053292392 5.424298871558695 7.857410171047647 2.4605508152652877 2.5160385733856905 2.532974995389342 6.602507444832592 1.9900026432331654
6.82401850828296 2.3117067500161252 3.8395674673583278 6.791484193653214 9.222938877454247 0.7399303078627977 2.4605200939137766 3.0504212075379726
0.5494009390937631 7.837074978250795 1.5885129968026912 5.988480714182016 3.83079997212179 3.747510564140396 3.0714731588776853 3.6538808812396324
0.8281101732929486 3.4888088360053504 9.077488827735067 3.470871932436915 6.766014605089094 2.458627282480855 0.7539717910820549 1.4383601185372932
2.3777593430429134 4.130835868041226 1.2056077949366544 4.0163271128587255 1.1517204952197426 6.459897522747027 8.163942720022504 1.6449731543881287
1.7659255032930345 0.8417407077252257 2.523996903997379 4.593066759696944 6.890988689624003 8.370225897808613 8.734975984153564 3.052980500343949
2.777322875062777 2.3208089876619185 4.223456764377993 5.006487981592419 1.2739429212231053 1.9924906508863178 8.705115137052516 3.2970946206820884
4.664180179060013 2.2852317240869695 0.41320465464685174 6.277400471229898 3.0264760461813944 0.7289107702157711 2.645183966517258 6.002166712086686
3.0284833665654256 1.8706409218070652 6.245922405900416 0.667312187682211 6.127691293828583 4.874923680798365 2.7574339209607412 8.593815324768382
2.416747199875942 2.4628463419417024 4.761244547323147 2.0233862437245866 4.888405296890625 6.108285302053738 4.7275916094606725 7.828109645163201
0.6499083668691821 3.8360325734098515 1.244870011786667 7.5185126736454 6.559905191489939 9.825688253593558 7.638332043632011 4.24778124499083
0.7946682580152213 4.678924984840892 5.581898953027999 2.118632573207987 4.0769873595626525 2.9482845500573243 6.421194543752632 1.693096171515783
9.37041355367294 8.498189417866103 2.9177982994047453 2.5858649875586535 6.640088619662004 8.963594462702423 8.93463339530505 0.864120951833697
1.9441399089745568 4.988611801559713 3.438696645942678 4.993034659662059 3.4809814906518395 7.848244614409806 2.2942076533670086 7.345544789288088
9.884991705914725 5.546661952393284 7.430717915385197 9.394336374742988 0.3989756001506404 5.248703433433246 4.298986456391631 5.101329956960708
6.7956323137147425 6.686893735066264 4.3701884485828195 3.331699673803919 3.5723972216533486 9.65021334514027 1.1031717195299384 7.560135257479301
8.199134092719557 2.600258397136409 6.581772745384781 3.265483490963346 0.34783633316350926 8.952862303844388 1.0602676671720728 5.066826797397068
#
2.9557939450968505 4.1004387756927025 8.828153343097808 3.8509194147309564 5.264593711359098 8.100617253163508 7.389638332822276 2.197794527967412
5.808106605326316 0.4609972720292852 3.9809043526954255 6.092847580891766 0.14763929990530844 4.470512698455833 1.9070513222499401 1.8595819797854825
4.990575444055855 3.266947840041701 1.4552833373670655 1.7677385355620032 5.474484372889735 1.154631361715642 1.370851451466058 5.722582046145709
1.1999606536351979 6.359661389307506 8.558701917181885 8.080540130783465 7.3198531970078715 4.4256097874547375 5.269488184158571 9.377432939928823
9.798505389561996 3.5509400011042453 0.6504181665835009 9.391747628348355 1.5811028261042899 4.344107203626565 5.2521357307914025 6.3416006345282305
1.4236699118450442 8.2228023838887 4.949701492628013 1.811501504169195 2.2687759547770896 9.430732460990718 3.985278683140706 2.2786631496922722
6.252362194029233 1.1500794660998688 9.478191147332124 3.5525332862750005 4.019150040407933 6.29652589094977 5.176642140053827 3.643184899723433
8.971167531707597 1.249322763737133 5.361401108701574 9.762490277577307 3.486409426535575 8.763034669475871 0.5018255678591839 4.335481785420673
5.428366212076127 2.383328657535214 3.699627732753201 6.074710082664319 9.167509588556715 6.559960406019808 8.670014257268052 8.40137142894123
6.675996151595841 5.258180467879441 1.40653369272047 9.32061233431348 4.3127502695803415 9.292116478258306 6.345934438052572 5.199982055288269
9.198251286509507 4.471391714508969 0.4335803282641759 9.371699915761525 1.7980868490059128 4.292532916493372 1.9705853937241677 4.976613327401367
9.803905868007314 1.0227604835929256 0.30959280525790334 0.6827717673808262 9.522915130893914 8.645170609325909 7.194136692104893 7.3559800035101315
0.7480940506323455 8.993315952700403 2.8965758685363863 8.88698216114123 2.002517945122094 6.2111602631307115 9.06378840499413 3.5238049132921274
9.730467885588405 2.6008618960508287 5.585728004839208 9.409823096091818 6.496258909172904 1.742858127107112 6.799290321266579 3.8373445143428033
2.3257151607600304 3.4008226017586005 0.22581927091251508 8.20049500156904 4.74930865454937 5.956651483151748 1.1296823373249918 8.886388903445654
0.8672854884567869 9.836575526694435 7.2909003631539875 0.973781099571795 3.295866296777005 6.88068313066165 3.8091876050595164 6.274075060110556
8.44345843349431 9.363138710896749 8.296398481690883 8.97646176010055 5.0107935923758875 2.4358571160086093 1.0846091749925648 9.122552341239656
6.112565571410247 2.3009691328627446 9.901447348448318 2.864367488821588 6.875875458127324 6.55892319390758 4.253693390219401 8.442416281716994
2.672614152641644 0.7684178612237833 5.481715934242056 3.0027442032128437 5.252829568181846 8.076470063423383 5.271400922518549 3.451196845318469
3.986901322784112 4.621631990040567 7.626169262797611 1.937816566016482 9.983303048027052 8.711561556733578 2.1833666329349777 4.3900119469361405
#
1.7588650392156242 9.972895687707442 3.7255832156342414 6.488264235257699 7.339403437145381 8.700038124842113 8.01972462462022 0.952346108668098
5.511470250077888 1.0265141841900798 5.78049745488225 3.4247315027925023 5.075882736343397 9.36252391506278 1.677028362994787 2.189221998522808
8.759663644249008 1.512646305761916 0.4025112662819472 0.47707868249320384 3.4127987056651143 9.230637434236854 4.05574345279153 8.869927106499656
1.542167602174954 4.869328568484478 1.8587171534562286 0.39283108090582086 0.14310624785560755 5.994785402585935 6.880866580556814 2.0207515420789712
7.846819847192807 9.212442693058971 2.3813262007504994 9.500071381160542 0.9741835589576935 3.8643317510407256 8.8832373487142 0.39895450918678055
0.41752401719976273 3.621143957360448 6.086572830131411 8.125748201523848 0.8637930046333446 3.99988920517496 5.840785984297 6.546314460201263
8.476943685516469 1.9730877985533062 9.672645479934907 9.816330801454916 7.626310053625216 6.115449439167382 4.481583522872902 8.38257977199568
5.078713374195786 6.923027728491702 8.696475533732789 4.627173655777511 1.4055925055769252 9.525442310114261 5.5014522059009066 4.379780127976504
9.09735679229427 8.748157338681201 7.242699362475587 5.237771518944709 2.184245570617319 7.258885974206237 0.759543583474481 5.830495622353744
0.16015625910604214 6.531772418106387 0.6107018693491586 8.140568243267612 6.117879295690888 8.18103485096503 0.9598142921947437 6.576625432266534
5.570983793754359 2.7059573783436686 4.0583207201697675 1.487275556600018 6.251215018471986 7.679905631889102 1.6113385138011855 0.4708656256834196
2.2876573624177032 3.3182619407466287 0.47843592174547567 7.24567180767089 5.173206913010964 9.595775400694873 0.9755357502087794 2.2377638453123536
0.9437764028771252 3.4257291053830943 8.311412848430084 9.765044181238638 2.9332513766324264 2.9422609385084963 1.9368723800375292 0.4720657983380514
6.013738964373185 6.5836549813704695 9.299071582022373 1.731111896266488 7.819295106704649 4.264048661620833 3.8114949542008096 5.102349173755466
5.926174793736118 0.841524155389406 3.849823710345622 2.362452178404771 9.983464533354496 9.263162468842502 5.626859982888415 0.11184408945540003
0.26529070781899833 9.295259400677228 4.4929890482088055 1.8375147209706513 2.693631777573291 6.098964887030647 3.0733299958108296 4.344442573002176
9.457284108201806 4.567111302171161 7.238063250525869 6.8567988887677895 0.20509302168038968 8.54453149095516 6.102365317440677 3.203095850523816
3.8815523593759984 5.874825739656767 2.014313053983336 6.125330221507542 3.3421279522106344 5.723400990984729 5.27714508686381 7.414971270380768
9.91943534285981 8.015173148518702 9.588249257355521 5.457473906620283 5.88144554780597 3.3712861405967933 4.185547610077902 6.849564895615812
3.215423555780533 3.7230594593736015 7.684268328881419 3.0219336011614493 6.6801782292616965 9.883902743722755 0.2378691240418389 1.5661284376904665
#
1.9960100827380103 9.382963578433955 4.424759434367241 5.878406923084614 2.600498539081425 9.905014554214436 8.250268629798729 2.4187566408814756
2.0814398017319475 3.2149953585036553 4.894258145392932 3.9987733364451614 8.019362480093111 1.3830730288366486 5.304905280879444 9.572611665311879
3.8144378812668 1.516677653339383 5.741124248851818 7.9283649218218315 1.9827704088140208 0.5415980154628857 6.248237764997929 8.483298708715779
8.23759394476367 5.267916202013827 8.962681270067739 8.609285387713296 0.28534425903003235 8.918486734239497 1.925557472085477 0.14254772455723597
8.86148873402539 5.321191292132994 4.0108244619473865 8.999288671638185 3.17530055330724 3.305667099416178 7.767007315721598 7.707542940498689
2.549716668273256 4.863004534019391 4.392395338798499 4.527886742487989 2.688871169006189 7.232740631160032 8.972343439381184 0.6001671887585349
0.9213931714583632 8.59999798523495 7.165707681727527 7.011855298574514 8.652712426824195 6.894494632478919 4.925646423146977 0.9408185046843291
2.682985416295236 9.014053881485959 1.2095292021193371 3.712490424714631 3.4680214275880763 5.7936170509186615 4.140008215277923 5.068601884371275
7.429787096236783 5.165768800819238 7.977367307671198 7.67679247423699 3.8760837190845243 2.5095522998505158 7.236406309829654 9.007789323538958
0.6280144711672353 9.494955536221376 3.853173259669722 4.606729781128636 6.6503387312871265 5.863420290386635 2.687635402180635 7.995744088069942
9.91765693895697 4.007582946763742 4.938558292782064 7.425836894702128 9.791172593888168 9.0320696030236 0.3130806974747866 3.2890071350007797
8.304737864936408 3.0806651679637524 5.190971599063131 4.4884217803921596 8.121181798090968 0.89434735720147 8.406361106121064 3.172627090388589
4.672679074532976 1.2584800983566042 8.486616165199461 9.409006394040539 0.6915589867023648 1.5614443121038941 8.170364618864927 8.665666612078358
5.381155700686191 1.9335131864956372 0.4021094661327327 1.5740809227628816 4.496831273228589 8.808098641680111 4.239454998073507 8.86181127364091
1.531475684414961 3.025755890034082 4.024611654988167 3.101662485639486 4.457366052970142 8.65876073439344 4.699279592849612 2.019165766674365
4.161040820556469 0.6086512076106505 7.629015664704847 9.086781294349763 5.695130799022766 0.5345277988315855 7.534948947067594 3.4201853489899507
9.330046032015245 9.096713098382278 7.869248519842338 6.854134014366226 5.891912506809903 9.012297543571865 3.6030723021256437 0.40561087270165075
7.0297914783656115 0.6537033250796842 7.383096690320665 3.2207327299450363 7.555550944014813 0.37000158313196163 7.088585276188931 6.260225004472357
6.631624896540685 9.705946943223465 1.2150611060822984 9.519743492493813 4.8364115646543 1.3386124172454257 2.7671181516528867 7.221759061858002
2.704736435123425 7.6119446523864625 3.567244224347464 6.772459194581597 5.719617590161417 2.9791135622954723 6.318842092288854 3.7289853264063093
#
0.12455701482821091 0.9966743658172597 5.8248956717957965 4.431714918460164 8.692718165843448 9.774168270506003 9.977370127622823 7.937110003011094
1.5278357782116703 2.3922615474188373 7.929861548142476 1.0524495027266552 1.051139147649784 0.4517620068746062 2.111994511578696 6.914998064321698
9.225497534073773 8.394337779200715 4.3847071131306485 5.602411199280157 0.22398829403659004 8.696938202634207 0.5619740163935285 7.001677013782709
2.6073261773580043 3.215259239884386 2.7589446471093555 9.795178694544635 0.10412271755144964 9.836633073907958 6.976153540687205 8.188204948869116
4.64457319846716 3.8805487037940294 8.239444329936394 1.087031835233101 3.299868743971425 6.45726114534942 2.8967701382112616 6.304349965475115
1.4775298532395458 5.120643111614195 0.9409056691431683 0.6613694547934843 0.710157360523044 7.505795615365681 7.904311530397812 7.76321050888235
8.842442650904982 5.334376754212281 7.591119188033305 3.3323367868741824 8.939737719737398 9.773520692629628 0.13235356276443966 5.7639560862244
1.3706801052486242 9.761752877550142 9.374971410079155 4.2284222180672035 5.689419412109865 0.4324910110986071 2.501259238354689 2.0027727262705497
3.135605870277063 5.820823569100076 4.899897368939103 5.979272655218205 3.1236286253839793 3.711130702952186 3.0867542606165523 8.227614440577481
1.6334341543688047 5.038270277736771 2.5693669994406787 8.4576841226564 1.9231803222264112 4.362319986222386 0.2837383492462653 6.178901034600311
0.8909888528615673 0.9020291103636913 1.0960710143544872 9.761037064066864 6.639446029856206 2.762994146745883 5.6702602491528395 7.775927481876204
7.2449856298731135 3.5540179356941994 3.82001614846988 1.0286767432882158 3.9826290449436352 8.724109857337108 9.592500126138912 4.332919373918073
0.5615689454161483 2.4260419208034967 7.12574759369617 0.6035746448798038 7.73211660335821 6.057218581067216 1.5490652002159186 9.116177296607331
4.259522462405618 6.762652873716469 3.703901997523825 8.764667750875155 6.3734623110674935 1.5254560213711703 3.5901321406336804 1.4332259394422229
6.603321675898815 2.345793290435288 2.2501694350038113 3.9726763020788027 3.3966099387376123 5.097462090860927 7.049546063435158 4.886116984937367
8.911273507043084 6.769461412569383 9.347346099116223 1.7430890835339872 3.6383825310478874 0.10956157463592486 9.914905557028229 6.62215379522465
9.206558475493583 9.450165204866828 4.721616809086784 6.6857911870665365 4.953744524368957 4.419232539220069 9.617586797305286 7.559818093178286
9.81100786169083 2.9703494692734322 2.9411292573183605 1.6008898013622703 9.309818506860132 0.5005343329511893 7.43259208378908 6.575351353647502
1.659028382461757 4.491743994444083 0.5755915643241236 7.580198913912801 5.609886830337319 3.9519064902099563 3.905962863461106 6.216388491789435
4.26666785737422 2.6788464702267305 6.3925298355153135 4.210433638179776 0.31133978708212684 0.1046677587681133 9.351202525385006 4.951360079110916
#
1.6906990647643565 3.3621313276728917 3.977846824477391 6.071309048338167 0.5404439893761745 9.243779700178136 9.466361285633493 5.372034580288928
7.547228705533135 3.8336951275783813 9.257555700025417 6.0213636082763236 5.961420634135469 3.3783354207007994 5.97283338802467 5.443137507185605
6.494857178359492 1.863383350571008 1.8702681787824877 3.90810015489303 1.5001448478433637 6.459865284690136 1.2417717030951216 1.9733075986670578
8.76601014808193 0.11653428877855898 2.55935593487447 3.4500563842943066 1.2774248895299207 4.1880597974262335 2.6551782067178693 4.350183510314716
0.28266082688529437 7.277394509740964 6.62686824339369 0.1255908662163625 4.280790389825308 9.019946005281515 0.31804913616926545 6.852328676265275
7.632883952623905 9.967076158317987 7.1243845872754195 5.826304847834702 7.624594085890473 2.0078478276165774 6.407365369321165 2.228317165718953
7.837601653041226 3.889945864570314 5.447831014217304 6.5801436401508155 8.577690503799285 4.306233758748563 8.60182089452907 6.182296230302261
6.469236327246585 5.682695751132606 3.343293201456147 2.1454438813020107 4.967254171850452 7.392385840006728 6.669237767746495 1.4654020119494295
5.252259863215094 5.184601616262133 4.343915031522958 4.100134408881453 1.0822569608763453 3.3625253921636666 5.276762748026933 3.717100243262737
6.101779168437184 4.738425509745354 7.488629822791236 5.184844231497227 7.710740141607993 6.6754375384015585 4.941622556278394 1.1817366962860651
1.293237624164493 1.7017298601455355 2.3894068105470865 8.254618566181655 1.8921638770127114 9.246730307582006 4.96045058879779 9.608339702770659
0.15814070978857053 2.087819903585552 5.720866431079541 1.2639614370218384 1.9734088514287507 2.0501477748388766 7.296883431646712 6.385511228357328
5.860537676562215 2.867036680531929 3.049232108215622 7.630522331707301 8.878823143669596 0.2324939731933391 9.584956199544239 3.158773494234488
8.308343553067731 5.993055796027895 0.1035545730855203 3.019425175611261 2.29243733548616 6.798921047302177 6.4865779078185035 0.29614811794509777
5.204866326054294 8.471595759299024 8.368046862403407 4.612886544657612 4.586681148837479 1.8889612060829437 5.534278802104359 9.301084482867989
8.004518325499845 5.281760264591258 9.726234703249354 2.530010451814162 4.299021626438252 3.740958440697509 2.6193312623233838 4.976985385834003
5.042744802938016 9.969705307162299 5.653905628878601 4.668057908354806 2.254138943414236 2.157443925181274 6.2486992675575195 1.402183272282635
1.4465646625255615 3.1982358585689763 7.478821042466169 4.025051250605623 7.447669101063551 0.4281865804871039 3.2239868720467166 3.513113938286694
9.8655648974738 2.170089161237722 2.1344679109017517 7.030541761168405 6.702958185168207 4.16145434635958 1.248716558725274 6.255813950394702
5.980452539057111 6.597786713169838 1.5436453180838479 8.91696968310675 9.055922602630668 6.232606991213422 2.0186986721280724 5.406043238578374
#
0.41050165976874986 6.428581546661114 1.294029037804349 8.64207763676347 5.902412280126571 0.30994862019083147 8.05728000393307 0.733451154544821
5.60538940011882 9.196971440721995 2.114935926549354 6.028574440553452 8.019859051278294 9.384121149646612 9.692669001301441 4.427577802580217
5.687878660726798 3.487398608875786 9.37855717819849 6.835052166503168 9.720713895668908 6.2440497495918645 0.8265574173481562 4.419226654495398
7.5234017711303665 3.510125669105939 5.229221664015022 1.731474322006449 0.44515702463573614 8.545392073736384 3.308080783895701 4.93444855827476
1.086919419243214 5.712850988903747 2.290219688634439 5.38384134104332 3.1585351525127265 5.219526940856484 1.3388457478463751 0.5315223065161891
3.446910214097451 6.744797427369002 6.166381332421764 4.40148002369131 7.9409706935731155 8.151320430473731 1.7683227552609333 1.314055332114001
4.091375126443192 8.841384781173288 6.408796350881177 8.479977236881382 1.4274958265194422 8.591290579652714 3.763483908193531 8.206599447982526
8.225311669212605 5.049501697742264 9.53004674412777 4.367773321158666 3.7564815214850196 2.36502365786932 8.262671663219265 6.940088494981194
1.6012320881130244 8.18891800554444 9.853139113472574 1.5310220097147442 3.4795861447531697 3.323243707086249 2.587736673452364 3.7676656562410447
1.18907820494824 3.111859607082293 8.843701401118585 5.879740473611685 4.320944498589016 9.11346621801226 8.535184766395293 5.034248986976279
5.53046726616576 9.82098380461591 7.550729593471794 4.797160308190426 1.5020523514952626 2.4068530115198463 7.409200086551532 3.095671096012385
0.6431083197223737 2.717068833407729 5.6678896063747555 9.428654913459592 7.370789264659582 1.4164766069656411 6.560126983143885 4.044682574550315
9.489928990192695 3.0740475357566135 9.382015725162816 9.767541330614486 7.679334099038815 9.535763905124218 3.6810350016297386 5.837003014513059
0.7795251303653981 7.529293092777788 0.5798091485700123 5.660100312347081 5.823273338720499 6.125215399073254 1.2403932691529373 6.835538457284108
1.5914701320327511 1.318415228502921 2.484152465903701 5.5527027847717285 2.244536036251703 0.7122538945316927 9.048748012236029 5.922304700983759
1.17163393789009 1.8522375760139513 2.21752397675708 2.5347790680324604 6.009316283757639 2.1236809985185228 6.708751137638174 6.0860124351540605
4.360469292176531 3.06745501677912 0.17034772171646928 9.589290766031317 4.880794732070247 9.900964144093674 6.782029960498221 8.999419935804191
7.557857972757858 1.4591098743977744 2.61251119374356 0.1010382874056317 9.579995150754693 6.354956419394574 6.43474613574444 9.201506956841682
3.3968979928984533 6.537547663386806 6.409900749814673 2.1722996325516837 7.247875864104804 6.120613956980084 8.653854699596728 6.668234480968265
3.1509159023642805 9.140349447445558 6.532840870200387 7.547803451586003 3.03224099031236 0.26114729231017275 0.6004823361640979 9.992099844720704
#
9.882032980218536 6.247813417110083 1.6964324047198591 6.868352046240669 5.9148226642666435 8.937991763648576 8.464752520624257 7.61779948320887
5.927751602599805 2.9523884136700973 2.8875520869711298 3.064305727885641 8.986165030285754 7.593671385977341 4.698290541895733 5.170284832576356
1.372285217494304 3.9534098886892686 7.618488477745207 7.846925599360123 7.548819528938928 2.494263132834868 1.814596843990636 8.754081984051522
5.234757140764211 7.95786513418608 0.3680563370273573 1.3673835069214415 2.946186593849255 3.531202507783007 1.9773047005122768 5.865942470011288
6.739784275831139 3.539251308257051 0.761657734776767 0.6631705032459383 7.188949495167227 4.770392760965133 0.5479320053239194 5.004185205617497
7.543823851783253 4.724533230689013 4.788970809089712 6.389865320697395 5.316471452514285 0.6951424774586084 5.371840061671529 6.648191735706803
9.059365881120172 3.686959056914076 5.01001108304132 2.0959178125825515 6.084638650444019 7.882167440543922 4.862180610329886 7.848048523766465
4.057558137762257 3.7803334215959374 3.0436023444853726 6.197548662160418 8.717843729669191 4.198258115176172 8.734197344953241 6.128603214090365
4.438906990152064 7.151511517609821 1.2018140606935628 6.964268494424007 7.643813264741054 7.65603265925451 5.862995783452177 7.541160881330995
5.294071094771864 6.221397132396557 3.498266851703698 6.816081826450787 6.58687462418733 8.933068005527153 6.5941466525299814 4.431154074003257
4.165359982572347 8.117289648569955 8.448120684409076 0.4615510147091815 4.391408940926522 6.356711491850836 6.150891538476779 6.888408234398441
3.1710152589997778 9.343747118602913 0.18175915021723021 4.035455093459564 9.312141237422392 4.031486267336058 6.454934987217405 8.494883915233633
8.084004006961827 2.999342576495684 6.199153267300956 7.993952043038782 4.805980067526916 8.004907199077985 2.343000798414694 5.649260068638078
8.694319401039817 6.605627236341971 2.8283409992415316 5.588529855254695 2.3948474424995587 0.8030680812786022 2.802114046842817 8.148878094553686
9.189973991373549 8.123016744217141 9.049770492943882 6.0240050866906545 2.3373743331728907 0.9937204875852261 3.6968464177909413 3.133285778966566
5.618944719333421 3.8915606556091364 0.2695272070866839 3.735688408134898 7.865922935846244 6.965611850520506 4.0891607273694035 6.8090489396730085
7.08325986543979 9.333421837860584 5.190099873798922 3.660389312964489 1.137436627267728 2.020626093486935 6.036111389842376 1.6412360914496786
3.183638825531499 8.084848500679911 4.652438636636929 8.000172646495088 0.15723572764714078 2.982447036386571 5.583968661174636 2.796648983947618
0.39971858294441276 6.343393553163249 2.476281848346414 1.8461775796711852 3.459871874542411 4.252593707363725 1.0574927394295788 7.088627193038963
5.146043210638697 1.2568438936506494 0.18876604785648254 8.275470379256985 9.686984862069828 4.116037899201279 3.3202852764330535 2.963061423323364
#
